//--- OBJECT WRITE BEGIN ---
$ThisPrefab = new SimGroup() {
   canSave = "1";
   canSaveDynamicFields = "1";
      groupPosition = "0.000000 0.000000 0.000000";

   new TSStatic() {
      shapeName = "levels/west_coast_usa/art/shapes/objects/construction_sign_big_b.DAE";
      playAmbient = "1";
      meshCulling = "0";
      originSort = "0";
      useInstanceRenderData = "0";
      instanceColor = "White";
      collisionType = "Collision Mesh";
      decalType = "Collision Mesh";
      prebuildCollisionData = "0";
      renderNormals = "0";
      forceDetail = "-1";
      position = "-894.929382 -524.075073 104.457397";
      scale = "1 1 1";
      rotationMatrix = "-0.959324539 0.282308429 0 -0.282308429 -0.959324539 0 0 0 1";
      mode = "Ignore";
      canSave = "1";
      canSaveDynamicFields = "1";
   };
   new TSStatic() {
      shapeName = "levels/west_coast_usa/art/shapes/objects/construction_sign_big_c.DAE";
      playAmbient = "1";
      meshCulling = "0";
      originSort = "0";
      useInstanceRenderData = "0";
      instanceColor = "White";
      collisionType = "Collision Mesh";
      decalType = "Collision Mesh";
      prebuildCollisionData = "0";
      renderNormals = "0";
      forceDetail = "-1";
      position = "-938.478088 -445.009857 100.331596";
      scale = "1 1 1";
      rotationMatrix = "-0.595488131 0.798718154 0.0862754732 -0.801707566 -0.597716689 0 0.0515682809 -0.0691676959 0.996271431";
      mode = "Ignore";
      canSave = "1";
      canSaveDynamicFields = "1";
   };
   new TSStatic() {
      shapeName = "levels/west_coast_usa/art/shapes/objects/construction_sign_big_a.DAE";
      playAmbient = "1";
      meshCulling = "0";
      originSort = "0";
      useInstanceRenderData = "0";
      instanceColor = "White";
      collisionType = "Collision Mesh";
      decalType = "Collision Mesh";
      prebuildCollisionData = "0";
      renderNormals = "0";
      forceDetail = "-1";
      position = "-940.596985 -442.115204 100.453972";
      scale = "1 1 1";
      rotationMatrix = "-0.584648788 0.810117602 0.0435411185 -0.810886681 -0.585203826 0 0.0254804324 -0.0353069156 0.999051571";
      mode = "Ignore";
      canSave = "1";
      canSaveDynamicFields = "1";
   };
   new TSStatic() {
      shapeName = "levels/west_coast_usa/art/shapes/objects/construction_sign_big_a.DAE";
      playAmbient = "1";
      meshCulling = "0";
      originSort = "0";
      useInstanceRenderData = "0";
      instanceColor = "White";
      collisionType = "Collision Mesh";
      decalType = "Collision Mesh";
      prebuildCollisionData = "0";
      renderNormals = "0";
      forceDetail = "-1";
      position = "-1011.7182 -490.167694 99.4092865";
      scale = "1 1 1";
      rotationMatrix = "-0.356785595 0.932477117 0.056487672 -0.933968127 -0.357356101 0 0.0201862305 -0.0527577177 0.998403609";
      mode = "Ignore";
      canSave = "1";
      canSaveDynamicFields = "1";
   };
   new TSStatic() {
      shapeName = "levels/west_coast_usa/art/shapes/objects/construction_sign_big_a.DAE";
      playAmbient = "1";
      meshCulling = "0";
      originSort = "0";
      useInstanceRenderData = "0";
      instanceColor = "White";
      collisionType = "Collision Mesh";
      decalType = "Collision Mesh";
      prebuildCollisionData = "0";
      renderNormals = "0";
      forceDetail = "-1";
      position = "-1009.61774 -495.65741 99.0767288";
      scale = "1 1 1";
      rotationMatrix = "-0.356785595 0.932477117 0.056487672 -0.933968127 -0.357356101 0 0.0201862305 -0.0527577177 0.998403609";
      mode = "Ignore";
      canSave = "1";
      canSaveDynamicFields = "1";
   };
   new TSStatic() {
      shapeName = "levels/west_coast_usa/art/shapes/objects/construction_sign_big_b.DAE";
      playAmbient = "1";
      meshCulling = "0";
      originSort = "0";
      useInstanceRenderData = "0";
      instanceColor = "White";
      collisionType = "Collision Mesh";
      decalType = "Collision Mesh";
      prebuildCollisionData = "0";
      renderNormals = "0";
      forceDetail = "-1";
      position = "-1011.84747 -493.565582 99.2260666";
      scale = "1 1 1";
      rotationMatrix = "-0.349848419 0.936248481 0.0323051102 -0.936737418 -0.350031078 0 0.0113077927 -0.0302614067 0.999478042";
      mode = "Ignore";
      canSave = "1";
      canSaveDynamicFields = "1";
   };
   new TSStatic() {
      shapeName = "levels/west_coast_usa/art/shapes/objects/construction_sign_small_a.DAE";
      playAmbient = "1";
      meshCulling = "0";
      originSort = "0";
      useInstanceRenderData = "0";
      instanceColor = "White";
      collisionType = "Collision Mesh";
      decalType = "Collision Mesh";
      prebuildCollisionData = "0";
      renderNormals = "0";
      forceDetail = "-1";
      position = "-1008.91766 -502.915985 101.183418";
      scale = "1 1 1";
      rotationMatrix = "-0.934363842 0.356319368 0 -0.356319368 -0.934363842 0 0 0 1";
      mode = "Ignore";
      canSave = "1";
      canSaveDynamicFields = "1";
   };
   new TSStatic() {
      shapeName = "levels/west_coast_usa/art/shapes/objects/construction_sign_small_b.DAE";
      playAmbient = "1";
      meshCulling = "0";
      originSort = "0";
      useInstanceRenderData = "0";
      instanceColor = "White";
      collisionType = "Collision Mesh";
      decalType = "Collision Mesh";
      prebuildCollisionData = "0";
      renderNormals = "0";
      forceDetail = "-1";
      position = "-942.287048 -553.178101 104.45121";
      scale = "1 1 1";
      rotationMatrix = "-0.50458473 0.863362551 0 -0.863362551 -0.50458473 0 0 0 1";
      mode = "Ignore";
      canSave = "1";
      canSaveDynamicFields = "1";
   };
   new TSStatic() {
      shapeName = "levels/west_coast_usa/art/shapes/objects/construction_sign_small_a.DAE";
      playAmbient = "1";
      meshCulling = "0";
      originSort = "0";
      useInstanceRenderData = "0";
      instanceColor = "White";
      collisionType = "Collision Mesh";
      decalType = "Collision Mesh";
      prebuildCollisionData = "0";
      renderNormals = "0";
      forceDetail = "-1";
      position = "-948.117676 -553.992859 105.480827";
      scale = "1 1 1";
      rotationMatrix = "-0.500208616 0.865904808 0 -0.865904808 -0.500208616 0 0 0 1";
      mode = "Ignore";
      canSave = "1";
      canSaveDynamicFields = "1";
   };
   new TSStatic() {
      shapeName = "levels/west_coast_usa/art/shapes/objects/construction_sign_small_a.DAE";
      playAmbient = "1";
      meshCulling = "0";
      originSort = "0";
      useInstanceRenderData = "0";
      instanceColor = "White";
      collisionType = "Collision Mesh";
      decalType = "Collision Mesh";
      prebuildCollisionData = "0";
      renderNormals = "0";
      forceDetail = "-1";
      position = "161.675613 824.351685 101.51284";
      scale = "1 1 1";
      rotationMatrix = "0.900868773 -0.434092015 0 0.434092015 0.900868773 0 0 0 1";
      mode = "Ignore";
      canSave = "1";
      canSaveDynamicFields = "1";
   };
   new TSStatic() {
      shapeName = "levels/west_coast_usa/art/shapes/objects/construction_sign_big_a.DAE";
      playAmbient = "1";
      meshCulling = "0";
      originSort = "0";
      useInstanceRenderData = "0";
      instanceColor = "White";
      collisionType = "Collision Mesh";
      decalType = "Collision Mesh";
      prebuildCollisionData = "0";
      renderNormals = "0";
      forceDetail = "-1";
      position = "-375.764648 612.319336 75.1762619";
      scale = "1 1 1";
      rotationMatrix = "-0.707106709 0.707106709 0 -0.703507721 -0.703507721 0.100763381 0.0712504685 0.0712504685 0.9949103";
      mode = "Ignore";
      canSave = "1";
      canSaveDynamicFields = "1";
   };
   new TSStatic() {
      shapeName = "levels/west_coast_usa/art/shapes/objects/construction_sign_big_a.DAE";
      playAmbient = "1";
      meshCulling = "0";
      originSort = "0";
      useInstanceRenderData = "0";
      instanceColor = "White";
      collisionType = "Collision Mesh";
      decalType = "Collision Mesh";
      prebuildCollisionData = "0";
      renderNormals = "0";
      forceDetail = "-1";
      position = "-366.311218 605.273376 75.0007324";
      scale = "1 1 1";
      rotationMatrix = "-0.707106709 0.707106709 0 -0.707106709 -0.707106709 0 0 0 1";
      mode = "Ignore";
      canSave = "1";
      canSaveDynamicFields = "1";
   };
   new TSStatic() {
      shapeName = "levels/west_coast_usa/art/shapes/objects/construction_sign_big_a.DAE";
      playAmbient = "1";
      meshCulling = "0";
      originSort = "0";
      useInstanceRenderData = "0";
      instanceColor = "White";
      collisionType = "Collision Mesh";
      decalType = "Collision Mesh";
      prebuildCollisionData = "0";
      renderNormals = "0";
      forceDetail = "-1";
      position = "-371.546021 610.773315 75.0007324";
      scale = "1 1 1";
      rotationMatrix = "-0.707106709 0.707106709 0 -0.707106709 -0.707106709 0 0 0 1";
      mode = "Ignore";
      canSave = "1";
      canSaveDynamicFields = "1";
   };
   new TSStatic() {
      shapeName = "levels/west_coast_usa/art/shapes/objects/construction_sign_big_a.DAE";
      playAmbient = "1";
      meshCulling = "0";
      originSort = "0";
      useInstanceRenderData = "0";
      instanceColor = "White";
      collisionType = "Collision Mesh";
      decalType = "Collision Mesh";
      prebuildCollisionData = "0";
      renderNormals = "0";
      forceDetail = "-1";
      position = "-363.670837 602.227295 75.0909882";
      scale = "1 1 1";
      rotationMatrix = "-0.49051246 0.871433973 0 -0.871433973 -0.49051246 0 0 0 1";
      mode = "Ignore";
      canSave = "1";
      canSaveDynamicFields = "1";
   };
   new TSStatic() {
      shapeName = "levels/west_coast_usa/art/shapes/objects/construction_sign_big_b.DAE";
      playAmbient = "1";
      meshCulling = "0";
      originSort = "0";
      useInstanceRenderData = "0";
      instanceColor = "White";
      collisionType = "Collision Mesh";
      decalType = "Collision Mesh";
      prebuildCollisionData = "0";
      renderNormals = "0";
      forceDetail = "-1";
      position = "-368.807404 608.069397 74.9175797";
      scale = "1 1 1";
      rotationMatrix = "-0.707106709 0.70710665 0 -0.70710665 -0.707106709 0 0 0 1";
      mode = "Ignore";
      canSave = "1";
      canSaveDynamicFields = "1";
   };
};
//--- OBJECT WRITE END ---


