{"internalName":"NewCamera_17","class":"CameraBookmark","persistentId":"8daf8dae-d7ed-49dd-b423-5bc1459c633e","__parent":"CameraBookmarks","position":[811.1079711914063,-731.166015625,298.5849914550781],"dataBlock":"CameraBookmarkMarker","observer":false,"rotationMatrix":[0.9918383359909058,0.1275018006563187,-2.123415470123291e-07,-0.08116376399993896,0.6313727498054504,-0.7712203860282898,-0.09833185374736786,0.764926016330719,0.6365682482719421]}
{"internalName":"NewCamera_18","class":"CameraBookmark","persistentId":"dfe7c526-916c-4c9f-8de7-7a0b88480990","__parent":"CameraBookmarks","position":[-201.6600036621094,339.93798828125,113.9400024414063],"dataBlock":"CameraBookmarkMarker","observer":false,"rotationMatrix":[0.9830780625343323,0.1831870973110199,-1.192092895507813e-07,-0.09052389860153198,0.4857981204986572,-0.8693708777427673,-0.1592574566602707,0.8546594977378845,0.4941602349281311]}
{"internalName":"NewCamera_19","class":"CameraBookmark","persistentId":"7a58407c-8dc7-4d6c-ac27-3a3cfb6f5287","__parent":"CameraBookmarks","position":[-802.170166015625,-16.42751502990723,126.5876083374023],"dataBlock":"CameraBookmarkMarker","rotationMatrix":[-0.9078896045684814,0.4192091822624207,3.725290298461914e-09,-0.41074538230896,-0.8895593881607056,-0.1999305635690689,-0.08381272852420807,-0.1815149039030075,0.9798100590705872]}
{"internalName":"NewCamera_20","class":"CameraBookmark","persistentId":"31be80e6-4b85-47d3-a6d4-d656423a1844","__parent":"CameraBookmarks","position":[-802.170166015625,-16.42751502990723,126.5876083374023],"dataBlock":"CameraBookmarkMarker","rotationMatrix":[-0.9078896045684814,0.4192091822624207,3.725290298461914e-09,-0.41074538230896,-0.8895593881607056,-0.1999305635690689,-0.08381272852420807,-0.1815149039030075,0.9798100590705872]}
{"internalName":"NewCamera_22","class":"CameraBookmark","persistentId":"b76fc764-32b5-4d33-95ff-9ddd0a2751be","__parent":"CameraBookmarks","position":[577.2874755859375,-683.8363037109375,205.8137054443359],"dataBlock":"CameraBookmarkMarker","rotationMatrix":[0.9947839379310608,-0.1020042300224304,6.798654794692993e-08,0.1015904694795609,0.9907487630844116,-0.0899793803691864,0.00917821004986763,0.08951005339622498,0.9959436058998108]}
{"internalName":"NewCamera_25","class":"CameraBookmark","persistentId":"27e53437-3ecd-4ae6-9fbb-25358113db23","__parent":"CameraBookmarks","position":[-635.3700561523438,-208.3337707519531,123.836799621582],"dataBlock":"CameraBookmarkMarker","rotationMatrix":[-0.9668064117431641,-0.2555096745491028,-2.235174179077148e-08,0.1880406141281128,-0.7115144729614258,-0.6770433187484741,0.1729910969734192,-0.6545698642730713,0.7359431385993958]}
{"internalName":"NewCamera_24","class":"CameraBookmark","persistentId":"0998d14f-c63b-469f-b33a-5b6ee3a7caf1","__parent":"CameraBookmarks","position":[592.5926513671875,-179.0789947509766,160.5809478759766],"dataBlock":"CameraBookmarkMarker","rotationMatrix":[0.618061900138855,0.7861294746398926,-2.980232238769531e-08,-0.465027928352356,0.3656090497970581,-0.8062747716903687,-0.6338363885879517,0.4983277320861816,0.5915411710739136]}
{"internalName":"NewCamera_3","class":"CameraBookmark","persistentId":"1612ea39-8aea-4ffa-b31f-cbede2a75464","__parent":"CameraBookmarks","position":[-23.14109992980957,-857.5700073242188,112.5709991455078],"dataBlock":"CameraBookmarkMarker","observer":false,"rotationMatrix":[-0.3522014617919922,0.9359241724014282,4.231929779052734e-06,-0.3239128887653351,-0.1218887567520142,-0.9382022619247437,-0.8780856728553772,-0.3304376602172852,0.3460873365402222]}
{"internalName":"NewCamera_7","class":"CameraBookmark","persistentId":"68c19536-709c-4f49-9216-91249bc1b49d","__parent":"CameraBookmarks","position":[-563.2059936523438,405.4240112304688,37.88970184326172],"dataBlock":"CameraBookmarkMarker","observer":false,"rotationMatrix":[-0.381283164024353,0.924458384513855,2.35438346862793e-06,-0.0001830756664276123,-7.295608520507813e-05,-1,-0.924458384513855,-0.3812831342220306,0.0001970529556274414]}
{"internalName":"NewCamera_4","class":"CameraBookmark","persistentId":"bb328039-6315-43f1-a4af-f3c7784c2fcc","__parent":"CameraBookmarks","position":[-23.14109992980957,-857.5700073242188,112.5709991455078],"dataBlock":"CameraBookmarkMarker","observer":false,"rotationMatrix":[-0.3522014617919922,0.9359241724014282,4.231929779052734e-06,-0.3239128887653351,-0.1218887567520142,-0.9382022619247437,-0.8780856728553772,-0.3304376602172852,0.3460873365402222]}
{"internalName":"NewCamera_6","class":"CameraBookmark","persistentId":"e33ce3e3-4858-4bee-8ff7-8cb03754e63e","__parent":"CameraBookmarks","position":[34.33110046386719,-811.0640258789063,76.55280303955078],"dataBlock":"CameraBookmarkMarker","observer":false,"rotationMatrix":[-0.98398756980896,-0.1782378256320953,-4.403293132781982e-06,3.948062658309937e-05,-0.0001932382583618164,-1,0.1782378256320953,-0.9839874505996704,0.0001971125602722168]}
{"internalName":"NewCamera_13","class":"CameraBookmark","persistentId":"fd3ec0db-549e-49ed-8223-a426b3bb861b","__parent":"CameraBookmarks","position":[-114.3560028076172,-942.9219970703125,86.01280212402344],"dataBlock":"CameraBookmarkMarker","observer":false,"rotationMatrix":[0.9570947885513306,0.2897749543190002,1.043081283569336e-07,-0.06643024086952209,0.219412088394165,-0.9733681082725525,-0.2820577025413513,0.9316055178642273,0.2292479872703552]}
{"internalName":"NewCamera_8","class":"CameraBookmark","persistentId":"9aeed83d-8763-4f2c-b1f4-f03787985e61","__parent":"CameraBookmarks","position":[194.5110015869141,-730.0809936523438,79.88500213623047],"dataBlock":"CameraBookmarkMarker","observer":false,"rotationMatrix":[-0.4840121269226074,-0.8750615119934082,-5.960464477539063e-07,0.1319705247879028,-0.07299458980560303,-0.9885624647140503,0.8650528192520142,-0.4784760773181915,0.1508123874664307]}
{"internalName":"NewCamera_15","class":"CameraBookmark","persistentId":"16b4fd13-c883-433d-8eb8-c92bf03c6e12","__parent":"CameraBookmarks","position":[25.63730049133301,-239.5540008544922,142.6210021972656],"dataBlock":"CameraBookmarkMarker","observer":false,"rotationMatrix":[-0.06279373168945313,-0.9980264902114868,7.510185241699219e-06,0.2620782554149628,-0.01649665832519531,-0.9649056196212769,0.963001549243927,-0.06058809161186218,0.2625969648361206]}
{"internalName":"NewCamera_21","class":"CameraBookmark","persistentId":"0abf3292-129c-4274-bfbf-ef1208d0a1b5","__parent":"CameraBookmarks","position":[566.5247802734375,-711.5440673828125,228.8334503173828],"dataBlock":"CameraBookmarkMarker","rotationMatrix":[-0.2145384550094604,0.9767154455184937,-1.490116119384766e-07,-0.173052579164505,-0.03801155090332031,-0.9841787219047546,-0.961262583732605,-0.2111442685127258,0.1771782636642456]}
{"internalName":"NewCamera_23","class":"CameraBookmark","persistentId":"fed5dd80-2967-4dbc-a33e-22bce2e1022a","__parent":"CameraBookmarks","position":[-894.0975952148438,-421.2335510253906,128.3206176757813],"dataBlock":"CameraBookmarkMarker","rotationMatrix":[0.7869483232498169,0.6170188784599304,-5.960464477539063e-08,-0.1518535166978836,0.1936745643615723,-0.9692423343658447,-0.5980408191680908,0.7627435922622681,0.24610835313797]}
{"internalName":"NewCamera_0","class":"CameraBookmark","persistentId":"607cdd3d-02bf-4459-bc9f-ad9a71897384","__parent":"CameraBookmarks","position":[433.7659912109375,-729.0430297851563,135.6670074462891],"dataBlock":"CameraBookmarkMarker","observer":false,"rotationMatrix":[-0.7379845380783081,-0.6748176217079163,5.811452865600586e-06,0.1022760272026062,-0.1118581295013428,-0.9884468913078308,0.6670219898223877,-0.7294579148292542,0.151567280292511]}
{"internalName":"NewCamera_1","class":"CameraBookmark","persistentId":"0a29d0db-c614-4aab-b665-2277a129e690","__parent":"CameraBookmarks","position":[433.7659912109375,-729.0430297851563,135.6670074462891],"dataBlock":"CameraBookmarkMarker","observer":false,"rotationMatrix":[-0.7379845380783081,-0.6748176217079163,5.811452865600586e-06,0.1022760272026062,-0.1118581295013428,-0.9884468913078308,0.6670219898223877,-0.7294579148292542,0.151567280292511]}
{"internalName":"NewCamera_2","class":"CameraBookmark","persistentId":"87615e45-5062-4254-8e52-0b01312542bb","__parent":"CameraBookmarks","position":[-23.14109992980957,-857.5700073242188,112.5709991455078],"dataBlock":"CameraBookmarkMarker","observer":false,"rotationMatrix":[-0.3522014617919922,0.9359241724014282,4.231929779052734e-06,-0.3239128887653351,-0.1218887567520142,-0.9382022619247437,-0.8780856728553772,-0.3304376602172852,0.3460873365402222]}
{"internalName":"NewCamera_5","class":"CameraBookmark","persistentId":"df6c8853-6f0a-4226-bd4d-2847b6062932","__parent":"CameraBookmarks","position":[-374.4230041503906,-294.1419982910156,67.19960021972656],"dataBlock":"CameraBookmarkMarker","observer":false,"rotationMatrix":[-0.1225979328155518,0.9924566149711609,-4.887580871582031e-06,-0.000190436840057373,-2.86102294921875e-05,-1.00000011920929,-0.9924566149711609,-0.1225977838039398,0.0001922845840454102]}
{"internalName":"NewCamera_9","class":"CameraBookmark","persistentId":"186993b8-4f7a-4971-bb82-e90a70a0ad22","__parent":"CameraBookmarks","position":[57.04169845581055,-804.406982421875,49.29470062255859],"dataBlock":"CameraBookmarkMarker","observer":false,"rotationMatrix":[-0.5565470457077026,-0.8308163285255432,-9.685754776000977e-07,0.7000822424888611,-0.4689702987670898,-0.538472056388855,0.4473708868026733,-0.2996855974197388,0.8426433801651001]}
{"internalName":"NewCamera_10","class":"CameraBookmark","persistentId":"5633ddbc-321d-4a88-bdea-cad12d1d13f1","__parent":"CameraBookmarks","position":[-602.8989868164063,104.3190002441406,21.86709976196289],"dataBlock":"CameraBookmarkMarker","observer":false,"rotationMatrix":[0.7585673332214355,0.6515946388244629,8.642673492431641e-07,-0.2758572697639465,0.3211461305618286,-0.9059624075889587,-0.5903205871582031,0.6872332692146301,0.4233580827713013]}
{"internalName":"NewCamera_11","class":"CameraBookmark","persistentId":"18a859b0-21d2-4dbd-a95c-2116f619f90f","__parent":"CameraBookmarks","position":[81.12750244140625,-187.5469970703125,38.10430145263672],"dataBlock":"CameraBookmarkMarker","observer":false,"rotationMatrix":[-0.4372541904449463,0.8993380665779114,1.080334186553955e-07,-0.8920589089393616,-0.4337151050567627,-0.1269732862710953,-0.114191859960556,-0.05551968514919281,0.9919061660766602]}
{"internalName":"NewCamera_12","class":"CameraBookmark","persistentId":"fca6af2c-f38a-44d6-84b1-dcf089b588bc","__parent":"CameraBookmarks","position":[81.12750244140625,-187.5469970703125,38.10430145263672],"dataBlock":"CameraBookmarkMarker","observer":false,"rotationMatrix":[-0.4372541904449463,0.8993380665779114,1.080334186553955e-07,-0.8920589089393616,-0.4337151050567627,-0.1269732862710953,-0.114191859960556,-0.05551968514919281,0.9919061660766602]}
{"internalName":"NewCamera_14","class":"CameraBookmark","persistentId":"3b402fae-f375-4fa6-93ea-f8baaf6b6f15","__parent":"CameraBookmarks","position":[507.1000061035156,-351.0650024414063,215.0130004882813],"dataBlock":"CameraBookmarkMarker","observer":false,"rotationMatrix":[0.8030350208282471,-0.5959318280220032,7.897615432739258e-07,0.3605863451957703,0.4858992695808411,-0.7961654663085938,0.4744599461555481,0.6393489837646484,0.6050790548324585]}
{"internalName":"NewCamera_16","class":"CameraBookmark","persistentId":"8aad263a-b1a6-4bad-89eb-2ec1f056818f","__parent":"CameraBookmarks","position":[794.0670166015625,343.7430114746094,168.0500030517578],"dataBlock":"CameraBookmarkMarker","observer":false,"rotationMatrix":[0.6839205026626587,0.7295565605163574,-8.940696716308594e-07,-0.1765764057636261,0.1655297875404358,-0.9702683687210083,-0.7078654766082764,0.6635866165161133,0.2420316934585571]}
{"internalName":"City_from_overpass","class":"CameraBookmark","persistentId":"be878223-2eca-442a-aefd-32e6c3eaefaa","__parent":"CameraBookmarks","position":[-563.7142944335938,-127.273323059082,148.4613342285156],"dataBlock":"CameraBookmarkMarker","rotationMatrix":[0.9819773435592651,0.1889985948801041,-1.490116119384766e-08,-0.1870030611753464,0.9716092348098755,-0.1449321210384369,-0.02739195339381695,0.1423200666904449,0.9894415736198425]}
{"internalName":"NewCamera_26","class":"CameraBookmark","persistentId":"f39c3d51-03d6-486a-9c2f-3f0114c67182","__parent":"CameraBookmarks","position":[534.5618896484375,706.6425170898438,139.5915069580078],"dataBlock":"CameraBookmarkMarker","rotationMatrix":[-0.5111223459243774,0.8595080375671387,-8.940696716308594e-08,-0.375185489654541,-0.2231111526489258,-0.8996984958648682,-0.7732981443405151,-0.4598559141159058,0.4365119338035583]}
