//--- OBJECT WRITE BEGIN ---
$ThisPrefab = new SimGroup() {
   canSave = "1";
   canSaveDynamicFields = "1";
      groupPosition = "0.000000 0.000000 0.000000";

   new TSStatic(arrowSign_p3_28) {
      shapeName = "levels/west_coast_usa/art/shapes/objects/pole_city1.dae";
      playAmbient = "1";
      meshCulling = "0";
      originSort = "0";
      useInstanceRenderData = "0";
      instanceColor = "White";
      collisionType = "Collision Mesh";
      decalType = "Collision Mesh";
      prebuildCollisionData = "0";
      renderNormals = "0";
      forceDetail = "-1";
      position = "-42.2024612 -989.209534 123.674393";
      scale = "0.699999988 0.699999988 1";
      rotationMatrix = "-0.894449294 -0.447111398 0.00720299268 0.447140723 -0.894458413 0.00307422155 0.00506825792 0.00597048644 0.999969423";
      mode = "Ignore";
      canSave = "1";
      canSaveDynamicFields = "1";
   };
   new TSStatic(arrowSign_p1_28) {
      shapeName = "levels/west_coast_usa/art/shapes/race/sign_arrows.dae";
      playAmbient = "1";
      meshCulling = "0";
      originSort = "0";
      useInstanceRenderData = "0";
      instanceColor = "White";
      collisionType = "Collision Mesh";
      decalType = "Collision Mesh";
      prebuildCollisionData = "0";
      renderNormals = "0";
      forceDetail = "-1";
      position = "-43.4883347 -989.713806 132.315262";
      scale = "2 2 2";
      rotationMatrix = "-0.897400856 -0.44115746 -0.00720160361 0.441190094 -0.897405744 -0.00376788969 -0.00480052782 -0.00655858405 0.999967039";
      mode = "Ignore";
      canSave = "1";
      canSaveDynamicFields = "1";
   };
   new TSStatic(arrowSign_p2_28) {
      shapeName = "levels/west_coast_usa/art/shapes/objects/pole_city1.dae";
      playAmbient = "1";
      meshCulling = "0";
      originSort = "0";
      useInstanceRenderData = "0";
      instanceColor = "White";
      collisionType = "Collision Mesh";
      decalType = "Collision Mesh";
      prebuildCollisionData = "0";
      renderNormals = "0";
      forceDetail = "-1";
      position = "-44.8155212 -990.525024 123.695488";
      scale = "0.699999988 0.699999988 1";
      rotationMatrix = "-0.894449294 -0.447111398 0.00720299268 0.447140723 -0.894458413 0.00307422155 0.00506825792 0.00597048644 0.999969423";
      mode = "Ignore";
      canSave = "1";
      canSaveDynamicFields = "1";
   };
   new TSStatic(arrowSign_p2_27) {
      shapeName = "levels/west_coast_usa/art/shapes/objects/pole_city1.dae";
      playAmbient = "1";
      meshCulling = "0";
      originSort = "0";
      useInstanceRenderData = "0";
      instanceColor = "White";
      collisionType = "Collision Mesh";
      decalType = "Collision Mesh";
      prebuildCollisionData = "0";
      renderNormals = "0";
      forceDetail = "-1";
      position = "64.956749 -810.524048 122.558212";
      scale = "0.699999988 0.699999988 1";
      rotationMatrix = "0.647259057 -0.762236118 0.00720298104 0.762237966 0.647289693 0.00307422783 -0.00700570224 0.00350056333 0.999969363";
      mode = "Ignore";
      canSave = "1";
      canSaveDynamicFields = "1";
   };
   new TSStatic(arrowSign_p3_27) {
      shapeName = "levels/west_coast_usa/art/shapes/objects/pole_city1.dae";
      playAmbient = "1";
      meshCulling = "0";
      originSort = "0";
      useInstanceRenderData = "0";
      instanceColor = "White";
      collisionType = "Collision Mesh";
      decalType = "Collision Mesh";
      prebuildCollisionData = "0";
      renderNormals = "0";
      forceDetail = "-1";
      position = "63.056572 -808.299316 122.537109";
      scale = "0.699999988 0.699999988 1";
      rotationMatrix = "0.647259057 -0.762236118 0.00720298104 0.762237966 0.647289693 0.00307422783 -0.00700570224 0.00350056333 0.999969363";
      mode = "Ignore";
      canSave = "1";
      canSaveDynamicFields = "1";
   };
   new TSStatic(arrowSign_p1_27) {
      shapeName = "levels/west_coast_usa/art/shapes/race/sign_arrows.dae";
      playAmbient = "1";
      meshCulling = "0";
      originSort = "0";
      useInstanceRenderData = "0";
      instanceColor = "White";
      collisionType = "Collision Mesh";
      decalType = "Collision Mesh";
      prebuildCollisionData = "0";
      renderNormals = "0";
      forceDetail = "-1";
      position = "63.8524933 -809.428284 131.177963";
      scale = "2 2 2";
      rotationMatrix = "0.657266498 -0.753624201 -0.00720160361 0.753620207 0.657299578 -0.00376791577 0.00757320784 -0.00295075169 0.999967098";
      mode = "Ignore";
      canSave = "1";
      canSaveDynamicFields = "1";
   };
   new TSStatic(arrowSign_p2_17) {
      shapeName = "levels/west_coast_usa/art/shapes/objects/pole_city1.dae";
      playAmbient = "1";
      meshCulling = "0";
      originSort = "0";
      useInstanceRenderData = "0";
      instanceColor = "White";
      collisionType = "Collision Mesh";
      decalType = "Collision Mesh";
      prebuildCollisionData = "0";
      renderNormals = "0";
      forceDetail = "-1";
      position = "68.59375 -814.847046 122.595116";
      scale = "0.699999988 0.699999988 1";
      rotationMatrix = "0.647259057 -0.762236118 0.00720298104 0.762237966 0.647289693 0.00307422783 -0.00700570224 0.00350056333 0.999969363";
      mode = "Ignore";
      canSave = "1";
      canSaveDynamicFields = "1";
   };
   new TSStatic(arrowSign_p3_17) {
      shapeName = "levels/west_coast_usa/art/shapes/objects/pole_city1.dae";
      playAmbient = "1";
      meshCulling = "0";
      originSort = "0";
      useInstanceRenderData = "0";
      instanceColor = "White";
      collisionType = "Collision Mesh";
      decalType = "Collision Mesh";
      prebuildCollisionData = "0";
      renderNormals = "0";
      forceDetail = "-1";
      position = "66.693573 -812.622314 122.574013";
      scale = "0.699999988 0.699999988 1";
      rotationMatrix = "0.647259057 -0.762236118 0.00720298104 0.762237966 0.647289693 0.00307422783 -0.00700570224 0.00350056333 0.999969363";
      mode = "Ignore";
      canSave = "1";
      canSaveDynamicFields = "1";
   };
   new TSStatic(arrowSign_p1_17) {
      shapeName = "levels/west_coast_usa/art/shapes/race/sign_arrows.dae";
      playAmbient = "1";
      meshCulling = "0";
      originSort = "0";
      useInstanceRenderData = "0";
      instanceColor = "White";
      collisionType = "Collision Mesh";
      decalType = "Collision Mesh";
      prebuildCollisionData = "0";
      renderNormals = "0";
      forceDetail = "-1";
      position = "67.4894104 -813.751343 131.214844";
      scale = "2 2 2";
      rotationMatrix = "0.640423894 -0.767987251 -0.00720160687 0.767984271 0.640457213 -0.00376792112 0.00750603806 -0.00311765587 0.999967039";
      mode = "Ignore";
      canSave = "1";
      canSaveDynamicFields = "1";
   };
   new TSStatic(arrowSign_p2_20) {
      shapeName = "levels/west_coast_usa/art/shapes/objects/pole_city1.dae";
      playAmbient = "1";
      meshCulling = "0";
      originSort = "0";
      useInstanceRenderData = "0";
      instanceColor = "White";
      collisionType = "Collision Mesh";
      decalType = "Collision Mesh";
      prebuildCollisionData = "0";
      renderNormals = "0";
      forceDetail = "-1";
      position = "-346.180939 -492.665619 101.474937";
      scale = "0.699999988 0.699999988 1";
      rotationMatrix = "0.913727522 0.406263649 0.00720298989 -0.406292498 0.913737893 0.00307423575 -0.00533269485 -0.00573553471 0.999969363";
      mode = "Ignore";
      canSave = "1";
      canSaveDynamicFields = "1";
   };
   new TSStatic(arrowSign_p3_20) {
      shapeName = "levels/west_coast_usa/art/shapes/objects/pole_city1.dae";
      playAmbient = "1";
      meshCulling = "0";
      originSort = "0";
      useInstanceRenderData = "0";
      instanceColor = "White";
      collisionType = "Collision Mesh";
      decalType = "Collision Mesh";
      prebuildCollisionData = "0";
      renderNormals = "0";
      forceDetail = "-1";
      position = "-348.850616 -493.862 101.453842";
      scale = "0.699999988 0.699999988 1";
      rotationMatrix = "0.913727522 0.406263649 0.00720298989 -0.406292498 0.913737893 0.00307423575 -0.00533269485 -0.00573553471 0.999969363";
      mode = "Ignore";
      canSave = "1";
      canSaveDynamicFields = "1";
   };
   new TSStatic(arrowSign_p1_20) {
      shapeName = "levels/west_coast_usa/art/shapes/race/sign_arrows.dae";
      playAmbient = "1";
      meshCulling = "0";
      originSort = "0";
      useInstanceRenderData = "0";
      instanceColor = "White";
      collisionType = "Collision Mesh";
      decalType = "Collision Mesh";
      prebuildCollisionData = "0";
      renderNormals = "0";
      forceDetail = "-1";
      position = "-347.543152 -493.416809 110.094711";
      scale = "2 2 2";
      rotationMatrix = "0.914614737 0.404262692 -0.0072016241 -0.404295444 0.914621174 -0.00376791274 0.00506352587 0.006357776 0.9999668";
      mode = "Ignore";
      canSave = "1";
      canSaveDynamicFields = "1";
   };
   new TSStatic(arrowSign_p3_21) {
      shapeName = "levels/west_coast_usa/art/shapes/objects/pole_city1.dae";
      playAmbient = "1";
      meshCulling = "0";
      originSort = "0";
      useInstanceRenderData = "0";
      instanceColor = "White";
      collisionType = "Collision Mesh";
      decalType = "Collision Mesh";
      prebuildCollisionData = "0";
      renderNormals = "0";
      forceDetail = "-1";
      position = "-341.948029 -494.172974 101.614166";
      scale = "0.699999988 0.699999988 1";
      rotationMatrix = "0.937465668 0.348003447 0.00720299175 -0.348031551 0.937477767 0.00307423249 -0.0056828009 -0.00538885593 0.999969363";
      mode = "Ignore";
      canSave = "1";
      canSaveDynamicFields = "1";
   };
   new TSStatic(arrowSign_p1_21) {
      shapeName = "levels/west_coast_usa/art/shapes/race/sign_arrows.dae";
      playAmbient = "1";
      meshCulling = "0";
      originSort = "0";
      useInstanceRenderData = "0";
      instanceColor = "White";
      collisionType = "Collision Mesh";
      decalType = "Collision Mesh";
      prebuildCollisionData = "0";
      renderNormals = "0";
      forceDetail = "-1";
      position = "-340.615234 -493.810822 110.255035";
      scale = "2 2 2";
      rotationMatrix = "0.933221877 0.359229982 -0.00720162317 -0.35926193 0.933229268 -0.00376791786 0.00536721712 0.00610356731 0.999967158";
      mode = "Ignore";
      canSave = "1";
      canSaveDynamicFields = "1";
   };
   new TSStatic(arrowSign_p2_21) {
      shapeName = "levels/west_coast_usa/art/shapes/objects/pole_city1.dae";
      playAmbient = "1";
      meshCulling = "0";
      originSort = "0";
      useInstanceRenderData = "0";
      instanceColor = "White";
      collisionType = "Collision Mesh";
      decalType = "Collision Mesh";
      prebuildCollisionData = "0";
      renderNormals = "0";
      forceDetail = "-1";
      position = "-339.208435 -493.146973 101.635262";
      scale = "0.699999988 0.699999988 1";
      rotationMatrix = "0.937465668 0.348003447 0.00720299175 -0.348031551 0.937477767 0.00307423249 -0.0056828009 -0.00538885593 0.999969363";
      mode = "Ignore";
      canSave = "1";
      canSaveDynamicFields = "1";
   };
   new TSStatic(arrowSign_p2_19) {
      shapeName = "levels/west_coast_usa/art/shapes/objects/pole_city1.dae";
      playAmbient = "1";
      meshCulling = "0";
      originSort = "0";
      useInstanceRenderData = "0";
      instanceColor = "White";
      collisionType = "Collision Mesh";
      decalType = "Collision Mesh";
      prebuildCollisionData = "0";
      renderNormals = "0";
      forceDetail = "-1";
      position = "-40.7550049 -850.065186 116.848984";
      scale = "0.699999988 0.699999988 1";
      rotationMatrix = "-0.845609367 -0.533753693 0.00720299222 0.533783793 -0.845615506 0.00307422387 0.00445008278 0.00644443184 0.999969363";
      mode = "Ignore";
      canSave = "1";
      canSaveDynamicFields = "1";
   };
   new TSStatic(arrowSign_p1_19) {
      shapeName = "levels/west_coast_usa/art/shapes/race/sign_arrows.dae";
      playAmbient = "1";
      meshCulling = "0";
      originSort = "0";
      useInstanceRenderData = "0";
      instanceColor = "White";
      collisionType = "Collision Mesh";
      decalType = "Collision Mesh";
      prebuildCollisionData = "0";
      renderNormals = "0";
      forceDetail = "-1";
      position = "-39.5152664 -849.125549 125.468758";
      scale = "2 2 2";
      rotationMatrix = "-0.845022261 -0.534681201 -0.00720163062 0.534714401 -0.845023394 -0.00376790436 -0.00407092832 -0.00703478977 0.999966383";
      mode = "Ignore";
      canSave = "1";
      canSaveDynamicFields = "1";
   };
   new TSStatic(arrowSign_p3_19) {
      shapeName = "levels/west_coast_usa/art/shapes/objects/pole_city1.dae";
      playAmbient = "1";
      meshCulling = "0";
      originSort = "0";
      useInstanceRenderData = "0";
      instanceColor = "White";
      collisionType = "Collision Mesh";
      decalType = "Collision Mesh";
      prebuildCollisionData = "0";
      renderNormals = "0";
      forceDetail = "-1";
      position = "-38.2858047 -848.496521 116.827888";
      scale = "0.699999988 0.699999988 1";
      rotationMatrix = "-0.845609367 -0.533753693 0.00720299222 0.533783793 -0.845615506 0.00307422387 0.00445008278 0.00644443184 0.999969363";
      mode = "Ignore";
      canSave = "1";
      canSaveDynamicFields = "1";
   };
   new TSStatic(arrowSign_p2_18) {
      shapeName = "levels/west_coast_usa/art/shapes/objects/pole_city1.dae";
      playAmbient = "1";
      meshCulling = "0";
      originSort = "0";
      useInstanceRenderData = "0";
      instanceColor = "White";
      collisionType = "Collision Mesh";
      decalType = "Collision Mesh";
      prebuildCollisionData = "0";
      renderNormals = "0";
      forceDetail = "-1";
      position = "-32.9406433 -852.452393 116.755089";
      scale = "0.699999988 0.699999988 1";
      rotationMatrix = "-0.822263837 -0.569060981 0.00720299687 0.56909132 -0.822268665 0.00307422294 0.00417337799 0.0066269841 0.999969363";
      mode = "Ignore";
      canSave = "1";
      canSaveDynamicFields = "1";
   };
   new TSStatic(arrowSign_p1_18) {
      shapeName = "levels/west_coast_usa/art/shapes/race/sign_arrows.dae";
      playAmbient = "1";
      meshCulling = "0";
      originSort = "0";
      useInstanceRenderData = "0";
      instanceColor = "White";
      collisionType = "Collision Mesh";
      decalType = "Collision Mesh";
      prebuildCollisionData = "0";
      renderNormals = "0";
      forceDetail = "-1";
      position = "-31.7418118 -851.461182 125.374863";
      scale = "2 2 2";
      rotationMatrix = "-0.825101197 -0.564939737 -0.00720163668 0.564972937 -0.825101852 -0.00376790715 -0.00381343276 -0.00717763696 0.999966979";
      mode = "Ignore";
      canSave = "1";
      canSaveDynamicFields = "1";
   };
   new TSStatic(arrowSign_p3_18) {
      shapeName = "levels/west_coast_usa/art/shapes/objects/pole_city1.dae";
      playAmbient = "1";
      meshCulling = "0";
      originSort = "0";
      useInstanceRenderData = "0";
      instanceColor = "White";
      collisionType = "Collision Mesh";
      decalType = "Collision Mesh";
      prebuildCollisionData = "0";
      renderNormals = "0";
      forceDetail = "-1";
      position = "-30.5400581 -850.780579 116.733994";
      scale = "0.699999988 0.699999988 1";
      rotationMatrix = "-0.822263837 -0.569060981 0.00720299687 0.56909132 -0.822268665 0.00307422294 0.00417337799 0.0066269841 0.999969363";
      mode = "Ignore";
      canSave = "1";
      canSaveDynamicFields = "1";
   };
   new TSStatic(arrowSign_p3_16) {
      shapeName = "levels/west_coast_usa/art/shapes/objects/pole_city1.dae";
      playAmbient = "1";
      meshCulling = "0";
      originSort = "0";
      useInstanceRenderData = "0";
      instanceColor = "White";
      collisionType = "Collision Mesh";
      decalType = "Collision Mesh";
      prebuildCollisionData = "0";
      renderNormals = "0";
      forceDetail = "-1";
      position = "-799.197998 -484.330994 106.459999";
      scale = "0.699999988 0.699999988 0.25";
      rotationMatrix = "-0.682395816 0.730982959 0 -0.7309829 -0.682395756 0 0 0 1";
      mode = "Ignore";
      canSave = "1";
      canSaveDynamicFields = "1";
   };
   new TSStatic(arrowSign_p2_16) {
      shapeName = "levels/west_coast_usa/art/shapes/objects/pole_city1.dae";
      playAmbient = "1";
      meshCulling = "0";
      originSort = "0";
      useInstanceRenderData = "0";
      instanceColor = "White";
      collisionType = "Collision Mesh";
      decalType = "Collision Mesh";
      prebuildCollisionData = "0";
      renderNormals = "0";
      forceDetail = "-1";
      position = "-801.200989 -482.197998 106.459999";
      scale = "0.699999988 0.699999988 0.25";
      rotationMatrix = "-0.682395816 0.730982959 0 -0.7309829 -0.682395756 0 0 0 1";
      mode = "Ignore";
      canSave = "1";
      canSaveDynamicFields = "1";
   };
   new TSStatic(arrowSign_p1_16) {
      shapeName = "levels/west_coast_usa/art/shapes/race/sign_arrows.dae";
      playAmbient = "1";
      meshCulling = "0";
      originSort = "0";
      useInstanceRenderData = "0";
      instanceColor = "White";
      collisionType = "Collision Mesh";
      decalType = "Collision Mesh";
      prebuildCollisionData = "0";
      renderNormals = "0";
      forceDetail = "-1";
      position = "-800.068115 -483.198639 108.260437";
      scale = "2 2 2";
      rotationMatrix = "0.680457115 -0.73278898 -5.92990546e-10 0.732788861 0.680456758 -0.000690535118 0.000506016193 0.000469879247 0.999999762";
      mode = "Ignore";
      canSave = "1";
      canSaveDynamicFields = "1";
   };
   new TSStatic(arrowSign_p3_15) {
      shapeName = "levels/west_coast_usa/art/shapes/objects/pole_city1.dae";
      playAmbient = "1";
      meshCulling = "0";
      originSort = "0";
      useInstanceRenderData = "0";
      instanceColor = "White";
      collisionType = "Collision Mesh";
      decalType = "Collision Mesh";
      prebuildCollisionData = "0";
      renderNormals = "0";
      forceDetail = "-1";
      position = "-803.330994 -479.713013 106.459999";
      scale = "0.699999988 0.699999988 0.25";
      rotationMatrix = "-0.682395816 0.730982959 0 -0.7309829 -0.682395756 0 0 0 1";
      mode = "Ignore";
      canSave = "1";
      canSaveDynamicFields = "1";
   };
   new TSStatic(arrowSign_p2_15) {
      shapeName = "levels/west_coast_usa/art/shapes/objects/pole_city1.dae";
      playAmbient = "1";
      meshCulling = "0";
      originSort = "0";
      useInstanceRenderData = "0";
      instanceColor = "White";
      collisionType = "Collision Mesh";
      decalType = "Collision Mesh";
      prebuildCollisionData = "0";
      renderNormals = "0";
      forceDetail = "-1";
      position = "-805.333008 -477.579987 106.459999";
      scale = "0.699999988 0.699999988 0.25";
      rotationMatrix = "-0.682393909 0.730984628 0 -0.730984628 -0.682393909 0 0 0 1";
      mode = "Ignore";
      canSave = "1";
      canSaveDynamicFields = "1";
   };
   new TSStatic(arrowSign_p1_15) {
      shapeName = "levels/west_coast_usa/art/shapes/race/sign_arrows.dae";
      playAmbient = "1";
      meshCulling = "0";
      originSort = "0";
      useInstanceRenderData = "0";
      instanceColor = "White";
      collisionType = "Collision Mesh";
      decalType = "Collision Mesh";
      prebuildCollisionData = "0";
      renderNormals = "0";
      forceDetail = "-1";
      position = "-804.200134 -478.580658 108.265434";
      scale = "2 2 2";
      rotationMatrix = "0.687356412 -0.726320505 -3.71983333e-10 0.726320446 0.687356174 -0.000690534944 0.000501549628 0.00047464305 0.999999762";
      mode = "Ignore";
      canSave = "1";
      canSaveDynamicFields = "1";
   };
   new TSStatic(arrowSign_p3_14) {
      shapeName = "levels/west_coast_usa/art/shapes/objects/pole_city1.dae";
      playAmbient = "1";
      meshCulling = "0";
      originSort = "0";
      useInstanceRenderData = "0";
      instanceColor = "White";
      collisionType = "Collision Mesh";
      decalType = "Collision Mesh";
      prebuildCollisionData = "0";
      renderNormals = "0";
      forceDetail = "-1";
      position = "-807.309998 -475.210999 106.459999";
      scale = "0.699999988 0.699999988 0.25";
      rotationMatrix = "-0.682393909 0.730984628 0 -0.730984628 -0.682393909 0 0 0 1";
      mode = "Ignore";
      canSave = "1";
      canSaveDynamicFields = "1";
   };
   new TSStatic(arrowSign_p2_14) {
      shapeName = "levels/west_coast_usa/art/shapes/objects/pole_city1.dae";
      playAmbient = "1";
      meshCulling = "0";
      originSort = "0";
      useInstanceRenderData = "0";
      instanceColor = "White";
      collisionType = "Collision Mesh";
      decalType = "Collision Mesh";
      prebuildCollisionData = "0";
      renderNormals = "0";
      forceDetail = "-1";
      position = "-809.312012 -473.078003 106.459999";
      scale = "0.699999988 0.699999988 0.25";
      rotationMatrix = "-0.682395816 0.730982959 0 -0.7309829 -0.682395756 0 0 0 1";
      mode = "Ignore";
      canSave = "1";
      canSaveDynamicFields = "1";
   };
   new TSStatic(arrowSign_p1_14) {
      shapeName = "levels/west_coast_usa/art/shapes/race/sign_arrows.dae";
      playAmbient = "1";
      meshCulling = "0";
      originSort = "0";
      useInstanceRenderData = "0";
      instanceColor = "White";
      collisionType = "Collision Mesh";
      decalType = "Collision Mesh";
      prebuildCollisionData = "0";
      renderNormals = "0";
      forceDetail = "-1";
      position = "-808.179382 -474.078918 108.287346";
      scale = "2 2 2";
      rotationMatrix = "0.661407113 -0.750026822 -2.75576895e-10 0.750026762 0.661406994 -0.000690534886 0.000517920009 0.000456724811 0.999999762";
      mode = "Ignore";
      canSave = "1";
      canSaveDynamicFields = "1";
   };
   new TSStatic(arrowSign_p3_13) {
      shapeName = "levels/west_coast_usa/art/shapes/objects/pole_city1.dae";
      playAmbient = "1";
      meshCulling = "0";
      originSort = "0";
      useInstanceRenderData = "0";
      instanceColor = "White";
      collisionType = "Collision Mesh";
      decalType = "Collision Mesh";
      prebuildCollisionData = "0";
      renderNormals = "0";
      forceDetail = "-1";
      position = "-810.989014 -470.963989 106.459999";
      scale = "0.699999988 0.699999988 0.25";
      rotationMatrix = "-0.682395816 0.730982959 0 -0.7309829 -0.682395756 0 0 0 1";
      mode = "Ignore";
      canSave = "1";
      canSaveDynamicFields = "1";
   };
   new TSStatic(arrowSign_p2_13) {
      shapeName = "levels/west_coast_usa/art/shapes/objects/pole_city1.dae";
      playAmbient = "1";
      meshCulling = "0";
      originSort = "0";
      useInstanceRenderData = "0";
      instanceColor = "White";
      collisionType = "Collision Mesh";
      decalType = "Collision Mesh";
      prebuildCollisionData = "0";
      renderNormals = "0";
      forceDetail = "-1";
      position = "-812.991028 -468.830994 106.459999";
      scale = "0.699999988 0.699999988 0.25";
      rotationMatrix = "-0.682395816 0.730982959 0 -0.7309829 -0.682395756 0 0 0 1";
      mode = "Ignore";
      canSave = "1";
      canSaveDynamicFields = "1";
   };
   new TSStatic(arrowSign_p1_13) {
      shapeName = "levels/west_coast_usa/art/shapes/race/sign_arrows.dae";
      playAmbient = "1";
      meshCulling = "0";
      originSort = "0";
      useInstanceRenderData = "0";
      instanceColor = "White";
      collisionType = "Collision Mesh";
      decalType = "Collision Mesh";
      prebuildCollisionData = "0";
      renderNormals = "0";
      forceDetail = "-1";
      position = "-811.858093 -469.831635 108.315636";
      scale = "2 2 2";
      rotationMatrix = "0.681772888 -0.731563807 -3.02861736e-10 0.731563449 0.681772709 -0.000690534653 0.000505170668 0.000470787927 0.999999762";
      mode = "Ignore";
      canSave = "1";
      canSaveDynamicFields = "1";
   };
   new TSStatic(arrowSign_p2_12) {
      shapeName = "levels/west_coast_usa/art/shapes/objects/pole_city1.dae";
      playAmbient = "1";
      meshCulling = "0";
      originSort = "0";
      useInstanceRenderData = "0";
      instanceColor = "White";
      collisionType = "Collision Mesh";
      decalType = "Collision Mesh";
      prebuildCollisionData = "0";
      renderNormals = "0";
      forceDetail = "-1";
      position = "-561.152832 -215.964188 99.9337616";
      scale = "0.699999988 0.699999988 1";
      rotationMatrix = "0.694174647 -0.719806731 0 0.719806671 0.694174588 0 0 0 1";
      mode = "Ignore";
      canSave = "1";
      canSaveDynamicFields = "1";
   };
   new TSStatic(arrowSign_p3_12) {
      shapeName = "levels/west_coast_usa/art/shapes/objects/pole_city1.dae";
      playAmbient = "1";
      meshCulling = "0";
      originSort = "0";
      useInstanceRenderData = "0";
      instanceColor = "White";
      collisionType = "Collision Mesh";
      decalType = "Collision Mesh";
      prebuildCollisionData = "0";
      renderNormals = "0";
      forceDetail = "-1";
      position = "-563.189636 -213.864365 99.9337616";
      scale = "0.699999988 0.699999988 1";
      rotationMatrix = "0.694174647 -0.719806731 0 0.719806671 0.694174588 0 0 0 1";
      mode = "Ignore";
      canSave = "1";
      canSaveDynamicFields = "1";
   };
   new TSStatic(arrowSign_p1_12) {
      shapeName = "levels/west_coast_usa/art/shapes/race/sign_arrows.dae";
      playAmbient = "1";
      meshCulling = "0";
      originSort = "0";
      useInstanceRenderData = "0";
      instanceColor = "White";
      collisionType = "Collision Mesh";
      decalType = "Collision Mesh";
      prebuildCollisionData = "0";
      renderNormals = "0";
      forceDetail = "-1";
      position = "-562.301392 -214.982376 108.564919";
      scale = "2 2 2";
      rotationMatrix = "-0.719869137 0.694109976 3.3651304e-10 -0.694109738 -0.719869137 -0.000690534594 -0.000479306938 -0.000497095112 0.999999762";
      mode = "Ignore";
      canSave = "1";
      canSaveDynamicFields = "1";
   };
   new TSStatic(arrowSign_p2_11) {
      shapeName = "levels/west_coast_usa/art/shapes/objects/pole_city1.dae";
      playAmbient = "1";
      meshCulling = "0";
      originSort = "0";
      useInstanceRenderData = "0";
      instanceColor = "White";
      collisionType = "Collision Mesh";
      decalType = "Collision Mesh";
      prebuildCollisionData = "0";
      renderNormals = "0";
      forceDetail = "-1";
      position = "-557.507263 -220.189514 99.9297485";
      scale = "0.699999988 0.699999988 1";
      rotationMatrix = "0.667505741 -0.744604766 0 0.744604707 0.667505741 0 0 0 1";
      mode = "Ignore";
      canSave = "1";
      canSaveDynamicFields = "1";
   };
   new TSStatic(arrowSign_p3_11) {
      shapeName = "levels/west_coast_usa/art/shapes/objects/pole_city1.dae";
      playAmbient = "1";
      meshCulling = "0";
      originSort = "0";
      useInstanceRenderData = "0";
      instanceColor = "White";
      collisionType = "Collision Mesh";
      decalType = "Collision Mesh";
      prebuildCollisionData = "0";
      renderNormals = "0";
      forceDetail = "-1";
      position = "-559.466309 -218.016907 99.9297485";
      scale = "0.699999988 0.699999988 1";
      rotationMatrix = "0.667505741 -0.744604766 0 0.744604707 0.667505741 0 0 0 1";
      mode = "Ignore";
      canSave = "1";
      canSaveDynamicFields = "1";
   };
   new TSStatic(arrowSign_p1_11) {
      shapeName = "levels/west_coast_usa/art/shapes/race/sign_arrows.dae";
      playAmbient = "1";
      meshCulling = "0";
      originSort = "0";
      useInstanceRenderData = "0";
      instanceColor = "White";
      collisionType = "Collision Mesh";
      decalType = "Collision Mesh";
      prebuildCollisionData = "0";
      renderNormals = "0";
      forceDetail = "-1";
      position = "-558.619263 -219.16626 108.560905";
      scale = "2 2 2";
      rotationMatrix = "-0.662868917 0.748736501 4.32009983e-10 -0.748736203 -0.662868679 -0.000690534478 -0.000517027278 -0.00045773384 0.999999762";
      mode = "Ignore";
      canSave = "1";
      canSaveDynamicFields = "1";
   };
   new TSStatic(arrowSign_p2_10) {
      shapeName = "levels/west_coast_usa/art/shapes/objects/pole_city1.dae";
      playAmbient = "1";
      meshCulling = "0";
      originSort = "0";
      useInstanceRenderData = "0";
      instanceColor = "White";
      collisionType = "Collision Mesh";
      decalType = "Collision Mesh";
      prebuildCollisionData = "0";
      renderNormals = "0";
      forceDetail = "-1";
      position = "-554.257141 -224.174133 99.931572";
      scale = "0.699999988 0.699999988 1";
      rotationMatrix = "0.637392044 -0.770539641 0 0.770539641 0.637392044 0 0 0 1";
      mode = "Ignore";
      canSave = "1";
      canSaveDynamicFields = "1";
   };
   new TSStatic(arrowSign_p3_10) {
      shapeName = "levels/west_coast_usa/art/shapes/objects/pole_city1.dae";
      playAmbient = "1";
      meshCulling = "0";
      originSort = "0";
      useInstanceRenderData = "0";
      instanceColor = "White";
      collisionType = "Collision Mesh";
      decalType = "Collision Mesh";
      prebuildCollisionData = "0";
      renderNormals = "0";
      forceDetail = "-1";
      position = "-556.128357 -221.92543 99.931572";
      scale = "0.699999988 0.699999988 1";
      rotationMatrix = "0.637392044 -0.770539641 0 0.770539641 0.637392044 0 0 0 1";
      mode = "Ignore";
      canSave = "1";
      canSaveDynamicFields = "1";
   };
   new TSStatic(arrowSign_p1_10) {
      shapeName = "levels/west_coast_usa/art/shapes/race/sign_arrows.dae";
      playAmbient = "1";
      meshCulling = "0";
      originSort = "0";
      useInstanceRenderData = "0";
      instanceColor = "White";
      collisionType = "Collision Mesh";
      decalType = "Collision Mesh";
      prebuildCollisionData = "0";
      renderNormals = "0";
      forceDetail = "-1";
      position = "-555.327393 -223.107513 108.562729";
      scale = "2 2 2";
      rotationMatrix = "-0.627929151 0.7782709 1.34605216e-10 -0.778270662 -0.627928913 -0.000690535177 -0.000537423242 -0.00043360726 0.999999821";
      mode = "Ignore";
      canSave = "1";
      canSaveDynamicFields = "1";
   };
   new TSStatic(arrowSign_p2_9) {
      shapeName = "levels/west_coast_usa/art/shapes/objects/pole_city1.dae";
      playAmbient = "1";
      meshCulling = "0";
      originSort = "0";
      useInstanceRenderData = "0";
      instanceColor = "White";
      collisionType = "Collision Mesh";
      decalType = "Collision Mesh";
      prebuildCollisionData = "0";
      renderNormals = "0";
      forceDetail = "-1";
      position = "-550.667847 -228.590454 99.9447632";
      scale = "0.699999988 0.699999988 1";
      rotationMatrix = "0.618734181 -0.785600543 0 0.785600483 0.618734181 0 0 0 1";
      mode = "Ignore";
      canSave = "1";
      canSaveDynamicFields = "1";
   };
   new TSStatic(arrowSign_p3_9) {
      shapeName = "levels/west_coast_usa/art/shapes/objects/pole_city1.dae";
      playAmbient = "1";
      meshCulling = "0";
      originSort = "0";
      useInstanceRenderData = "0";
      instanceColor = "White";
      collisionType = "Collision Mesh";
      decalType = "Collision Mesh";
      prebuildCollisionData = "0";
      renderNormals = "0";
      forceDetail = "-1";
      position = "-552.484436 -226.297485 99.9447632";
      scale = "0.699999988 0.699999988 1";
      rotationMatrix = "0.618734181 -0.785600543 0 0.785600483 0.618734181 0 0 0 1";
      mode = "Ignore";
      canSave = "1";
      canSaveDynamicFields = "1";
   };
   new TSStatic(arrowSign_p1_9) {
      shapeName = "levels/west_coast_usa/art/shapes/race/sign_arrows.dae";
      playAmbient = "1";
      meshCulling = "0";
      originSort = "0";
      useInstanceRenderData = "0";
      instanceColor = "White";
      collisionType = "Collision Mesh";
      decalType = "Collision Mesh";
      prebuildCollisionData = "0";
      renderNormals = "0";
      forceDetail = "-1";
      position = "-551.712219 -227.498672 108.57592";
      scale = "2 2 2";
      rotationMatrix = "-0.624532282 0.780998528 -1.91903382e-10 -0.780998349 -0.624532223 -0.000690535991 -0.000539307715 -0.000431262306 0.999999762";
      mode = "Ignore";
      canSave = "1";
      canSaveDynamicFields = "1";
   };
   new TSStatic(arrowSign_p3_5) {
      shapeName = "levels/west_coast_usa/art/shapes/objects/pole_city1.dae";
      playAmbient = "1";
      meshCulling = "0";
      originSort = "0";
      useInstanceRenderData = "0";
      instanceColor = "White";
      collisionType = "Collision Mesh";
      decalType = "Collision Mesh";
      prebuildCollisionData = "0";
      renderNormals = "0";
      forceDetail = "-1";
      position = "-490.235779 6.35213852 92.6887207";
      scale = "0.699999988 0.699999988 1";
      rotationMatrix = "0.997425854 -0.0717060193 0 0.0717060119 0.997425854 0 0 0 1";
      mode = "Ignore";
      canSave = "1";
      canSaveDynamicFields = "1";
   };
   new TSStatic(arrowSign_p2_5) {
      shapeName = "levels/west_coast_usa/art/shapes/objects/pole_city1.dae";
      playAmbient = "1";
      meshCulling = "0";
      originSort = "0";
      useInstanceRenderData = "0";
      instanceColor = "White";
      collisionType = "Collision Mesh";
      decalType = "Collision Mesh";
      prebuildCollisionData = "0";
      renderNormals = "0";
      forceDetail = "-1";
      position = "-487.317322 6.15092468 92.6887207";
      scale = "0.699999988 0.699999988 1";
      rotationMatrix = "0.997425854 -0.0717060193 0 0.0717060119 0.997425854 0 0 0 1";
      mode = "Ignore";
      canSave = "1";
      canSaveDynamicFields = "1";
   };
   new TSStatic(arrowSign_p1_5) {
      shapeName = "levels/west_coast_usa/art/shapes/race/sign_arrows.dae";
      playAmbient = "1";
      meshCulling = "0";
      originSort = "0";
      useInstanceRenderData = "0";
      instanceColor = "White";
      collisionType = "Collision Mesh";
      decalType = "Collision Mesh";
      prebuildCollisionData = "0";
      renderNormals = "0";
      forceDetail = "-1";
      position = "-488.809174 6.15141344 101.319878";
      scale = "2 2 2";
      rotationMatrix = "0.997395635 -0.0721073598 -1.79807103e-09 0.0721075907 0.997395873 -0.000690534187 4.97938454e-05 0.000688735745 0.999999762";
      mode = "Ignore";
      canSave = "1";
      canSaveDynamicFields = "1";
   };
   new TSStatic(arrowSign_p3_4) {
      shapeName = "levels/west_coast_usa/art/shapes/objects/pole_city1.dae";
      playAmbient = "1";
      meshCulling = "0";
      originSort = "0";
      useInstanceRenderData = "0";
      instanceColor = "White";
      collisionType = "Collision Mesh";
      decalType = "Collision Mesh";
      prebuildCollisionData = "0";
      renderNormals = "0";
      forceDetail = "-1";
      position = "-495.701233 6.9411664 92.6799393";
      scale = "0.699999988 0.699999988 1";
      rotationMatrix = "0.997425854 -0.0717060193 0 0.0717060119 0.997425854 0 0 0 1";
      mode = "Ignore";
      canSave = "1";
      canSaveDynamicFields = "1";
   };
   new TSStatic(arrowSign_p2_4) {
      shapeName = "levels/west_coast_usa/art/shapes/objects/pole_city1.dae";
      playAmbient = "1";
      meshCulling = "0";
      originSort = "0";
      useInstanceRenderData = "0";
      instanceColor = "White";
      collisionType = "Collision Mesh";
      decalType = "Collision Mesh";
      prebuildCollisionData = "0";
      renderNormals = "0";
      forceDetail = "-1";
      position = "-492.782776 6.73995256 92.6799393";
      scale = "0.699999988 0.699999988 1";
      rotationMatrix = "0.997425854 -0.0717060193 0 0.0717060119 0.997425854 0 0 0 1";
      mode = "Ignore";
      canSave = "1";
      canSaveDynamicFields = "1";
   };
   new TSStatic(arrowSign_p1_4) {
      shapeName = "levels/west_coast_usa/art/shapes/race/sign_arrows.dae";
      playAmbient = "1";
      meshCulling = "0";
      originSort = "0";
      useInstanceRenderData = "0";
      instanceColor = "White";
      collisionType = "Collision Mesh";
      decalType = "Collision Mesh";
      prebuildCollisionData = "0";
      renderNormals = "0";
      forceDetail = "-1";
      position = "-494.274689 6.74045849 101.311096";
      scale = "2 2 2";
      rotationMatrix = "0.99744767 -0.0713866577 -2.26452812e-09 0.0713868588 0.997447848 -0.000690534944 4.92963991e-05 0.000688772532 0.999999762";
      mode = "Ignore";
      canSave = "1";
      canSaveDynamicFields = "1";
   };
   new TSStatic(arrowSign_p2_22) {
      shapeName = "levels/west_coast_usa/art/shapes/objects/pole_city1.dae";
      playAmbient = "1";
      meshCulling = "0";
      originSort = "0";
      useInstanceRenderData = "0";
      instanceColor = "White";
      collisionType = "Collision Mesh";
      decalType = "Collision Mesh";
      prebuildCollisionData = "0";
      renderNormals = "0";
      forceDetail = "-1";
      position = "-73.9093094 -979.219666 125.319275";
      scale = "0.699999988 0.699999988 1";
      rotationMatrix = "-0.993590593 0.112809233 0.00720299454 -0.112789623 -0.993614137 0.00307421922 0.00750379637 0.00224209228 0.999969304";
      mode = "Ignore";
      canSave = "1";
      canSaveDynamicFields = "1";
   };
   new TSStatic(arrowSign_p3_22) {
      shapeName = "levels/west_coast_usa/art/shapes/objects/pole_city1.dae";
      playAmbient = "1";
      meshCulling = "0";
      originSort = "0";
      useInstanceRenderData = "0";
      instanceColor = "White";
      collisionType = "Collision Mesh";
      decalType = "Collision Mesh";
      prebuildCollisionData = "0";
      renderNormals = "0";
      forceDetail = "-1";
      position = "-71.0014801 -979.541321 125.29818";
      scale = "0.699999988 0.699999988 1";
      rotationMatrix = "-0.993590593 0.112809233 0.00720299454 -0.112789623 -0.993614137 0.00307421922 0.00750379637 0.00224209228 0.999969304";
      mode = "Ignore";
      canSave = "1";
      canSaveDynamicFields = "1";
   };
   new TSStatic(arrowSign_p1_22) {
      shapeName = "levels/west_coast_usa/art/shapes/race/sign_arrows.dae";
      playAmbient = "1";
      meshCulling = "0";
      originSort = "0";
      useInstanceRenderData = "0";
      instanceColor = "White";
      collisionType = "Collision Mesh";
      decalType = "Collision Mesh";
      prebuildCollisionData = "0";
      renderNormals = "0";
      forceDetail = "-1";
      position = "-72.3543396 -979.263 133.939041";
      scale = "2 2 2";
      rotationMatrix = "-0.99281913 0.119409859 -0.00720161712 -0.119385146 -0.992840946 -0.0037679011 -0.00759998616 -0.00288108853 0.999966323";
      mode = "Ignore";
      canSave = "1";
      canSaveDynamicFields = "1";
   };
   new TSStatic(arrowSign_p2_23) {
      shapeName = "levels/west_coast_usa/art/shapes/objects/pole_city1.dae";
      playAmbient = "1";
      meshCulling = "0";
      originSort = "0";
      useInstanceRenderData = "0";
