{"name":"wcu_bs_01","class":"BeamNGTrigger","persistentId":"3b48da9d-dc10-4d12-90d2-8f7b508f7496","__parent":"busstops","position":[-830.2626342773438,885.2669677734375,79.87612915039063],"TriggerMode":"Contains","TriggerTestType":"Bounding box","luaFunction":"onBeamNGTrigger","rotationMatrix":[0.00316406786441803,-0.9999938607215881,0.0005105354357510805,0.9999939203262329,0.003164023160934448,-0.0004649620968848467,0.0004633446806110442,0.0005120046553201973,0.9999997615814209],"scale":[4.919890880584717,17.65708541870117,11.76768398284912],"stopName":"Belasco Boulevard","ticking":true,"triggerColor":[0,133,255,45],"type":"busstop"}
{"name":"wcu_bs_02","class":"BeamNGTrigger","persistentId":"db552eb0-d24e-4864-9150-0d577e41542b","__parent":"busstops","position":[218.0372924804688,822.4910278320313,105.8303451538086],"TriggerMode":"Contains","TriggerTestType":"Bounding box","luaFunction":"onBeamNGTrigger","rotationMatrix":[0.3631936013698578,-0.9317129850387573,0.000308757385937497,0.9317129850387573,0.363193541765213,-0.0006176613969728351,0.0004633446806110442,0.0005120046553201973,0.9999997615814209],"scale":[4.919890880584717,17.65708541870117,11.76768398284912],"stopName":"Platin Gate Bridge","ticking":true,"triggerColor":[0,133,255,45],"type":"busstop"}
{"name":"wcu_bs_02_b","class":"BeamNGTrigger","persistentId":"630b08fc-8ecd-4070-9170-17dfa7880842","__parent":"busstops","position":[219.917236328125,829.730224609375,105.8303451538086],"TriggerMode":"Contains","TriggerTestType":"Bounding box","luaFunction":"onBeamNGTrigger","rotationMatrix":[0.2955732643604279,-0.9553192257881165,0.0003087573568336666,0.9553192257881165,0.2955732047557831,-0.0006176611641421914,0.0004988037399016321,0.0004775266570504755,0.9999997615814209],"scale":[4.919890880584717,17.65708541870117,11.76768398284912],"stopName":"Platin Gate Bridge","ticking":true,"triggerColor":[0,133,255,45],"type":"busstop"}
{"name":"wcu_bs_03","class":"BeamNGTrigger","persistentId":"e6cf1998-245f-4e7c-ac5d-e739dcedd0ca","__parent":"busstops","position":[-850.9417114257813,771.7662353515625,95.22383880615234],"TriggerMode":"Contains","TriggerTestType":"Bounding box","luaFunction":"onBeamNGTrigger","rotationMatrix":[-0.002973057329654694,-0.9999945759773254,0.0005133795202709734,0.999994695186615,-0.002973103895783424,-0.0004618204548023641,0.0004633446806110442,0.0005120046553201973,0.9999997615814209],"scale":[4.919890880584717,17.65708541870117,11.76768398284912],"stopName":"Fjord Street","ticking":true,"triggerColor":[0,133,255,45],"type":"busstop"}
{"name":"wcu_bs_01_b","class":"BeamNGTrigger","persistentId":"60dfe0bf-eb98-4e1a-a276-0707a50b157f","__parent":"busstops","position":[-843.2556762695313,869.6309204101563,79.89015960693359],"TriggerMode":"Contains","TriggerTestType":"Bounding box","luaFunction":"onBeamNGTrigger","rotationMatrix":[0.00316406786441803,-0.9999938607215881,0.0005105354357510805,0.9999939203262329,0.003164023160934448,-0.0004649620968848467,0.0004633446806110442,0.0005120046553201973,0.9999997615814209],"scale":[4.919890880584717,17.65708541870117,11.76768398284912],"stopName":"Belasco Boulevard","ticking":true,"triggerColor":[0,133,255,45],"type":"busstop"}
{"name":"wcu_bs_03_b","class":"BeamNGTrigger","persistentId":"f17b68e2-4bef-4218-b637-1cb1452dc24d","__parent":"busstops","position":[-843.7216796875,766.8859252929688,95.22298431396484],"TriggerMode":"Contains","TriggerTestType":"Bounding box","luaFunction":"onBeamNGTrigger","rotationMatrix":[-0.002973057329654694,-0.9999945759773254,0.0005133795202709734,0.999994695186615,-0.002973103895783424,-0.0004618204548023641,0.0004633446806110442,0.0005120046553201973,0.9999997615814209],"scale":[4.919890880584717,17.65708541870117,11.76768398284912],"stopName":"Fjord Street","ticking":true,"triggerColor":[0,133,255,45],"type":"busstop"}
{"name":"wcu_bs_04","class":"BeamNGTrigger","persistentId":"76d8d018-019e-4056-94a0-5cc4f82ea257","__parent":"busstops","position":[-409.7962036132813,680.0003051757813,79.09672546386719],"TriggerMode":"Contains","TriggerTestType":"Bounding box","luaFunction":"onBeamNGTrigger","rotationMatrix":[-0.6802318096160889,-0.7329956293106079,0.0006904791807755828,0.7329957485198975,-0.6802317500114441,8.651757525512949e-06,0.0004633446806110442,0.0005120046553201973,0.9999997615814209],"scale":[4.919890880584717,17.65708541870117,11.76768398284912],"stopName":"Convention Center","ticking":true,"triggerColor":[0,133,255,45],"type":"busstop"}
{"name":"wcu_bs_04_b","class":"BeamNGTrigger","persistentId":"421fdd8a-81f7-4bf3-9d22-6a3303d73eca","__parent":"busstops","position":[-464.6391906738281,710.5620727539063,79.1070556640625],"TriggerMode":"Contains","TriggerTestType":"Bounding box","luaFunction":"onBeamNGTrigger","rotationMatrix":[-0.7044731974601746,-0.7097289562225342,0.0006897988496348262,0.7097290754318237,-0.7044731974601746,3.184393790434115e-05,0.0004633446806110442,0.0005120046553201973,0.9999997615814209],"scale":[4.919890880584717,17.65708541870117,11.76768398284912],"stopName":"Convention Center","ticking":true,"triggerColor":[0,133,255,45],"type":"busstop"}
{"name":"wcu_bs_05","class":"BeamNGTrigger","persistentId":"380fbb2d-1cdd-4b53-b83b-318fa948a66b","__parent":"busstops","position":[-868.5988159179688,664.0520629882813,114.9941635131836],"TriggerMode":"Contains","TriggerTestType":"Bounding box","luaFunction":"onBeamNGTrigger","rotationMatrix":[0.03276658430695534,-0.9994621276855469,0.0004965470288880169,0.9994621872901917,0.03276652097702026,-0.0004798727750312537,0.0004633446806110442,0.0005120046553201973,0.9999997615814209],"scale":[4.919890880584717,17.65708541870117,11.76768398284912],"stopName":"Logan Park","ticking":true,"triggerColor":[0,133,255,45],"type":"busstop"}
{"name":"wcu_bs_05_b","class":"BeamNGTrigger","persistentId":"705909be-703f-4386-a600-75f923a62ba9","__parent":"busstops","position":[-875.873779296875,658.8460693359375,115.0006561279297],"TriggerMode":"Contains","TriggerTestType":"Bounding box","luaFunction":"onBeamNGTrigger","rotationMatrix":[0.007271469570696354,-0.9999726414680481,0.0005086214514449239,0.9999727010726929,0.007271403446793556,-0.0004670556809287518,0.0004633446806110442,0.0005120046553201973,0.9999997615814209],"scale":[4.919890880584717,17.65708541870117,11.76768398284912],"stopName":"Logan Park","ticking":true,"triggerColor":[0,133,255,45],"type":"busstop"}
{"name":"wcu_bs_06","class":"BeamNGTrigger","persistentId":"ed78fed2-de25-42f1-a578-01c0a2ddbd8d","__parent":"busstops","position":[-595.2703247070313,648.3585205078125,96.19450378417969],"TriggerMode":"Contains","TriggerTestType":"Bounding box","luaFunction":"onBeamNGTrigger","rotationMatrix":[-0.6998887062072754,-0.7142505049705505,0.0006899898871779442,0.7142505645751953,-0.6998886466026306,2.740160562098026e-05,0.0004633446806110442,0.0005120046553201973,0.9999997615814209],"scale":[4.919890880584717,17.65708541870117,11.76768398284912],"stopName":"Station","ticking":true,"triggerColor":[0,133,255,45],"type":"busstop"}
{"name":"wcu_bs_06_b","class":"BeamNGTrigger","persistentId":"b2d04bd7-d4d7-4e61-b261-38b267127c96","__parent":"busstops","position":[-571.3736572265625,606.7388305664063,94.72164916992188],"TriggerMode":"Contains","TriggerTestType":"Bounding box","luaFunction":"onBeamNGTrigger","rotationMatrix":[-0.6998887062072754,-0.7142505049705505,0.0006899898871779442,0.7142505645751953,-0.6998886466026306,2.740160562098026e-05,0.0004633446806110442,0.0005120046553201973,0.9999997615814209],"scale":[4.919890880584717,17.65708541870117,11.76768398284912],"stopName":"Station","ticking":true,"triggerColor":[0,133,255,45],"type":"busstop"}
{"name":"wcu_bs_07","class":"BeamNGTrigger","persistentId":"93221c78-ecc2-4542-81e7-4708aa571fc3","__parent":"busstops","position":[-259.1570129394531,606.906982421875,79.49235534667969],"TriggerMode":"Contains","TriggerTestType":"Bounding box","luaFunction":"onBeamNGTrigger","rotationMatrix":[-0.9999907612800598,0.003990331664681435,0.0004612980992533267,-0.003990374505519867,-0.999990701675415,0.000513848674017936,0.0004633446806110442,0.0005120046553201973,0.9999997615814209],"scale":[4.919890880584717,17.65708541870117,11.76768398284912],"stopName":"Belasco Pier","ticking":true,"triggerColor":[0,133,255,45],"type":"busstop"}
{"name":"wcu_bs_07_b","class":"BeamNGTrigger","persistentId":"d4bba1cf-23e5-4792-96be-c06b86677c67","__parent":"busstops","position":[-270.8069763183594,615.9579467773438,79.49312591552734],"TriggerMode":"Contains","TriggerTestType":"Bounding box","luaFunction":"onBeamNGTrigger","rotationMatrix":[-0.9999907612800598,0.003990331664681435,0.0004612980992533267,-0.003990374505519867,-0.999990701675415,0.000513848674017936,0.0004633446806110442,0.0005120046553201973,0.9999997615814209],"scale":[4.919890880584717,17.65708541870117,11.76768398284912],"stopName":"Belasco Pier","ticking":true,"triggerColor":[0,133,255,45],"type":"busstop"}
{"name":"wcu_bs_08","class":"BeamNGTrigger","persistentId":"50f54b3b-35fd-45f5-8e4e-2d26efbcd3a6","__parent":"busstops","position":[-39.67583847045898,522.342041015625,79.68207550048828],"TriggerMode":"Contains","TriggerTestType":"Bounding box","luaFunction":"onBeamNGTrigger","rotationMatrix":[-0.804088294506073,-0.5945074558258057,0.0006769605097360909,0.5945074558258057,-0.8040881752967834,0.0001362344046356156,0.0004633446806110442,0.0005120046553201973,0.9999997615814209],"scale":[4.919890880584717,17.65708541870117,11.76768398284912],"stopName":"Dockyards","ticking":true,"triggerColor":[0,133,255,45],"type":"busstop"}
{"name":"wcu_bs_08_b","class":"BeamNGTrigger","persistentId":"97234a27-0e67-438b-9021-84b02d68e691","__parent":"busstops","position":[-46.51697540283203,518.4078369140625,79.68726348876953],"TriggerMode":"Contains","TriggerTestType":"Bounding box","luaFunction":"onBeamNGTrigger","rotationMatrix":[-0.804088294506073,-0.5945074558258057,0.0006769605097360909,0.5945074558258057,-0.8040881752967834,0.0001362344046356156,0.0004633446806110442,0.0005120046553201973,0.9999997615814209],"scale":[4.919890880584717,17.65708541870117,11.76768398284912],"stopName":"Dockyards","ticking":true,"triggerColor":[0,133,255,45],"type":"busstop"}
{"name":"wcu_bs_09","class":"BeamNGTrigger","persistentId":"02910b4c-e879-4756-a661-c36a047496f5","__parent":"busstops","position":[-792.756591796875,558.9600219726563,129.17822265625],"TriggerMode":"Contains","TriggerTestType":"Bounding box","luaFunction":"onBeamNGTrigger","rotationMatrix":[0.001352164894342422,-0.9999973177909851,0.0005113762454129755,0.9999972581863403,0.001352287828922272,-0.0004640362458303571,0.0004633446806110442,0.0005120046553201973,0.9999997615814209],"scale":[4.919890880584717,17.65708541870117,11.76768398284912],"stopName":"Little China","ticking":true,"triggerColor":[0,133,255,45],"type":"busstop"}
{"name":"wcu_bs_09_b","class":"BeamNGTrigger","persistentId":"9338f7ed-ffc3-4118-bc01-659540d12bbe","__parent":"busstops","position":[-802.4989013671875,550.9812622070313,129.1868286132813],"TriggerMode":"Contains","TriggerTestType":"Bounding box","luaFunction":"onBeamNGTrigger","rotationMatrix":[0.001352164894342422,-0.9999973177909851,0.0005113762454129755,0.9999972581863403,0.001352287828922272,-0.0004640362458303571,0.0004633446806110442,0.0005120046553201973,0.9999997615814209],"scale":[4.919890880584717,17.65708541870117,11.76768398284912],"stopName":"Little China","ticking":true,"triggerColor":[0,133,255,45],"type":"busstop"}
{"name":"wcu_bs_10","class":"BeamNGTrigger","persistentId":"714e45d3-42aa-450b-9a33-f800095703b8","__parent":"busstops","position":[-260.1783447265625,528.9158325195313,79.21635437011719],"TriggerMode":"Contains","TriggerTestType":"Bounding box","luaFunction":"onBeamNGTrigger","rotationMatrix":[-0.6971629858016968,-0.7169103622436523,0.0006900880835019052,0.7169102430343628,-0.6971628665924072,2.477348425600212e-05,0.0004633446806110442,0.0005120046553201973,0.9999997615814209],"scale":[4.919890880584717,17.65708541870117,11.76768398284912],"stopName":"Central Hospital","ticking":true,"triggerColor":[0,133,255,45],"type":"busstop"}
{"name":"wcu_bs_10_b","class":"BeamNGTrigger","persistentId":"b04958b4-1d9b-4897-a3f3-fba3619f7f29","__parent":"busstops","position":[-257.6140747070313,504.8918151855469,79.22747039794922],"TriggerMode":"Contains","TriggerTestType":"Bounding box","luaFunction":"onBeamNGTrigger","rotationMatrix":[-0.6438531279563904,-0.765146791934967,0.0006900845910422504,0.7651466727256775,-0.6438530087471008,-2.487164601916447e-05,0.0004633446806110442,0.0005120046553201973,0.9999997615814209],"scale":[6.454861640930176,17.65708541870117,11.76768398284912],"stopName":"Central Hospital","ticking":true,"triggerColor":[0,133,255,45],"type":"busstop"}
{"name":"wcu_bs_11","class":"BeamNGTrigger","persistentId":"3aa89038-c643-41ec-a6bb-f086ead4cfba","__parent":"busstops","position":[-586.7333374023438,422.570556640625,114.7316284179688],"TriggerMode":"Contains","TriggerTestType":"Bounding box","luaFunction":"onBeamNGTrigger","rotationMatrix":[-0.7141040563583374,-0.7000369429588318,0.000689298496581614,0.700036883354187,-0.7141039967536926,4.12654408137314e-05,0.0004633446806110442,0.0005120046553201973,0.9999997615814209],"scale":[6.454861640930176,17.65708541870117,11.76768398284912],"stopName":"Stock Market","ticking":true,"triggerColor":[0,133,255,45],"type":"busstop"}
{"name":"wcu_bs_11_b","class":"BeamNGTrigger","persistentId":"11838628-a503-4ab5-9598-d28d7c7ba955","__parent":"busstops","position":[-625.2192993164063,450.7036437988281,119.2161026000977],"TriggerMode":"Contains","TriggerTestType":"Bounding box","luaFunction":"onBeamNGTrigger","rotationMatrix":[-0.7141040563583374,-0.7000369429588318,0.000689298496581614,0.700036883354187,-0.7141039967536926,4.12654408137314e-05,0.0004633446806110442,0.0005120046553201973,0.9999997615814209],"scale":[5.609934329986572,20.41126251220703,11.76768398284912],"stopName":"Stock Market","ticking":true,"triggerColor":[0,133,255,45],"type":"busstop"}
{"name":"wcu_bs_12","class":"BeamNGTrigger","persistentId":"2fcbbfeb-b344-4def-86e4-93c77bcbb78d","__parent":"busstops","position":[-433.1321105957031,485.950439453125,100.3013534545898],"TriggerMode":"Contains","TriggerTestType":"Bounding box","luaFunction":"onBeamNGTrigger","rotationMatrix":[-0.7048650979995728,-0.7093397378921509,0.0006897808634676039,0.7093398571014404,-0.7048650979995728,3.222527448087931e-05,0.0004633446806110442,0.0005120046553201973,0.9999997615814209],"scale":[4.760075092315674,16.74991035461426,11.76768398284912],"stopName":"Royal Bank","ticking":true,"triggerColor":[0,133,255,45],"type":"busstop"}
{"name":"wcu_bs_12_b","class":"BeamNGTrigger","persistentId":"c0b0aa69-a906-4d0f-afec-326f91ecf14c","__parent":"busstops","position":[-442.1188049316406,478.1887817382813,100.3094940185547],"TriggerMode":"Contains","TriggerTestType":"Bounding box","luaFunction":"onBeamNGTrigger","rotationMatrix":[-0.7048650979995728,-0.7093397378921509,0.0006897808634676039,0.7093398571014404,-0.7048650979995728,3.222527448087931e-05,0.0004633446806110442,0.0005120046553201973,0.9999997615814209],"scale":[4.760075092315674,16.74991035461426,11.76768398284912],"stopName":"Royal Bank","ticking":true,"triggerColor":[0,133,255,45],"type":"busstop"}
{"name":"wcu_bs_13","class":"BeamNGTrigger","persistentId":"6f5b7102-9530-41d2-86f0-eafd4a8f3c67","__parent":"busstops","position":[-3.099521160125732,422.8504638671875,105.5242538452148],"TriggerMode":"Contains","TriggerTestType":"Bounding box","luaFunction":"onBeamNGTrigger","rotationMatrix":[0.6699140071868896,-0.7424359917640686,6.972873961785808e-05,0.7424359917640686,0.6699141263961792,-0.0006870032520964742,0.0004633446806110442,0.0005120046553201973,0.9999997615814209],"scale":[4.962576389312744,17.65708541870117,11.76768398284912],"stopName":"Canal St","ticking":true,"triggerColor":[0,133,255,45],"type":"busstop"}
{"name":"wcu_bs_13_b","class":"BeamNGTrigger","persistentId":"9cc7ca6b-7a90-4571-9fb3-7012310e5334","__parent":"busstops","position":[15.71627807617188,459.2994995117188,105.4968795776367],"TriggerMode":"Contains","TriggerTestType":"Bounding box","luaFunction":"onBeamNGTrigger","rotationMatrix":[0.6699140071868896,-0.7424359917640686,6.972873961785808e-05,0.7424359917640686,0.6699141263961792,-0.0006870032520964742,0.0004633446806110442,0.0005120046553201973,0.9999997615814209],"scale":[4.962576389312744,17.65708541870117,11.76768398284912],"stopName":"Canal St","ticking":true,"triggerColor":[0,133,255,45],"type":"busstop"}
{"name":"wcu_bs_14","class":"BeamNGTrigger","persistentId":"de974e31-d82e-4344-b877-405762fd0816","__parent":"busstops","position":[-811.4945068359375,312.3993530273438,156.0130004882813],"TriggerMode":"Contains","TriggerTestType":"Bounding box","luaFunction":"onBeamNGTrigger","rotationMatrix":[0.7025100588798523,-0.711670994758606,3.887368075083941e-05,0.711670994758606,0.7025101780891418,-0.000689437729306519,0.0004633446806110442,0.0005120046553201973,0.9999997615814209],"scale":[4.962576389312744,17.65708541870117,11.76768398284912],"stopName":"Church St","ticking":true,"triggerColor":[0,133,255,45],"type":"busstop"}
{"name":"wcu_bs_14_b","class":"BeamNGTrigger","persistentId":"f7056b39-75d1-4659-b359-dee32c384548","__parent":"busstops","position":[-815.1738891601563,324.9307861328125,155.2700347900391],"TriggerMode":"Contains","TriggerTestType":"Bounding box","luaFunction":"onBeamNGTrigger","rotationMatrix":[0.7025100588798523,-0.711670994758606,3.887368075083941e-05,0.711670994758606,0.7025101780891418,-0.000689437729306519,0.0004633446806110442,0.0005120046553201973,0.9999997615814209],"scale":[4.962576389312744,17.65708541870117,11.76768398284912],"stopName":"Church St","ticking":true,"triggerColor":[0,133,255,45],"type":"busstop"}
{"name":"wcu_bs_15","class":"BeamNGTrigger","persistentId":"9bfefd10-d8c8-4c3c-90ff-457fc7e82174","__parent":"busstops","position":[-550.386474609375,420.6217651367188,111.7943954467773],"TriggerMode":"Contains","TriggerTestType":"Bounding box","luaFunction":"onBeamNGTrigger","rotationMatrix":[0.7025100588798523,-0.711670994758606,3.887368075083941e-05,0.711670994758606,0.7025101780891418,-0.000689437729306519,0.0004633446806110442,0.0005120046553201973,0.9999997615814209],"scale":[4.962576389312744,17.65708541870117,11.76768398284912],"stopName":"Clinton Hotel","ticking":true,"triggerColor":[0,133,255,45],"type":"busstop"}
{"name":"wcu_bs_15_b","class":"BeamNGTrigger","persistentId":"ac91f9da-3c4e-46f6-9f5f-a6007a726865","__parent":"busstops","position":[-548.8521728515625,433.7341613769531,110.9164199829102],"TriggerMode":"Contains","TriggerTestType":"Bounding box","luaFunction":"onBeamNGTrigger","rotationMatrix":[0.7025100588798523,-0.711670994758606,3.887368075083941e-05,0.711670994758606,0.7025101780891418,-0.000689437729306519,0.0004633446806110442,0.0005120046553201973,0.9999997615814209],"scale":[4.962576389312744,17.65708541870117,11.76768398284912],"stopName":"Clinton Hotel","ticking":true,"triggerColor":[0,133,255,45],"type":"busstop"}
{"name":"wcu_bs_16","class":"BeamNGTrigger","persistentId":"49ea56c4-dcfb-49e2-976f-997f2ae872fa","__parent":"busstops","position":[-510.5076904296875,301.9092102050781,102.7974090576172],"TriggerMode":"Contains","TriggerTestType":"Bounding box","luaFunction":"onBeamNGTrigger","rotationMatrix":[0.7093397974967957,-0.7048649787902832,3.222536543034948e-05,0.7048650979995728,0.7093396186828613,-0.0006897810962982476,0.0004633446806110442,0.0005120046553201973,0.9999997615814209],"scale":[5.234010219573975,18.1068286895752,11.7677001953125],"stopName":"Snooze News","ticking":true,"triggerColor":[0,133,255,45],"type":"busstop"}
{"name":"wcu_bs_16_b","class":"BeamNGTrigger","persistentId":"486ab9f5-420b-4579-a1b3-34b8439ee829","__parent":"busstops","position":[-476.2191772460938,354.0979309082031,102.4919357299805],"TriggerMode":"Contains","TriggerTestType":"Bounding box","luaFunction":"onBeamNGTrigger","rotationMatrix":[0.7003138065338135,-0.7138336300849915,4.099955185665749e-05,0.713833749294281,0.7003136277198792,-0.000689315318595618,0.0004633446806110442,0.0005120046553201973,0.9999997615814209],"scale":[5.234010219573975,18.1068286895752,11.7677001953125],"stopName":"Snooze News","ticking":true,"triggerColor":[0,133,255,45],"type":"busstop"}
{"name":"wcu_bs_17","class":"BeamNGTrigger","persistentId":"fb7f6f78-4c5a-4468-ab5d-2d37961dcd1b","__parent":"busstops","position":[-348.1007690429688,284.0291137695313,106.9286346435547],"TriggerMode":"Contains","TriggerTestType":"Bounding box","luaFunction":"onBeamNGTrigger","rotationMatrix":[-0.6579266786575317,0.7530814409255981,-8.073457865975797e-05,-0.7530814409255981,-0.6579265594482422,0.0006857978296466172,0.0004633446806110442,0.0005120046553201973,0.9999997615814209],"scale":[4.376167297363281,18.1068286895752,11.7677001953125],"stopName":"Riverway Plaza","ticking":true,"triggerColor":[0,133,255,45],"type":"busstop"}
{"name":"wcu_bs_17_b","class":"BeamNGTrigger","persistentId":"579191bf-45d5-4dee-ac4f-cf6b22ba5474","__parent":"busstops","position":[-403.8092651367188,247.8434600830078,106.6175155639648],"TriggerMode":"Contains","TriggerTestType":"Bounding box","luaFunction":"onBeamNGTrigger","rotationMatrix":[-0.7647389769554138,0.6443381905555725,2.443343510094564e-05,-0.644338071346283,-0.7647387981414795,0.0006901005399413407,0.0004633446806110442,0.0005120046553201973,0.9999997615814209],"scale":[5.234010219573975,18.1068286895752,11.7677001953125],"stopName":"Riverway Plaza","ticking":true,"triggerColor":[0,133,255,45],"type":"busstop"}
{"name":"wcu_bs_18","class":"BeamNGTrigger","persistentId":"aa598e63-8ca2-4b2d-ab00-06d904059030","__parent":"busstops","position":[-762.169921875,209.0792541503906,142.4905395507813],"TriggerMode":"Contains","TriggerTestType":"Bounding box","luaFunction":"onBeamNGTrigger","rotationMatrix":[-0.7105672359466553,0.7036274075508118,-3.102308619418181e-05,-0.703627347946167,-0.7105670571327209,0.0006898356950841844,0.0004633446806110442,0.0005120046553201973,0.9999997615814209],"scale":[5.234010219573975,18.1068286895752,11.7677001953125],"stopName":"Winchester Rd","ticking":true,"triggerColor":[0,133,255,45],"type":"busstop"}
{"name":"wcu_bs_18_b","class":"BeamNGTrigger","persistentId":"a64d952e-6f92-42f5-baec-8d0de61fb5e0","__parent":"busstops","position":[-721.6580810546875,260.44287109375,137.6635284423828],"TriggerMode":"Contains","TriggerTestType":"Bounding box","luaFunction":"onBeamNGTrigger","rotationMatrix":[-0.7105672359466553,0.7036274075508118,-3.102308619418181e-05,-0.703627347946167,-0.7105670571327209,0.0006898356950841844,0.0004633446806110442,0.0005120046553201973,0.9999997615814209],"scale":[5.234010219573975,18.1068286895752,11.7677001953125],"stopName":"Winchester Rd","ticking":true,"triggerColor":[0,133,255,45],"type":"busstop"}
{"name":"wcu_bs_19","class":"BeamNGTrigger","persistentId":"bb9f37f1-fb9a-420f-addd-2b4d2ac0fd3b","__parent":"busstops","position":[-903.06640625,220.7838745117188,163.5424957275391],"TriggerMode":"Contains","TriggerTestType":"Bounding box","luaFunction":"onBeamNGTrigger","rotationMatrix":[-0.7105672359466553,0.7036274075508118,-3.102308619418181e-05,-0.703627347946167,-0.7105670571327209,0.0006898356950841844,0.0004633446806110442,0.0005120046553201973,0.9999997615814209],"scale":[5.234010219573975,18.1068286895752,11.7677001953125],"stopName":"Cloverfield Ln","ticking":true,"triggerColor":[0,133,255,45],"type":"busstop"}
{"name":"wcu_bs_19_b","class":"BeamNGTrigger","persistentId":"7d1ea8a5-8b78-4e93-a6ae-e4ea7498b67a","__parent":"busstops","position":[-908.1986694335938,232.0782775878906,163.5390930175781],"TriggerMode":"Contains","TriggerTestType":"Bounding box","luaFunction":"onBeamNGTrigger","rotationMatrix":[-0.7105672359466553,0.7036274075508118,-3.102308619418181e-05,-0.703627347946167,-0.7105670571327209,0.0006898356950841844,0.0004633446806110442,0.0005120046553201973,0.9999997615814209],"scale":[5.234010219573975,18.1068286895752,11.7677001953125],"stopName":"Cloverfield Ln","ticking":true,"triggerColor":[0,133,255,45],"type":"busstop"}
{"name":"wcu_bs_20","class":"BeamNGTrigger","persistentId":"2bd7fdfb-31a4-41ee-8b6f-4d54c816873d","__parent":"busstops","position":[-682.6712036132813,130.1558380126953,120.675537109375],"TriggerMode":"Contains","TriggerTestType":"Bounding box","luaFunction":"onBeamNGTrigger","rotationMatrix":[0.7093397974967957,-0.7048649787902832,3.222536543034948e-05,0.7048650979995728,0.7093396186828613,-0.0006897810962982476,0.0004633446806110442,0.0005120046553201973,0.9999997615814209],"scale":[5.325581550598145,18.2552661895752,11.7677001953125],"stopName":"Star Diner","ticking":true,"triggerColor":[0,133,255,45],"type":"busstop"}
{"name":"wcu_bs_20_b","class":"BeamNGTrigger","persistentId":"00e93a18-0ac7-4e42-b0c4-19dc52184d51","__parent":"busstops","position":[-665.0081787109375,165.2700653076172,120.6493759155273],"TriggerMode":"Contains","TriggerTestType":"Bounding box","luaFunction":"onBeamNGTrigger","rotationMatrix":[0.7093397974967957,-0.7048649787902832,3.222536543034948e-05,0.7048650979995728,0.7093396186828613,-0.0006897810962982476,0.0004633446806110442,0.0005120046553201973,0.9999997615814209],"scale":[5.325581550598145,18.2552661895752,11.7677001953125],"stopName":"Star Diner","ticking":true,"triggerColor":[0,133,255,45],"type":"busstop"}
{"name":"wcu_bs_21","class":"BeamNGTrigger","persistentId":"c29e11be-f191-47e3-8fe6-eeb06b28dbce","__parent":"busstops","position":[1.129271864891052,180.0236206054688,131.2320709228516],"TriggerMode":"Contains","TriggerTestType":"Bounding box","luaFunction":"onBeamNGTrigger","rotationMatrix":[0.7093397974967957,-0.7048649787902832,3.222536543034948e-05,0.7048650979995728,0.7093396186828613,-0.0006897810962982476,0.0004633446806110442,0.0005120046553201973,0.9999997615814209],"scale":[5.325581550598145,18.2552661895752,11.7677001953125],"stopName":"Tennis/Basketball Club","ticking":true,"triggerColor":[0,133,255,45],"type":"busstop"}
{"name":"wcu_bs_21_b","class":"BeamNGTrigger","persistentId":"61777c8f-9739-442a-b566-bd4e5ca8056c","__parent":"busstops","position":[-0.2072043418884277,186.6949615478516,131.2292785644531],"TriggerMode":"Contains","TriggerTestType":"Bounding box","luaFunction":"onBeamNGTrigger","rotationMatrix":[0.7093397974967957,-0.7048649787902832,3.222536543034948e-05,0.7048650979995728,0.7093396186828613,-0.0006897810962982476,0.0004633446806110442,0.0005120046553201973,0.9999997615814209],"scale":[5.325581550598145,18.2552661895752,11.7677001953125],"stopName":"Tennis/Basketball Club","ticking":true,"triggerColor":[0,133,255,45],"type":"busstop"}
{"name":"wcu_bs_22","class":"BeamNGTrigger","persistentId":"3daceb51-d4f2-41e4-a31b-f1be4ab9d0aa","__parent":"busstops","position":[-728.4095458984375,-37.88582229614258,107.6150817871094],"TriggerMode":"Contains","TriggerTestType":"Bounding box","luaFunction":"onBeamNGTrigger","rotationMatrix":[0.7093397974967957,-0.7048649787902832,3.222536543034948e-05,0.7048650979995728,0.7093396186828613,-0.0006897810962982476,0.0004633446806110442,0.0005120046553201973,0.9999997615814209],"scale":[5.325581550598145,18.2552661895752,11.7677001953125],"stopName":"Harlem St","ticking":true,"triggerColor":[0,133,255,45],"type":"busstop"}
{"name":"wcu_bs_22_b","class":"BeamNGTrigger","persistentId":"d5907f5b-e80e-4736-bd6e-a6df6ee32f13","__parent":"busstops","position":[-718.4400024414063,-16.0735969543457,107.5992889404297],"TriggerMode":"Contains","TriggerTestType":"Bounding box","luaFunction":"onBeamNGTrigger","rotationMatrix":[0.7093397974967957,-0.7048649787902832,3.222536543034948e-05,0.7048650979995728,0.7093396186828613,-0.0006897810962982476,0.0004633446806110442,0.0005120046553201973,0.9999997615814209],"scale":[5.325581550598145,18.2552661895752,11.7677001953125],"stopName":"Harlem St","ticking":true,"triggerColor":[0,133,255,45],"type":"busstop"}
{"name":"wcu_bs_23","class":"BeamNGTrigger","persistentId":"98ee2522-6937-4180-80ad-e31a64e6e658","__parent":"busstops","position":[416.0747985839844,-302.0912475585938,157.3024139404297],"TriggerMode":"Contains","TriggerTestType":"Bounding box","luaFunction":"onBeamNGTrigger","rotationMatrix":[-0.7152923941612244,-0.6988251209259033,0.0005564684979617596,0.6988250017166138,-0.7152925729751587,-0.0004088784335181117,0.0006837722612544894,9.640650387154892e-05,0.9999997615814209],"scale":[5.325581550598145,18.2552661895752,11.7677001953125],"stopName":"Motorsports Park","ticking":true,"triggerColor":[0,133,255,45],"type":"busstop"}
{"name":"wcu_bs_24","class":"BeamNGTrigger","persistentId":"3ba43b20-eb5e-469a-971c-812cd0f45560","__parent":"busstops","position":[-584.0803833007813,-527.224853515625,120.9015655517578],"TriggerMode":"Contains","TriggerTestType":"Bounding box","luaFunction":"onBeamNGTrigger","rotationMatrix":[-0.1791283637285233,-0.9838239550590515,0.0005867211730219424,0.9838241934776306,-0.1791283488273621,-0.0003641353687271476,0.0004633446806110442,0.0005120046553201973,0.9999997615814209],"scale":[5.325581550598145,18.2552661895752,11.7677001953125],"stopName":"N Horizon Estates","ticking":true,"triggerColor":[0,133,255,45],"type":"busstop"}
{"name":"wcu_bs_24_b","class":"BeamNGTrigger","persistentId":"26da6f5c-8899-416c-b480-3cf55fd2f6c8","__parent":"busstops","position":[-585.4317626953125,-534.6469116210938,120.9059906005859],"TriggerMode":"Contains","TriggerTestType":"Bounding box","luaFunction":"onBeamNGTrigger","rotationMatrix":[-0.1791283637285233,-0.9838239550590515,0.0005867211730219424,0.9838241934776306,-0.1791283488273621,-0.0003641353687271476,0.0004633446806110442,0.0005120046553201973,0.9999997615814209],"scale":[5.325581550598145,18.2552661895752,11.7677001953125],"stopName":"N Horizon Estates","ticking":true,"triggerColor":[0,133,255,45],"type":"busstop"}
{"name":"wcu_bs_25","class":"BeamNGTrigger","persistentId":"198f6634-ea12-480e-af9b-2bcc6f719b68","__parent":"busstops","position":[-795.2940063476563,-598.3696899414063,106.5420761108398],"TriggerMode":"Contains","TriggerTestType":"Bounding box","luaFunction":"onBeamNGTrigger","rotationMatrix":[-0.6485875844955444,-0.761137843132019,0.0006902262102812529,0.7611380219459534,-0.6485874652862549,-2.058938116533682e-05,0.0004633446806110442,0.0005120046553201973,0.9999997615814209],"scale":[5.325581550598145,18.2552661895752,11.7677001953125],"stopName":"Lens Flare Studios","ticking":true,"triggerColor":[0,133,255,45],"type":"busstop"}
{"name":"wcu_bs_25_b","class":"BeamNGTrigger","persistentId":"3cc5b99f-4b0e-49d9-b81d-1cf49fe0e50e","__parent":"busstops","position":[-806.69970703125,-595.3584594726563,106.5458221435547],"TriggerMode":"Contains","TriggerTestType":"Bounding box","luaFunction":"onBeamNGTrigger","rotationMatrix":[-0.6485875844955444,-0.761137843132019,0.0006902262102812529,0.7611380219459534,-0.6485874652862549,-2.058938116533682e-05,0.0004633446806110442,0.0005120046553201973,0.9999997615814209],"scale":[5.325581550598145,18.2552661895752,11.7677001953125],"stopName":"Lens Flare Studios","ticking":true,"triggerColor":[0,133,255,45],"type":"busstop"}
{"name":"wcu_bs_26","class":"BeamNGTrigger","persistentId":"3b051e73-e676-487f-9065-0f866803543f","__parent":"busstops","position":[547.15966796875,-732.8348999023438,204.4121246337891],"TriggerMode":"Contains","TriggerTestType":"Bounding box","luaFunction":"onBeamNGTrigger","rotationMatrix":[0.457611620426178,-0.8891498446464539,0.0002432169567327946,0.8891499042510986,0.4576113820075989,-0.0006462825695052743,0.0004633446806110442,0.0005120046553201973,0.9999997615814209],"scale":[5.325581550598145,18.2552661895752,11.7677001953125],"stopName":"Agave Lookout","ticking":true,"triggerColor":[0,133,255,45],"type":"busstop"}
{"name":"wcu_bs_27","class":"BeamNGTrigger","persistentId":"fd9648ca-53ab-4bfe-904e-a7ee0cad7a73","__parent":"busstops","position":[-288.4208984375,-869.5175170898438,136.6205596923828],"TriggerMode":"Contains","TriggerTestType":"Bounding box","luaFunction":"onBeamNGTrigger","rotationMatrix":[-0.4954121112823486,-0.8686561584472656,0.0006902811583131552,0.8686563968658447,-0.4954122006893158,-1.865856575022917e-05,0.00035818264586851,0.0005903748096898198,0.9999997615814209],"scale":[5.325581550598145,18.2552661895752,11.7677001953125],"stopName":"E Horizon Estates","ticking":true,"triggerColor":[0,133,255,45],"type":"busstop"}
{"name":"wcu_bs_27_b","class":"BeamNGTrigger","persistentId":"9801d622-f341-4694-947f-bbeca50a5519","__parent":"busstops","position":[-301.7329711914063,-875.46142578125,136.6249084472656],"TriggerMode":"Contains","TriggerTestType":"Bounding box","luaFunction":"onBeamNGTrigger","rotationMatrix":[-0.5116521716117859,-0.8591901659965515,0.0006902822642587125,0.8591904044151306,-0.511652410030365,-1.865875310613774e-05,0.0003692175960168242,0.0005835393676534295,0.9999997615814209],"scale":[5.325581550598145,18.2552661895752,11.7677001953125],"stopName":"E Horizon Estates","ticking":true,"triggerColor":[0,133,255,45],"type":"busstop"}
{"name":"wcu_bs_28","class":"BeamNGTrigger","persistentId":"8028ddc2-6c75-4504-ba0b-ebe763f0128e","__parent":"busstops","position":[-610.0402221679688,-928.2376708984375,166.6224060058594],"TriggerMode":"Contains","TriggerTestType":"Bounding box","luaFunction":"onBeamNGTrigger","rotationMatrix":[-0.8380199670791626,0.5456367135047913,0.0001089235302060843,-0.5456367135047913,-0.8380196690559387,0.0006818879046477377,0.0004633446806110442,0.0005120046553201973,0.9999997615814209],"scale":[5.325581550598145,18.2552661895752,11.7677001953125],"stopName":"Redwood Motel","ticking":true,"triggerColor":[0,133,255,45],"type":"busstop"}
{"name":"wcu_bs_29","class":"BeamNGTrigger","persistentId":"49929d3a-3a7a-402d-9a31-fa8689e8db43","__parent":"busstops","position":[877.9785766601563,-959.7395629882813,175.2823791503906],"TriggerMode":"Contains","TriggerTestType":"Bounding box","luaFunction":"onBeamNGTrigger","rotationMatrix":[-0.6996554732322693,0.7144781947135925,-4.163460107520223e-05,-0.7144781947135925,-0.6996551752090454,0.0006892764940857887,0.0004633446806110442,0.0005120046553201973,0.9999997615814209],"scale":[5.325581550598145,18.2552661895752,11.7677001953125],"stopName":"Single Pine Motel","ticking":true,"triggerColor":[0,133,255,45],"type":"busstop"}
{"name":"wcu_cp_agave","class":"BeamNGTrigger","persistentId":"7ee5e5f4-a752-44cb-8c8d-f82ddac4c4f0","__parent":"busstops","position":[174.5851898193359,-766.9660034179688,148.8969421386719],"rotationMatrix":[0.7494967579841614,-0.6620084643363953,-1.209627953357995e-10,0.6620084047317505,0.7494965195655823,-0.0006905342452228069,0.0004571392491925508,0.0005175526603125036,0.9999997615814209],"scale":[21.83015441894531,6.96855354309082,19.0246467590332],"type":"buswp"}
{"name":"wcu_cp_hwy","class":"BeamNGTrigger","persistentId":"c6486e4d-a6da-4c98-b02d-ac49e7f78e78","__parent":"busstops","position":[679.4501953125,-895.9667358398438,149.8202819824219],"rotationMatrix":[0.330593079328537,-0.9437736868858337,-5.638867150992155e-11,0.9437736868858337,0.3305931389331818,-0.0006905337213538587,0.0006517070578411222,0.0002282853529322892,0.9999997615814209],"scale":[47.11652374267578,6.96855354309082,23.94537925720215],"type":"buswp"}
{"name":"wcu_cp_hrzn","class":"BeamNGTrigger","persistentId":"fdbf362b-ed27-41a7-a529-55b160aa2339","__parent":"busstops","position":[-305.0840148925781,-774.7649536132813,143.3257598876953],"rotationMatrix":[0.8103645443916321,-0.5859265923500061,-2.66481947619468e-10,0.5859267711639404,0.8103642463684082,-0.0006905337795615196,0.0004046019166707993,0.0005595834227278829,0.9999997615814209],"scale":[18.90019416809082,6.96855354309082,12.11621570587158],"type":"buswp"}
