{"name":"clouds1","class":"CloudLayer","persistentId":"1825ec5c-9a93-4e84-8d6a-e4cd79d0eece","__parent":"MissionGroup","position":[304.968994140625,588.9749755859375,72.87889862060547],"Textures":[{"texDirection":[1,1],"texScale":0.300000011920929,"texSpeed":0.001000000047497451},{"texDirection":[1,1],"texScale":1.5},{"texDirection":[1,1],"texScale":4}],"baseColor":[0.992156982421875,0.9960780143737793,0.9960780143737793,0.3219999969005585],"coverage":0.4000000059604645,"exposure":1.25,"texture":"art/skies/clouds/clouds_normal_displacement"}
{"name":"tod","class":"TimeOfDay","persistentId":"815ad9e0-8fba-4d30-88f0-5eeb21ae2c87","__parent":"MissionGroup","position":[36.62279891967773,-62.50979995727539,15.32040023803711],"axisTilt":30,"azimuthOverride":3,"nightScale":1,"play":false,"rotationMatrix":[5.960464477539063e-08,-1,0,1,5.960464477539063e-08,0,0,0,1],"startTime":0.119999997317791,"time":0.119999997317791}
{"class":"ForestWindEmitter","persistentId":"96699185-c7d0-4575-aae6-b31dd0b9cf2f","__parent":"MissionGroup","position":[-441.8590087890625,419.6860046386719,21.60569953918457],"hasMount":"0","strength":1.5}
{"name":"sunsky","class":"ScatterSky","persistentId":"2fa3b922-dd18-4974-bd3f-1db001d62b6b","__parent":"MissionGroup","position":[70.39710235595703,4.539209842681885,73.99230194091797],"ambientScale":[0.6000000238418579,0.7215690016746521,0.8274509906768799,1.041000008583069],"azimuth":171.8873291015625,"colorize":[0.6000000238418579,0.7725489735603333,0.8862749934196472,1],"colorizeAmount":0.449999988079071,"elevation":43.19999694824219,"exposure":1.200000047683716,"fadeStartDistance":700,"flareScale":10,"fogScale":[0.8431370258331299,0.8862749934196472,0.9058820009231567,0.8100000023841858],"lastSplitTerrainOnly":true,"logWeight":0.9800000190734863,"mieScattering":5.059999239165336e-06,"moonLightColor":[0.2470590025186539,0.2470590025186539,0.2470590025186539,1],"moonMat":"Moon_Glow_Mat","moonScale":0.02999999932944775,"nightColor":[0.02352939918637276,0.02352939918637276,0.02352930046617985,1],"nightCubemap":"BlackSkyCubemap","nightFogColor":[6.313690360861896e-41,0,0,1],"overDarkFactor":[20000,11000,2000,400],"rayleighScattering":0.003000000026077032,"shadowDarkenColor":[0,0,0,0],"shadowDistance":1600,"shadowSoftness":0.2000000029802322,"skyBrightness":340,"sunScale":[1,0.8600000143051147,0.6299999952316284,1],"sunSize":0.009999999776482582,"texSize":1024,"useNightCubemap":true}
{"name":"AIWaypointsGroup","class":"SimGroup","persistentId":"f1a112a6-ae10-45fd-8018-0a8ff4a172d6","__parent":"MissionGroup"}
{"name":"vegetation","class":"SimGroup","persistentId":"6aed09ea-f13a-4bd2-9fa5-6f99959ee058","__parent":"MissionGroup"}
{"name":"Water","class":"SimGroup","persistentId":"47f9471e-541b-4fd6-a9ee-88867ce7f681","__parent":"MissionGroup"}
{"name":"CameraBookmarks","class":"SimGroup","persistentId":"297f5227-f013-45ed-beee-7022ee801c7f","__parent":"MissionGroup"}
{"name":"theLevelInfo","class":"LevelInfo","persistentId":"51503d80-c3bd-4b1c-9816-df5b00581617","__parent":"MissionGroup","canvasClearColor":[1,1,1,255],"desc0":"West Coast USA","fogAtmosphereHeight":400,"fogColor":[0.9960780143737793,0.992156982421875,0.992156982421875,1],"fogDensity":0.00139999995008111,"globalEnviromentMap":"BNG_Sky_02_cubemap","gravity":-9.810000419616699,"levelName":"West Coast USA","soundAmbience":"AudioAmbienceDefault","temperatureCurveC":[0,25,1,25],"visibleDistance":4000}
{"name":"audio_prefab","class":"Prefab","persistentId":"4026544d-5f35-4e3a-8bc1-ecfc74b8308b","__parent":"MissionGroup","FileName":"levels/west_coast_usa/main.level.audio.prefab"}
{"name":"theTerrain","class":"TerrainBlock","persistentId":"1797e4d4-23c8-4bd8-b977-4414702b7879","__parent":"MissionGroup","position":[-1023.5,-1023.5,0],"maxHeight":384.6400146484375,"minimapImage":"levels/west_coast_usa/westcoast_minimap.png","terrainFile":"levels/west_coast_usa/west_coast_usa.ter"}
{"name":"StaticObjects","class":"SimGroup","persistentId":"7f2fbc41-890e-4a03-ad30-52fcec25403b","__parent":"MissionGroup"}
{"name":"PlayerDropPoints","class":"SimGroup","persistentId":"6ff78b92-7ec8-44ad-bb50-a2d03c2d8b84","__parent":"MissionGroup","Enabled":"1"}
{"name":"Statics","class":"SimGroup","persistentId":"22b40b5e-f6be-4e8a-a644-c633fb370a2f","__parent":"MissionGroup"}
{"name":"WCA_rain","class":"Precipitation","persistentId":"8066d681-9f26-45a8-ad30-fc0604778600","__parent":"MissionGroup","position":[-402.4587707519531,72.98406982421875,272.4047546386719],"boxHeight":50,"boxWidth":50,"dataBlock":"rain_drop","dropSize":0.2000000029802322,"hitVehicles":true,"maxSpeed":0.4000000059604645,"minSpeed":0.3499999940395355,"numDrops":0,"splashSize":0.2000000029802322,"useTurbulence":true}
{"name":"DecalRoads","class":"SimGroup","persistentId":"e7495bdc-8bd4-4e8a-82c7-cff539485467","__parent":"MissionGroup"}
{"name":"Justin","class":"SimGroup","persistentId":"6e01be7c-e438-4a4a-8b04-b1ee7c4837f0","__parent":"MissionGroup"}
{"name":"Sam","class":"SimGroup","persistentId":"f8bccfe1-3f33-447c-a8e7-dc58410fc4a6","__parent":"MissionGroup"}
{"name":"Christin","class":"SimGroup","persistentId":"b790b4ff-8243-4fef-88b7-497ce5d7e42c","__parent":"MissionGroup"}
{"name":"theForest","class":"Forest","persistentId":"7784d36c-43ec-4a68-a2e1-d11181eff095","__parent":"MissionGroup","position":[0,0,0.0148773193359375]}
{"name":"junction1_wp1","class":"BeamNGWaypoint","persistentId":"0c9e06bb-9b3e-4489-87d8-a070d2364962","__parent":"MissionGroup","position":[-287.25537109375,553.2463989257813,74.81543731689453],"rotationMatrix":[0.7197552919387817,-0.6942263841629028,-8.458300726488233e-11,0.6942264437675476,0.7197549343109131,-0.0006905334885232151,0.0004793873813468963,0.0004970156587660313,0.9999997615814209],"scale":[3.75,3.75,3.75]}
{"name":"junction1_wp4","class":"BeamNGWaypoint","persistentId":"08661a5e-063f-4c08-a4c7-fd289dba33f2","__parent":"MissionGroup","position":[-317.0471801757813,583.049560546875,74.83889770507813],"rotationMatrix":[0.7197552919387817,-0.6942263841629028,-8.458300726488233e-11,0.6942264437675476,0.7197549343109131,-0.0006905334885232151,0.0004793873813468963,0.0004970156587660313,0.9999997615814209],"scale":[3.75,3.75,3.75]}
{"name":"junction1_wp8","class":"BeamNGWaypoint","persistentId":"a6174fb3-8326-4b3f-bd4e-0913ec80adfc","__parent":"MissionGroup","position":[-356.4391174316406,605.0003662109375,74.90227508544922],"rotationMatrix":[0.7197552919387817,-0.6942263841629028,-8.458300726488233e-11,0.6942264437675476,0.7197549343109131,-0.0006905334885232151,0.0004793873813468963,0.0004970156587660313,0.9999997615814209],"scale":[3.75,3.75,3.75]}
{"name":"junction1_wp3","class":"BeamNGWaypoint","persistentId":"4ff6b333-6a94-4350-8454-8a86fd669fe2","__parent":"MissionGroup","position":[-319.5730895996094,567.8278198242188,74.76263427734375],"rotationMatrix":[0.7197552919387817,-0.6942263841629028,-8.458300726488233e-11,0.6942264437675476,0.7197549343109131,-0.0006905334885232151,0.0004793873813468963,0.0004970156587660313,0.9999997615814209],"scale":[3.75,3.75,3.75]}
{"name":"junction1_wp21","class":"BeamNGWaypoint","persistentId":"79c26169-e8f1-4985-80cd-b723386bdf6b","__parent":"MissionGroup","position":[-341.1073303222656,619.4190063476563,75.05759429931641],"Locked":true,"rotationMatrix":[0.7197552919387817,-0.6942263841629028,-8.458300726488233e-11,0.6942264437675476,0.7197549343109131,-0.0006905334885232151,0.0004793873813468963,0.0004970156587660313,0.9999997615814209],"scale":[4,4,4]}
{"name":"junction1_wp11","class":"BeamNGWaypoint","persistentId":"6796c742-9e7e-47c8-ba30-8737245d5cca","__parent":"MissionGroup","position":[-340.5615844726563,635.89990234375,74.90592193603516],"rotationMatrix":[0.7197552919387817,-0.6942263841629028,-8.458300726488233e-11,0.6942264437675476,0.7197549343109131,-0.0006905334885232151,0.0004793873813468963,0.0004970156587660313,0.9999997615814209],"scale":[6,6,6]}
{"name":"junction1_wp10","class":"BeamNGWaypoint","persistentId":"409ea940-fc55-4d38-ba24-4e5c49796ea7","__parent":"MissionGroup","position":[-349.2932434082031,627.413818359375,74.82923889160156],"rotationMatrix":[0.7197552919387817,-0.6942263841629028,-8.458300726488233e-11,0.6942264437675476,0.7197549343109131,-0.0006905334885232151,0.0004793873813468963,0.0004970156587660313,0.9999997615814209],"scale":[6,6,6]}
{"name":"junction1_wp17","class":"BeamNGWaypoint","persistentId":"c705e0f0-80f2-43d0-8109-4d5e48d544ce","__parent":"MissionGroup","position":[-359.2962036132813,628.2718505859375,74.94534301757813],"rotationMatrix":[0.7197552919387817,-0.6942263841629028,-8.458300726488233e-11,0.6942264437675476,0.7197549343109131,-0.0006905334885232151,0.0004793873813468963,0.0004970156587660313,0.9999997615814209],"scale":[6,6,6]}
{"name":"junction1_wp12","class":"BeamNGWaypoint","persistentId":"f8230f3a-2d2f-4c31-85a0-66cb5e833eb0","__parent":"MissionGroup","position":[-369.9557189941406,606.9547119140625,75.02444458007813],"rotationMatrix":[0.7197552919387817,-0.6942263841629028,-8.458300726488233e-11,0.6942264437675476,0.7197549343109131,-0.0006905334885232151,0.0004793873813468963,0.0004970156587660313,0.9999997615814209],"scale":[6,6,6]}
{"name":"junction1_wp18","class":"BeamNGWaypoint","persistentId":"54f2eacd-d79f-46e7-a9cc-9a6ad29980e1","__parent":"MissionGroup","position":[-371.2631225585938,623.107666015625,74.79693603515625],"rotationMatrix":[0.7197552919387817,-0.6942263841629028,-8.458300726488233e-11,0.6942264437675476,0.7197549343109131,-0.0006905334885232151,0.0004793873813468963,0.0004970156587660313,0.9999997615814209],"scale":[6,6,6]}
{"name":"junction1_wp19","class":"BeamNGWaypoint","persistentId":"8e3763b3-96f5-4df1-99c7-adf1680e6092","__parent":"MissionGroup","position":[-399.8284606933594,648.5530395507813,74.74897766113281],"rotationMatrix":[0.7197552919387817,-0.6942263841629028,-8.458300726488233e-11,0.6942264437675476,0.7197549343109131,-0.0006905334885232151,0.0004793873813468963,0.0004970156587660313,0.9999997615814209],"scale":[3.75,3.75,3.75]}
{"name":"junction1_wp5","class":"BeamNGWaypoint","persistentId":"c9b9992f-52d2-4110-8457-502847b75280","__parent":"MissionGroup","position":[-348.4073791503906,611.067138671875,74.87860107421875],"rotationMatrix":[0.7197552919387817,-0.6942263841629028,-8.458300726488233e-11,0.6942264437675476,0.7197549343109131,-0.0006905334885232151,0.0004793873813468963,0.0004970156587660313,0.9999997615814209],"scale":[6,6,6]}
{"name":"junction1_wp24","class":"BeamNGWaypoint","persistentId":"02260026-8512-4fbf-8581-43bbfe35182d","__parent":"MissionGroup","position":[-425.8550415039063,688.3912353515625,74.80835723876953],"rotationMatrix":[0.7197552919387817,-0.6942263841629028,-8.458300726488233e-11,0.6942264437675476,0.7197549343109131,-0.0006905334885232151,0.0004793873813468963,0.0004970156587660313,0.9999997615814209],"scale":[6,6,6]}
{"name":"junction1_wp25","class":"BeamNGWaypoint","persistentId":"f9da8bdf-7d65-443c-b199-43b7fac5356e","__parent":"MissionGroup","position":[-432.8486938476563,681.3460083007813,74.84866333007813],"rotationMatrix":[0.7197552919387817,-0.6942263841629028,-8.458300726488233e-11,0.6942264437675476,0.7197549343109131,-0.0006905334885232151,0.0004793873813468963,0.0004970156587660313,0.9999997615814209],"scale":[3.75,3.75,3.75]}
{"name":"junction1_wp27","class":"BeamNGWaypoint","persistentId":"dc7e2dee-b042-48d0-907b-798dfef5802e","__parent":"MissionGroup","position":[-396.8151550292969,663.8087158203125,74.74037933349609],"rotationMatrix":[0.7197552919387817,-0.6942263841629028,-8.458300726488233e-11,0.6942264437675476,0.7197549343109131,-0.0006905334885232151,0.0004793873813468963,0.0004970156587660313,0.9999997615814209],"scale":[5.5,5.5,5.5]}
{"name":"junction1_wp23","class":"BeamNGWaypoint","persistentId":"747bef46-9066-4a8d-b5a4-dfb219557229","__parent":"MissionGroup","position":[-294.0235900878906,545.9366455078125,74.84971618652344],"rotationMatrix":[0.7197552919387817,-0.6942263841629028,-8.458300726488233e-11,0.6942264437675476,0.7197549343109131,-0.0006905334885232151,0.0004793873813468963,0.0004970156587660313,0.9999997615814209],"scale":[6,6,6]}
{"name":"junction1_wp2","class":"BeamNGWaypoint","persistentId":"08937ce0-5684-44c1-95f8-1ae909a6de03","__parent":"MissionGroup","position":[-334.0402221679688,597.3369750976563,74.81163024902344],"rotationMatrix":[0.7197552919387817,-0.6942263841629028,-8.458300726488233e-11,0.6942264437675476,0.7197549343109131,-0.0006905334885232151,0.0004793873813468963,0.0004970156587660313,0.9999997615814209],"scale":[6,6,6]}
{"name":"junction1_wp6","class":"BeamNGWaypoint","persistentId":"6d2c7b4d-a5db-4cbc-b7eb-044ef01d7b0a","__parent":"MissionGroup","position":[-305.17919921875,556.939697265625,74.83932495117188],"rotationMatrix":[0.7197552919387817,-0.6942263841629028,-8.458300726488233e-11,0.6942264437675476,0.7197549343109131,-0.0006905334885232151,0.0004793873813468963,0.0004970156587660313,0.9999997615814209],"scale":[6,6,6]}
{"class":"TSStatic","persistentId":"1070629b-f080-4af7-83c7-1bccceaa4171","__parent":"MissionGroup","shapeName":"levels/west_coast_usa/art/shapes/roads/buildings_Collision.dae"}
{"name":"ai_paths2","class":"Prefab","persistentId":"9c1ad705-8bf2-44c8-bbdb-fe64856d607c","__parent":"MissionGroup","FileName":"/levels/west_coast_usa/ai_paths_west_coast_usa2.prefab"}
{"class":"TSStatic","persistentId":"1a704762-1d62-4384-92fb-0802d39e3dd5","__parent":"MissionGroup","shapeName":"levels/west_coast_usa/art/shapes/roads/illumination.dae"}
{"name":"AIDecalWaypointsGroup","class":"SimGroup","persistentId":"d57ed25e-07dd-45f0-9786-f3f6efbedb81","__parent":"MissionGroup"}
{"class":"PointLight","persistentId":"2df37a9f-dde1-433e-84c7-0af7590b6a06","__parent":"MissionGroup","position":[19.18512916564941,1652.8759765625,106.8059616088867],"color":[0.9254900217056274,0.756862998008728,0.5411760210990906,0.00800000037997961],"radius":15,"rotationMatrix":[1,0,0,0,0.9999997615814209,-0.0006905338959768414,0,0.0006905338959768414,0.9999997615814209]}
{"class":"PointLight","persistentId":"7fb3be94-e6d5-4a9b-8935-d280129a3c88","__parent":"MissionGroup","position":[19.18512916564941,1676.73291015625,106.8059616088867],"color":[0.9254900217056274,0.756862998008728,0.5411760210990906,0.00800000037997961],"radius":15,"rotationMatrix":[1,0,0,0,0.9999997615814209,-0.0006905338959768414,0,0.0006905338959768414,0.9999997615814209],"shadowDarkenColor":[0,0,0,0]}
{"class":"PointLight","persistentId":"2d55e8a6-7841-4cb8-8340-4e428b6f6fdf","__parent":"MissionGroup","position":[22.36227989196777,1706.556274414063,106.8059616088867],"color":[0.9254900217056274,0.756862998008728,0.5411760210990906,0.00800000037997961],"radius":15,"rotationMatrix":[1,0,0,0,0.9999997615814209,-0.0006905338959768414,0,0.0006905338959768414,0.9999997615814209],"shadowDarkenColor":[0,0,0,0]}
{"class":"PointLight","persistentId":"1087cfd3-b2ee-4f68-b37c-17e6b39e0298","__parent":"MissionGroup","position":[17.38172721862793,1733.725341796875,106.8059616088867],"color":[0.9254900217056274,0.756862998008728,0.5411760210990906,0.00800000037997961],"radius":15,"rotationMatrix":[1,0,0,0,0.9999997615814209,-0.0006905338959768414,0,0.0006905338959768414,0.9999997615814209],"shadowDarkenColor":[0,0,0,0]}
{"class":"PointLight","persistentId":"1f4ac251-44e1-4eae-8c6a-6106d9a90690","__parent":"MissionGroup","position":[-6.505550384521484,1741.620727539063,106.8059616088867],"color":[0.9254900217056274,0.756862998008728,0.5411760210990906,0.00800000037997961],"radius":15,"rotationMatrix":[1,0,0,0,0.9999997615814209,-0.0006905338959768414,0,0.0006905338959768414,0.9999997615814209],"shadowDarkenColor":[0,0,0,0]}
{"class":"PointLight","persistentId":"c061dc06-a226-4515-923d-b7fceaf99aa8","__parent":"MissionGroup","position":[-24.46841239929199,1722.161743164063,106.8059616088867],"color":[0.9254900217056274,0.756862998008728,0.5411760210990906,0.00800000037997961],"radius":15,"rotationMatrix":[1,0,0,0,0.9999997615814209,-0.0006905338959768414,0,0.0006905338959768414,0.9999997615814209],"shadowDarkenColor":[0,0,0,0]}
{"class":"PointLight","persistentId":"a168f31f-9ca4-417a-b85b-f275fb2f4789","__parent":"MissionGroup","position":[-18.4925422668457,1700.045776367188,106.8059616088867],"color":[0.9254900217056274,0.756862998008728,0.5411760210990906,0.00800000037997961],"radius":15,"rotationMatrix":[1,0,0,0,0.9999997615814209,-0.0006905338959768414,0,0.0006905338959768414,0.9999997615814209],"shadowDarkenColor":[0,0,0,0]}
{"class":"PointLight","persistentId":"3c5db8e6-c64a-4367-b1fe-a588b792d628","__parent":"MissionGroup","position":[-1.486688613891602,1679.935180664063,106.8059616088867],"color":[0.9254900217056274,0.756862998008728,0.5411760210990906,0.00800000037997961],"radius":15,"rotationMatrix":[1,0,0,0,0.9999997615814209,-0.0006905338959768414,0,0.0006905338959768414,0.9999997615814209],"shadowDarkenColor":[0,0,0,0]}
{"class":"PointLight","persistentId":"1be7e1a8-7655-4ee7-8ef6-283acc6f0a62","__parent":"MissionGroup","position":[9.602116584777832,1652.444580078125,106.8059616088867],"color":[0.9254900217056274,0.756862998008728,0.5411760210990906,0.00800000037997961],"radius":15,"rotationMatrix":[1,0,0,0,0.9999997615814209,-0.0006905338959768414,0,0.0006905338959768414,0.9999997615814209],"shadowDarkenColor":[0,0,0,0]}
{"class":"DecalRoad","persistentId":"47316d92-de33-4f65-891d-566aabc81554","__parent":"MissionGroup","position":[-29.04737663269043,420.5065002441406,101.671875],"Material":"crossing_white","nodes":[[-29.04737663269043,420.5065002441406,101.671875,4],[-29.10222053527832,424.5502014160156,101.734375,4]],"renderPriority":8}
{"class":"DecalRoad","persistentId":"e10e613f-b3a5-4986-8eb7-84c58abfddb0","__parent":"MissionGroup","position":[-398.8673400878906,167.0591278076172,99.7890625],"Material":"sidewalk_concrete","improvedSpline":true,"nodes":[[-398.8673400878906,167.0591278076172,99.7890625,10],[-385.5039978027344,189.6206665039063,100.5703125,10]],"renderPriority":8,"textureLength":24}
{"class":"DecalRoad","persistentId":"d0264418-cdd0-493c-83e8-b40f0d0901dc","__parent":"MissionGroup","position":[698.3670654296875,324.3872680664063,151.97265625],"Material":"line_white","improvedSpline":true,"nodes":[[698.3670654296875,324.3872680664063,151.97265625,1],[695.9940185546875,311.009765625,151.5625,0.2000000029802322]],"renderPriority":7,"textureLength":60}
{"class":"DecalRoad","persistentId":"e876ca60-381b-4faa-84b0-9e540d1c99f6","__parent":"MissionGroup","position":[730.1721801757813,392.0571899414063,152.015625],"Material":"line_white","improvedSpline":true,"nodes":[[730.1721801757813,392.0571899414063,152.015625,1],[727.377685546875,386.4371337890625,152.00390625,1],[723.96875,378.2950134277344,151.97265625,0.6000000238418579],[720.7554321289063,368.6930847167969,151.90625,0.2000000029802322]],"renderPriority":7,"textureLength":60}
{"class":"DecalRoad","persistentId":"fc413779-23c6-42b0-8bfd-e35717a390a0","__parent":"MissionGroup","position":[866.6256713867188,182.560302734375,159.06640625],"Material":"AsphaltRoad_track_skidmarks","improvedSpline":true,"nodes":[[866.6256713867188,182.560302734375,159.06640625,7],[870.5062255859375,168.9872131347656,159.078125,7],[872.1058349609375,154.9778289794922,158.40625,7],[870.54736328125,138.6102752685547,155.59375,7],[866.4827880859375,125.9623413085938,152.17578125,7]],"renderPriority":5,"startEndFade":[30,30],"textureLength":15}
{"class":"DecalRoad","persistentId":"2814d424-4f05-437d-873e-1fdec7718318","__parent":"MissionGroup","position":[692.3111572265625,637.741943359375,127.40625],"Material":"line_white","improvedSpline":true,"nodes":[[692.3111572265625,637.741943359375,127.40625,1],[685.50439453125,631.10400390625,126.6171875,0.550000011920929],[675.8538208007813,620.78466796875,125.375,0.1000000014901161]],"renderPriority":7,"textureLength":24}
{"class":"DecalRoad","persistentId":"adc9ad47-d03d-4543-9674-88c36aa65e9d","__parent":"MissionGroup","position":[767.8477783203125,623.6710815429688,134.5],"Material":"line_white","improvedSpline":true,"nodes":[[767.8477783203125,623.6710815429688,134.5,1],[771.2600708007813,616.0335083007813,135.44140625,0.550000011920929],[774.2398681640625,609.0164184570313,136.26953125,0.1000000014901161]],"renderPriority":7,"textureLength":10}
{"class":"DecalRoad","persistentId":"a6263566-3fb0-4714-bab8-5acfb527b0d9","__parent":"MissionGroup","position":[666.2487182617188,631.940673828125,126.5078125],"Material":"road_edge","nodes":[[666.2487182617188,631.940673828125,126.5078125,1.5],[608.1854858398438,567.9427490234375,120.48828125,1.5],[566.3916625976563,522.2535400390625,123.640625,1.5]],"renderPriority":7,"textureLength":32}
{"class":"DecalRoad","persistentId":"8412d18a-979a-45d8-9061-71023d5378e6","__parent":"MissionGroup","position":[568.61279296875,520.774658203125,123.625],"Material":"line_white","improvedSpline":true,"nodes":[[568.61279296875,520.774658203125,123.625,1],[558.225341796875,508.7554626464844,124.3828125,0.2000000029802322]],"renderPriority":7,"textureLength":24}
{"class":"DecalRoad","persistentId":"6310defa-7a22-45eb-8cdc-b68b57013c70","__parent":"MissionGroup","position":[821.6080322265625,487.8858642578125,145.859375],"Material":"line_white","improvedSpline":true,"nodes":[[821.6080322265625,487.8858642578125,145.859375,1],[818.9041748046875,495.8517150878906,145.796875,0.6000000238418579],[815.3795166015625,505.68115234375,145.8359375,0.2000000029802322]],"renderPriority":7,"textureLength":24}
{"class":"DecalRoad","persistentId":"02cebf46-b7a6-43e0-8f17-1d27b4b1d740","__parent":"MissionGroup","position":[822.7257690429688,396.6155700683594,151.65625],"Material":"line_white","improvedSpline":true,"nodes":[[822.7257690429688,396.6155700683594,151.65625,1],[818.4729614257813,387.7882690429688,152.6640625,0.6000000238418579],[812.7384643554688,378.0360107421875,153.734375,0.2000000029802322]],"renderPriority":7,"textureLength":24}
{"class":"DecalRoad","persistentId":"584c0e80-1013-443b-863c-a6302428da2a","__parent":"MissionGroup","position":[800.6318359375,340.4207763671875,156.21875],"Material":"line_white","improvedSpline":true,"nodes":[[800.6318359375,340.4207763671875,156.21875,1],[816.3980712890625,362.8850708007813,154.66015625,0.2000000029802322]],"renderPriority":7,"textureLength":24}
{"class":"DecalRoad","persistentId":"4f1091fc-901f-4790-abc1-49ef2d6d4d6e","__parent":"MissionGroup","position":[797.680419921875,298.834228515625,158.87890625],"Material":"line_white","improvedSpline":true,"nodes":[[797.680419921875,298.834228515625,158.87890625,1],[804.5310668945313,289.5533447265625,159.015625,0.6000000238418579],[812.8945922851563,278.4859313964844,159.5,0.2000000029802322]],"renderPriority":7,"textureLength":24}
{"class":"DecalRoad","persistentId":"9c3ff73b-cbb3-4943-887e-880f35b40956","__parent":"MissionGroup","position":[853.1981201171875,112.472282409668,147.73828125],"Material":"line_white","improvedSpline":true,"nodes":[[853.1981201171875,112.472282409668,147.73828125,1],[855.3792114257813,102.276725769043,147.21875,0.6000000238418579],[856.7706909179688,94.12873840332031,147.109375,0.4000000059604645],[857.6455078125,85.70506286621094,147.0703125,0.2000000029802322]],"renderPriority":7,"textureLength":24}
{"class":"DecalRoad","persistentId":"442854e4-04b1-4965-a434-846790398393","__parent":"MissionGroup","position":[846.77587890625,71.12764739990234,146.5234375],"Material":"line_white","improvedSpline":true,"nodes":[[846.77587890625,71.12764739990234,146.5234375,1],[846.9630126953125,62.37532806396484,146.4375,0.6000000238418579],[846.5848999023438,53.24195098876953,146.3828125,0.2000000029802322]],"renderPriority":7,"textureLength":24}
{"class":"DecalRoad","persistentId":"ff3b1a2d-d13d-412d-af4c-9375e764976b","__parent":"MissionGroup","position":[151.6894378662109,-573.8447875976563,141.71875],"Material":"DefaultDecalRoadMaterial","nodes":[[151.6894378662109,-573.8447875976563,141.71875,1],[151.6942291259766,-573.8256225585938,141.71875,1]]}
{"class":"DecalRoad","persistentId":"3b6bffe3-a337-45d7-8ba6-d899870e4b5e","__parent":"MissionGroup","position":[297.6256713867188,-71.26376342773438,132.171875],"Material":"line_white","improvedSpline":true,"nodes":[[297.6256713867188,-71.26376342773438,132.171875,1],[303.0254211425781,-66.98297119140625,132.53515625,1],[313.2494812011719,-57.62205505371094,133.25390625,0.2000000029802322]],"renderPriority":7,"textureLength":60}
{"class":"DecalRoad","persistentId":"550d21f3-bd69-42f3-83ba-bc814385a355","__parent":"MissionGroup","position":[435.0960083007813,-5.050896644592285,137.7578125],"Material":"line_white","improvedSpline":true,"nodes":[[435.0960083007813,-5.050896644592285,137.7578125,1],[418.9045715332031,-4.977855682373047,137.4609375,0.2000000029802322]],"renderPriority":7,"textureLength":60}
{"class":"DecalRoad","persistentId":"53256add-8b34-400b-b7e6-c94d0e28e33c","__parent":"MissionGroup","position":[496.1346435546875,32.11812973022461,140.5234375],"Material":"line_white","improvedSpline":true,"nodes":[[496.1346435546875,32.11812973022461,140.5234375,1],[504.9732666015625,54.44361114501953,141.66015625,0.2000000029802322]],"renderPriority":7,"textureLength":60}
{"class":"DecalRoad","persistentId":"30169317-a78d-42a0-a470-bc35e0aed713","__parent":"MissionGroup","position":[698.5286865234375,-184.1272735595703,146.5859375],"Material":"line_white","improvedSpline":true,"nodes":[[698.5286865234375,-184.1272735595703,146.5859375,1],[716.0523071289063,-167.8458557128906,146.7109375,0.2000000029802322]],"renderPriority":7,"textureLength":60}
{"class":"DecalRoad","persistentId":"06c1df46-ff77-4683-a360-54a615936cb0","__parent":"MissionGroup","position":[686.826171875,-209.5337524414063,146.53125],"Material":"line_white","improvedSpline":true,"nodes":[[686.826171875,-209.5337524414063,146.53125,1],[686.9636840820313,-224.1346130371094,146.6953125,0.2000000029802322]],"renderPriority":7,"textureLength":60}
{"class":"DecalRoad","persistentId":"ace94b95-85b1-4444-a217-3de1632687b4","__parent":"MissionGroup","position":[650.8853149414063,-258.8229064941406,147.078125],"Material":"line_white","improvedSpline":true,"nodes":[[650.8853149414063,-258.8229064941406,147.078125,1],[660.7116088867188,-257.0937194824219,147.09375,1],[668.0619506835938,-253.5671844482422,147.00390625,0.2000000029802322]],"renderPriority":7,"textureLength":60}
{"class":"DecalRoad","persistentId":"0ceed3d7-1137-481c-b047-f181958a341b","__parent":"MissionGroup","position":[78.90824127197266,-184.3506469726563,124.33203125],"Material":"line_white","improvedSpline":true,"nodes":[[78.90824127197266,-184.3506469726563,124.33203125,1],[97.07729339599609,-189.7031402587891,124.84375,0.2000000029802322]],"renderPriority":7,"textureLength":20}
{"class":"DecalRoad","persistentId":"94202816-797f-4f85-b0ea-d1b5fc984747","__parent":"MissionGroup","position":[-55.51126480102539,-564.1502075195313,129.71875],"Material":"line_white","improvedSpline":true,"nodes":[[-55.51126480102539,-564.1502075195313,129.71875,1],[-62.80186462402344,-543.2489624023438,128.6875,0.2000000029802322]],"renderPriority":7,"textureLength":20}
{"class":"DecalRoad","persistentId":"967607db-2b93-4ab6-b0c2-22f3e13d5c45","__parent":"MissionGroup","position":[-306.2546691894531,-275.4494323730469,120.15625],"Material":"line_white","improvedSpline":true,"nodes":[[-306.2546691894531,-275.4494323730469,120.15625,1],[-311.316650390625,-257.7524108886719,119.765625,0.5],[-318.4671630859375,-232.6135711669922,119.4453125,0.2000000029802322]],"renderPriority":7,"textureLength":20}
{"class":"DecalRoad","persistentId":"2d45b7bd-9b16-4a06-b4e3-d7dc6a38358e","__parent":"MissionGroup","position":[367.3717041015625,300.4375,119.8125],"Material":"line_white","improvedSpline":true,"nodes":[[367.3717041015625,300.4375,119.8125,1],[385.9981994628906,320.0160522460938,121.4296875,0.2000000029802322]],"renderPriority":7,"textureLength":20}
{"class":"DecalRoad","persistentId":"689926d1-972b-43ef-94d1-f08285212fc0","__parent":"MissionGroup","position":[31.03050994873047,-174.3423156738281,124.7890625],"Material":"AsphaltRoad_track_skidmarks","improvedSpline":true,"nodes":[[31.03050994873047,-174.3423156738281,124.7890625,8],[51.83070373535156,-172.8041687011719,124.421875,8],[83.49778747558594,-177.4724884033203,124.40625,8],[125.9166412353516,-190.7507171630859,126.640625,8],[228.3874816894531,-226.6837463378906,138.015625,8]],"renderPriority":8,"startEndFade":[120,120],"textureLength":25}
{"class":"DecalRoad","persistentId":"f6539fe7-1180-454a-b29b-b31b0b7e757a","__parent":"MissionGroup","position":[102.3561401367188,-41.41950607299805,126.66015625],"Material":"line_white","improvedSpline":true,"nodes":[[102.3561401367188,-41.41950607299805,126.66015625,1],[98.85022735595703,-34.90117263793945,125.72265625,0.6000000238418579],[88.66537475585938,-18.37231636047363,122.8359375,0.2000000029802322]],"renderPriority":7,"textureLength":60}
{"class":"TSStatic","persistentId":"ff8492ef-b077-46ef-a4f3-bdb89bbdeddb","__parent":"MissionGroup","position":[-902.7083740234375,-527.6876831054688,104.5531997680664],"rotationMatrix":[-0.9982588291168213,0.0589875653386116,0,-0.0589875653386116,-0.9982588291168213,0,0,0,1],"shapeName":"levels/west_coast_usa/art/shapes/objects/excavator.dae"}
{"class":"TSStatic","persistentId":"5babe137-2505-4999-99bf-bc864c01dc53","__parent":"MissionGroup","position":[-980.8741455078125,-455.8962097167969,102.3728485107422],"rotationMatrix":[0.9819021224975586,0.1883301585912704,0.02004479989409447,-0.1893938928842545,0.9763876795768738,0.1039211750030518,2.910509167008968e-09,-0.1058367490768433,0.9943834543228149],"shapeName":"levels/west_coast_usa/art/shapes/objects/excavator.dae"}
{"class":"TSStatic","persistentId":"28c1fceb-a68f-4c8b-91ad-1109d421c633","__parent":"MissionGroup","position":[-364.0791015625,594.4577026367188,74.89513397216797],"rotationMatrix":[-0.9607737064361572,-0.2773341834545135,0,0.2773341834545135,-0.9607737064361572,0,0,0,1],"shapeName":"levels/west_coast_usa/art/shapes/objects/excavator.dae"}
{"class":"TSStatic","persistentId":"0d64f83d-77dc-45b5-bd14-97c315247137","__parent":"MissionGroup","position":[-936.3659057617188,558.5717163085938,131.9941101074219],"rotationMatrix":[-0.6731581687927246,0.739498496055603,0,-0.739498496055603,-0.6731581687927246,0,0,0,1],"shapeName":"levels/west_coast_usa/art/shapes/objects/excavator.dae"}
{"class":"TSStatic","persistentId":"ebdcb660-2f88-46d7-949d-bcc871575466","__parent":"MissionGroup","position":[618.099853515625,790.1846923828125,117.1932067871094],"shapeName":"levels/west_coast_usa/art/shapes/objects/excavator.dae"}
{"class":"TSStatic","persistentId":"c611944c-da53-4e09-ad4e-69b7b6b23395","__parent":"MissionGroup","position":[954.135009765625,-964.8965454101563,167.0060272216797],"rotationMatrix":[-0.9861457347869873,-0.1658818870782852,0,0.1658818870782852,-0.9861457347869873,0,0,0,1],"shapeName":"levels/west_coast_usa/art/shapes/objects/excavator.dae"}
{"class":"TSStatic","persistentId":"e85bef65-3101-4fcf-b375-55e80ec7f38d","__parent":"MissionGroup","position":[760.375244140625,-871.8421020507813,150.4764404296875],"shapeName":"levels/west_coast_usa/art/shapes/objects/excavator.dae"}
{"class":"TSStatic","persistentId":"45d3fa6e-11d6-4af8-abe4-a40457add9d8","__parent":"MissionGroup","position":[-926.6351318359375,884.9305419921875,74.68804168701172],"rotationMatrix":[0.887545108795166,0.4607206583023071,0,-0.4607206583023071,0.887545108795166,0,0,0,1],"shapeName":"levels/west_coast_usa/art/shapes/objects/excavator.dae"}
{"class":"DecalRoad","persistentId":"88f0ae2c-50ff-4be7-a413-4792bada7244","__parent":"MissionGroup","position":[-914.7007446289063,881.6571655273438,74.67578125],"Material":"road_dirt","improvedSpline":true,"nodes":[[-914.7007446289063,881.6571655273438,74.67578125,7],[-923.9172973632813,885.1206665039063,74.6796875,7],[-934.5371704101563,882.7659301757813,74.69140625,7],[-949.3051147460938,876.9759521484375,74.828125,7],[-968.5730590820313,872.2115478515625,74.78515625,7]],"renderPriority":2,"startEndFade":[3,3],"textureLength":16}
{"class":"DecalRoad","persistentId":"d65ca009-cef2-4e93-8375-03f0cc50c74a","__parent":"MissionGroup","position":[-926.11328125,875.6826782226563,74.67578125],"Material":"road_dirt","improvedSpline":true,"nodes":[[-926.11328125,875.6826782226563,74.67578125,7],[-937.8068237304688,879.40234375,74.71875,7],[-951.8977661132813,885.3956298828125,74.734375,7],[-967.7968139648438,883.9429321289063,74.76953125,7]],"renderPriority":4,"startEndFade":[3,3],"textureLength":16}
{"class":"DecalRoad","persistentId":"b9fdb42f-f2e4-4c61-b33d-1e3f245182ca","__parent":"MissionGroup","position":[-935.1724853515625,869.76904296875,74.66015625],"Material":"road_dirt","improvedSpline":true,"nodes":[[-935.1724853515625,869.76904296875,74.66015625,7],[-949.2053833007813,871.7386474609375,74.78125,7],[-961.988037109375,880.327880859375,74.8125,7],[-977.3829345703125,884.9390869140625,74.7578125,7],[-1004.315795898438,881.45458984375,74.7890625,7]],"renderPriority":2,"startEndFade":[3,3],"textureLength":16}
{"class":"DecalRoad","persistentId":"bb55c487-9b52-4b10-b008-4942d582e03f","__parent":"MissionGroup","position":[-950.446533203125,878.7801513671875,74.8203125],"Material":"road_dirt_tracks","improvedSpline":true,"nodes":[[-950.446533203125,878.7801513671875,74.8203125,7],[-938.2155151367188,878.7721557617188,74.71875,7],[-927.7860717773438,881.8751220703125,74.671875,7],[-915.2085571289063,886.1915893554688,74.65625,7]],"renderPriority":1,"startEndFade":[20,20],"textureLength":48}
{"class":"DecalRoad","persistentId":"f38fa648-58ec-4db3-a530-fe9f2a7918f7","__parent":"MissionGroup","position":[-975.3839111328125,885.5392456054688,74.75],"Material":"road_dirt_tracks","improvedSpline":true,"nodes":[[-975.3839111328125,885.5392456054688,74.75,7],[-949.7960205078125,876.4688110351563,74.828125,7],[-937.9559936523438,871.4901733398438,74.69140625,7],[-928.421142578125,872.1112060546875,74.67578125,7]],"renderPriority":1,"startEndFade":[20,20],"textureLength":48}
{"class":"DecalRoad","persistentId":"081e00c8-1a0f-4dfb-83e5-9de4285ef33a","__parent":"MissionGroup","position":[-982.9261474609375,870.29296875,74.75390625],"Material":"road_dirt_tracks","improvedSpline":true,"nodes":[[-982.9261474609375,870.29296875,74.75390625,7],[-956.9017944335938,871.3843383789063,74.76953125,7],[-938.4609375,874.07275390625,74.72265625,7],[-929.1221923828125,877.4542236328125,74.66015625,7]],"renderPriority":1,"startEndFade":[20,20],"textureLength":48}
{"class":"DecalRoad","persistentId":"689e9d19-cae3-43d3-87e2-37eaa3fda951","__parent":"MissionGroup","position":[-379.3223876953125,591.6387939453125,77.84375],"Material":"road_dirt_tracks","improvedSpline":true,"nodes":[[-379.3223876953125,591.6387939453125,77.84375,7],[-371.51904296875,602.5783081054688,75.484375,7],[-366.5509948730469,611.7664184570313,74.87890625,7],[-364.7360229492188,616.3952026367188,74.875,7]],"renderPriority":1,"startEndFade":[20,20],"textureLength":48}
{"class":"DecalRoad","persistentId":"7db94b5a-62dc-473b-9e6e-3f060067555e","__parent":"MissionGroup","position":[-354.2121276855469,606.6949462890625,74.89453125],"Material":"road_dirt_tracks","improvedSpline":true,"nodes":[[-354.2121276855469,606.6949462890625,74.89453125,7],[-362.7939147949219,607.1475830078125,74.890625,7],[-379.3874816894531,600.1970825195313,76.765625,7],[-395.0130615234375,585.2049560546875,80.58203125,7]],"renderPriority":1,"startEndFade":[20,20],"textureLength":48}
{"class":"DecalRoad","persistentId":"aecf499e-5642-40de-9b32-2d05082722ea","__parent":"MissionGroup","position":[-354.7503051757813,565.8358764648438,77.53125],"Material":"road_dirt_tracks","improvedSpline":true,"nodes":[[-354.7503051757813,565.8358764648438,77.53125,7],[-356.7518310546875,586.3695678710938,74.921875,7],[-369.4761047363281,605.8264770507813,75.01953125,7]],"renderPriority":1,"startEndFade":[20,20],"textureLength":48}
{"class":"DecalRoad","persistentId":"d3645c5f-f7c2-43e8-9fc8-1d22f273e957","__parent":"MissionGroup","position":[-346.7494506835938,584.5359497070313,74.75390625],"Material":"road_dirt_tracks","improvedSpline":true,"nodes":[[-346.7494506835938,584.5359497070313,74.75390625,7],[-355.9037780761719,584.7646484375,74.921875,7],[-379.2177124023438,595.6929931640625,77.328125,7]],"renderPriority":1,"startEndFade":[20,20],"textureLength":48}
{"class":"DecalRoad","persistentId":"36286130-9714-440f-a551-4b4f530ede75","__parent":"MissionGroup","position":[-366.5570983886719,568.2401123046875,78.6484375],"Material":"road_dirt_tracks","improvedSpline":true,"nodes":[[-366.5570983886719,568.2401123046875,78.6484375,7],[-363.7353515625,585.210693359375,74.921875,7],[-356.2358093261719,603.2322998046875,74.8984375,7]],"renderPriority":1,"startEndFade":[20,20],"textureLength":48}
{"class":"TSStatic","persistentId":"10c89966-28c7-4786-83a9-37ee1b774e36","__parent":"MissionGroup","position":[-979.3111572265625,177.2112884521484,158.5845031738281],"rotationMatrix":[-0.7700915336608887,-0.636898934841156,0.03627660870552063,0.6215642094612122,-0.7619178295135498,-0.182039350271225,0.1435806006193161,-0.1176387369632721,0.9826213121414185],"shapeName":"levels/west_coast_usa/art/shapes/objects/excavator.dae"}
{"name":"busstops","class":"SimGroup","persistentId":"99516639-67eb-45cc-a2fd-e5edc0cd1418","__parent":"MissionGroup"}
{"class":"TSStatic","persistentId":"b1213041-ada2-40e2-8064-bcd13a2c3563","__parent":"MissionGroup","position":[-904.5704345703125,885.2593994140625,74.670166015625],"shapeName":"levels/west_coast_usa/art/shapes/objects/arrowboard_L.dae"}
{"class":"TSStatic","persistentId":"d08468da-01d3-4a44-804c-d43828b63999","__parent":"MissionGroup","position":[-365.2308044433594,607.0086669921875,74.86853790283203],"rotationMatrix":[0.7190536260604858,0.6949545741081238,0,-0.6949545741081238,0.7190536260604858,0,0,0,1],"shapeName":"levels/west_coast_usa/art/shapes/objects/arrowboard_L.dae"}
{"class":"TSStatic","persistentId":"3703c81e-bb5e-4197-ba54-d7f32c4b1a9e","__parent":"MissionGroup","position":[-367.7157287597656,609.9495849609375,74.89707183837891],"rotationMatrix":[0.7411062121391296,0.6713880896568298,0,-0.6713880896568298,0.7411062121391296,0,0,0,1],"shapeName":"levels/west_coast_usa/art/shapes/objects/arrowboard_R.dae"}
{"class":"TSStatic","persistentId":"4543da9a-877e-44dd-8545-85e41657dd08","__parent":"MissionGroup","position":[966.3944702148438,-962.0639038085938,166.9940032958984],"rotationMatrix":[0.4080761969089508,0.9129473567008972,0,-0.9129473567008972,0.4080761969089508,0,0,0,1],"shapeName":"levels/west_coast_usa/art/shapes/objects/arrowboard_R.dae"}
{"class":"TSStatic","persistentId":"24afb746-6e22-4a4b-adcc-91761a64c69c","__parent":"MissionGroup","position":[-884.1119384765625,-510.5859375,104.3044586181641],"rotationMatrix":[0.7152467966079712,0.6988719701766968,0,-0.6988719701766968,0.7152467966079712,0,0,0,1],"shapeName":"levels/west_coast_usa/art/shapes/objects/arrowboard_R.dae"}
{"class":"TSStatic","persistentId":"233b6455-41e0-472a-a65a-7c69bcdbf325","__parent":"MissionGroup","position":[-810.0029296875,-434.9513854980469,103.2280426025391],"rotationMatrix":[0.7302578091621399,0.6831663846969604,-0.002756090834736824,-0.6830388903617859,0.7300298810005188,-0.02268306910991669,-0.01348428148776293,0.01844700798392296,0.999738872051239],"shapeName":"levels/west_coast_usa/art/shapes/objects/arrowboard_R.dae"}
{"class":"TSStatic","persistentId":"9937a71b-6ea5-463f-9a7d-4682dfb8b224","__parent":"MissionGroup","position":[-964.884033203125,-553.2465209960938,106.0127029418945],"rotationMatrix":[0.9089260101318359,0.4169580340385437,0,-0.4169580340385437,0.9089260101318359,0,0,0,1],"shapeName":"levels/west_coast_usa/art/shapes/objects/arrowboard_R.dae"}
