{"name":"Level_Building_01","class":"SFXSpace","persistentId":"2b486d99-1730-4084-9147-60166cd071dc","__parent":"Snapshots","position":[-216.6435089111328,-231.7178649902344,92.64778900146484],"cloneOrigin":"Freesound_T019_or_City_Freeway_12","rotationMatrix":[0.8087414503097534,0.5881652235984802,-7.157723302952945e-10,-0.5881646871566772,0.8087413311004639,-0.0006905318005010486,-0.000406145874876529,0.0005584625760093331,0.9999997615814209],"scale":[23.9110107421875,50.13628005981445,58.00999069213867],"soundAmbience":"Level_Building_Open"}
{"name":"Level_Building_02","class":"SFXSpace","persistentId":"37fafd98-4415-40d9-b4c7-7316e1beb257","__parent":"Snapshots","position":[-243.8729095458984,-267.0522155761719,91.94824981689453],"cloneOrigin":"Freesound_T019_or_City_Freeway_12","rotationMatrix":[0.8087414503097534,0.5881652235984802,-7.157723302952945e-10,-0.5881646871566772,0.8087413311004639,-0.0006905318005010486,-0.000406145874876529,0.0005584625760093331,0.9999997615814209],"scale":[23.9110107421875,24.10091590881348,58.00999069213867],"soundAmbience":"Level_Building_Open"}
{"name":"Level_Building_03","class":"SFXSpace","persistentId":"15f8e764-5288-4a4a-acac-6e2345c9ccd2","__parent":"Snapshots","position":[-216.7337493896484,-109.4285278320313,93.36891174316406],"cloneOrigin":"Freesound_T019_or_City_Freeway_12","rotationMatrix":[0.8087414503097534,0.5881652235984802,-7.157723302952945e-10,-0.5881646871566772,0.8087413311004639,-0.0006905318005010486,-0.000406145874876529,0.0005584625760093331,0.9999997615814209],"scale":[75.58805084228516,11.84805774688721,58.00999069213867],"soundAmbience":"Level_Building_Open"}
{"name":"Level_Building_04","class":"SFXSpace","persistentId":"905fcb73-fed4-4ea9-b30d-c0d197841ec4","__parent":"Snapshots","position":[72.43368530273438,105.9456481933594,94.78872680664063],"cloneOrigin":"Freesound_T019_or_City_Freeway_12","rotationMatrix":[0.8087414503097534,0.5881652235984802,-7.157723302952945e-10,-0.5881646871566772,0.8087413311004639,-0.0006905318005010486,-0.000406145874876529,0.0005584625760093331,0.9999997615814209],"scale":[11.64219760894775,11.84805774688721,55.28355407714844],"soundAmbience":"Level_Building_Open"}
{"name":"Level_Building_05","class":"SFXSpace","persistentId":"a82ae485-8fa4-4961-a510-26f58a5dd0e6","__parent":"Snapshots","position":[81.2548828125,93.93479919433594,106.61376953125],"cloneOrigin":"Freesound_T019_or_City_Freeway_12","rotationMatrix":[0.8087414503097534,0.5881652235984802,-7.157723302952945e-10,-0.5881646871566772,0.8087413311004639,-0.0006905318005010486,-0.000406145874876529,0.0005584625760093331,0.9999997615814209],"scale":[11.64219760894775,11.84805774688721,31.65461921691895],"soundAmbience":"Level_Building_Open"}
{"name":"Level_Building_06","class":"SFXSpace","persistentId":"68955e30-a897-40ac-bd66-57f39c1099c9","__parent":"Snapshots","position":[180.2253723144531,-8.425122261047363,116.0144500732422],"cloneOrigin":"Freesound_T019_or_City_Freeway_12","rotationMatrix":[0.8246844410896301,0.5655940771102905,-6.771188054699451e-10,-0.5655935406684875,0.8246843218803406,-0.0006905319751240313,-0.0003905599296558648,0.0005694717401638627,0.9999997615814209],"scale":[24.19038391113281,11.84805774688721,31.65461921691895],"soundAmbience":"Level_Building_Open"}
{"name":"Level_Building_07","class":"SFXSpace","persistentId":"ee421d95-0f17-412e-af6f-c96114602517","__parent":"Snapshots","position":[152.9059600830078,15.14737701416016,116.0060729980469],"cloneOrigin":"Freesound_T019_or_City_Freeway_12","rotationMatrix":[0.8246844410896301,0.5655940771102905,-6.771188054699451e-10,-0.5655935406684875,0.8246843218803406,-0.0006905319751240313,-0.0003905599296558648,0.0005694717401638627,0.9999997615814209],"scale":[11.72218418121338,24.41871452331543,31.65461921691895],"soundAmbience":"Level_Building_Open"}
{"name":"Level_Racetrack_In","class":"SFXEmitter","persistentId":"536158cd-0333-44c9-be8d-896c0b44d2d2","__parent":"Snapshots","position":[407.936767578125,-248.7329254150391,144.8921508789063],"fadeInTime":0,"fadeOutTime":0,"isLooping":false,"maxDistance":55,"rotationMatrix":[1,0,0,0,0.9999997615814209,-0.0006905338959768414,0,0.0006905338959768414,0.9999997615814209],"scale":[55,55,55],"track":"event:>Snapshot Events>Snapshot_WC_Racetrack_Position","useTrackDescriptionOnly":true}
{"name":"Level_Racetrack_Out","class":"SFXEmitter","persistentId":"4207be62-23e5-40ef-92dd-81e8b8ceecbd","__parent":"Snapshots","position":[605.5816040039063,-251.0405578613281,146.5639038085938],"fadeInTime":0,"fadeOutTime":0,"isLooping":false,"maxDistance":55,"rotationMatrix":[1,0,0,0,0.9999997615814209,-0.0006905338959768414,0,0.0006905338959768414,0.9999997615814209],"scale":[55,55,55],"track":"event:>Snapshot Events>Snapshot_WC_Racetrack_Position","useTrackDescriptionOnly":true}
{"name":"Level_Racetrack","class":"SFXSpace","persistentId":"1ddfe257-97a4-45bd-9e47-31ca2aac4222","__parent":"Snapshots","position":[506.8352661132813,-248.8305206298828,139.6445922851563],"rotationMatrix":[1,0,0,0,0.9999997615814209,-0.0006905338959768414,0,0.0006905338959768414,0.9999997615814209],"scale":[197.1114807128906,65.48220062255859,48.6408576965332],"soundAmbience":"Level_Tunnel_Racetrack"}
{"name":"Level_Tunnel_A_In","class":"SFXEmitter","persistentId":"8ae525ee-1ffe-46d0-a9b7-defe4b5cdb11","__parent":"Snapshots","position":[-635.8330078125,-203.5751190185547,83.02394866943359],"cloneOrigin":"Level_Racetrack_b","fadeInTime":0,"fadeOutTime":0,"isLooping":false,"maxDistance":20,"rotationMatrix":[1,0,0,0,0.9999997615814209,-0.0006905338959768414,0,0.0006905338959768414,0.9999997615814209],"scale":[20,20,20],"track":"event:>Snapshot Events>Snapshot_WC_Tunnel_A_Position","useTrackDescriptionOnly":true}
{"name":"Level_Tunnel_A_Out","class":"SFXEmitter","persistentId":"a928843a-4503-4401-9973-eb4e38d08b9a","__parent":"Snapshots","position":[-405.7598266601563,-294.38623046875,85.71649169921875],"cloneOrigin":"Level_Racetrack_b1","fadeInTime":0,"fadeOutTime":0,"isLooping":false,"maxDistance":20,"rotationMatrix":[1,0,0,0,0.9999997615814209,-0.0006905338959768414,0,0.0006905338959768414,0.9999997615814209],"scale":[20,20,20],"track":"event:>Snapshot Events>Snapshot_WC_Tunnel_A_Position","useTrackDescriptionOnly":true}
{"name":"Level_Tunnel_A_01","class":"SFXSpace","persistentId":"f2a595d0-c0cf-489e-aab8-c74dd1046c74","__parent":"Snapshots","position":[-415.5940856933594,-282.1549377441406,93.07485198974609],"cloneOrigin":"Level_Racetrack","rotationMatrix":[0.5792447328567505,-0.8139569163322449,0.04416682571172714,0.8102865219116211,0.5808521509170532,0.07776741683483124,-0.08895374834537506,-0.009258597157895565,0.9959925413131714],"scale":[25.78882217407227,17.4706974029541,14.49525737762451],"soundAmbience":"Level_Tunnel_Closed"}
{"name":"Level_Tunnel_A_02","class":"SFXSpace","persistentId":"e043527c-837c-435d-8ba7-7e6feac6c80e","__parent":"Snapshots","position":[-427.4568176269531,-273.22705078125,91.94040679931641],"cloneOrigin":"Level_Racetrack1","rotationMatrix":[0.7871558666229248,-0.6151707768440247,0.04416670277714729,0.6111945509910583,0.7876508235931396,0.07776739448308945,-0.0826282724738121,-0.03422064334154129,0.9959922432899475],"scale":[25.78882217407227,17.4706974029541,14.49525737762451],"soundAmbience":"Level_Tunnel_Closed"}
{"name":"Level_Tunnel_A_03","class":"SFXSpace","persistentId":"58f9a5a4-397e-461a-bd6f-e93df6fb8ce4","__parent":"Snapshots","position":[-446.2009887695313,-259.7631225585938,90.60779571533203],"cloneOrigin":"Level_Tunnel_Closed_2","rotationMatrix":[0.7871558666229248,-0.6151707768440247,0.04416670277714729,0.6111945509910583,0.7876508235931396,0.07776739448308945,-0.0826282724738121,-0.03422064334154129,0.9959922432899475],"scale":[25.78882217407227,17.4706974029541,14.49525737762451],"soundAmbience":"Level_Tunnel_Closed"}
{"name":"Level_Tunnel_A_04","class":"SFXSpace","persistentId":"832d4b42-5209-4fe8-b1ae-29f42045f1b9","__parent":"Snapshots","position":[-466.0381164550781,-247.4042663574219,89.37380981445313],"cloneOrigin":"Level_Tunnel_Closed_3","rotationMatrix":[0.7871558666229248,-0.6151707768440247,0.04416670277714729,0.6111945509910583,0.7876508235931396,0.07776739448308945,-0.0826282724738121,-0.03422064334154129,0.9959922432899475],"scale":[25.78882217407227,17.4706974029541,14.49525737762451],"soundAmbience":"Level_Tunnel_Closed"}
{"name":"Level_Tunnel_A_05","class":"SFXSpace","persistentId":"c073e91b-0f22-4936-be86-7aaf7795eb94","__parent":"Snapshots","position":[-487.4920959472656,-234.6697540283203,86.46833801269531],"cloneOrigin":"Level_Tunnel_Closed_4","rotationMatrix":[0.7871558666229248,-0.6151707768440247,0.04416670277714729,0.6111945509910583,0.7876508235931396,0.07776739448308945,-0.0826282724738121,-0.03422064334154129,0.9959922432899475],"scale":[25.78882217407227,17.4706974029541,14.49525737762451],"soundAmbience":"Level_Tunnel_Closed"}
{"name":"Level_Tunnel_A_06","class":"SFXSpace","persistentId":"ce7e802e-10a5-47af-abbc-dfca321f90d8","__parent":"Snapshots","position":[-505.336669921875,-225.0009918212891,86.02761840820313],"cloneOrigin":"Level_Tunnel_Closed_5","rotationMatrix":[0.9106130599975586,-0.4108932316303253,0.0441666953265667,0.4069132804870605,0.9101507663726807,0.07776740938425064,-0.07215254008769989,-0.05284405872225761,0.9959921836853027],"scale":[25.78882217407227,17.4706974029541,14.49525737762451],"soundAmbience":"Level_Tunnel_Closed"}
{"name":"Level_Tunnel_A_07","class":"SFXSpace","persistentId":"dc7b8a54-39be-4d2b-a39c-b13e01105999","__parent":"Snapshots","position":[-528.350341796875,-217.2367401123047,85.88570404052734],"cloneOrigin":"Level_Tunnel_Closed_6","rotationMatrix":[0.9115897417068481,-0.4108931720256805,-0.0130698112770915,0.4109917879104614,0.9101505875587463,0.05207658931612968,-0.009502465836703777,-0.05284406244754791,0.9985569715499878],"scale":[25.78882217407227,17.4706974029541,14.49525737762451],"soundAmbience":"Level_Tunnel_Closed"}
{"name":"Level_Tunnel_A_08","class":"SFXSpace","persistentId":"cbf8e208-c1d9-4e2c-9466-5c80114213bd","__parent":"Snapshots","position":[-550.18701171875,-210.1165618896484,87.30968475341797],"cloneOrigin":"Level_Tunnel_Closed_7","rotationMatrix":[0.9420992732048035,-0.3350789844989777,-0.01306981313973665,0.335294783115387,0.9406730532646179,0.05207658931612968,-0.00515538826584816,-0.0534435547888279,0.9985569715499878],"scale":[25.78882217407227,17.4706974029541,14.49525737762451],"soundAmbience":"Level_Tunnel_Closed"}
{"name":"Level_Tunnel_A_09","class":"SFXSpace","persistentId":"cfece047-cdfa-47b5-b6a9-4aae4abfbaa6","__parent":"Snapshots","position":[-573.5429077148438,-204.9976806640625,89.02163696289063],"cloneOrigin":"Level_Tunnel_Closed_8","rotationMatrix":[0.9890096783638,-0.1472712308168411,-0.01306981034576893,0.1477578282356262,0.987651526927948,0.05207661539316177,0.005239003337919712,-0.05343544110655785,0.9985569715499878],"scale":[25.78882217407227,17.4706974029541,14.49525737762451],"soundAmbience":"Level_Tunnel_Closed"}
{"name":"Level_Tunnel_A_10","class":"SFXSpace","persistentId":"cea62a1f-9513-4409-84b5-5ab128c29d71","__parent":"Snapshots","position":[-598.1889038085938,-204.2586975097656,90.58332824707031],"cloneOrigin":"Level_Tunnel_Closed_9","rotationMatrix":[0.9890096783638,-0.1472712308168411,-0.01306981034576893,0.1477578282356262,0.987651526927948,0.05207661539316177,0.005239003337919712,-0.05343544110655785,0.9985569715499878],"scale":[25.78882217407227,17.4706974029541,14.49525737762451],"soundAmbience":"Level_Tunnel_Closed"}
{"name":"Level_Tunnel_A_11","class":"SFXSpace","persistentId":"3baee9b2-4ae2-47a9-aad0-508861e75492","__parent":"Snapshots","position":[-615.6951904296875,-205.09716796875,91.35075378417969],"cloneOrigin":"Level_Tunnel_Closed_10","rotationMatrix":[0.9995332956314087,0.02760877087712288,-0.01306981407105923,-0.02689261734485626,0.998280942440033,0.05207663774490356,0.01448509842157364,-0.05170082300901413,0.9985570311546326],"scale":[25.78882217407227,17.4706974029541,14.49525737762451],"soundAmbience":"Level_Tunnel_Closed"}
{"name":"Level_Tunnel_B_01","class":"SFXEmitter","persistentId":"1246b01a-0305-41c1-aaec-cb6eb4164d72","__parent":"Snapshots","position":[-492.9188232421875,-95.07152557373047,88.03010559082031],"fadeInTime":0,"fadeOutTime":0,"isLooping":false,"maxDistance":20,"rotationMatrix":[1,0,0,0,0.9999997615814209,-0.0006905338959768414,0,0.0006905338959768414,0.9999997615814209],"scale":[20,20,20],"track":"event:>Snapshot Events>Snapshot_WC_Tunnel_B_Position","useTrackDescriptionOnly":true}
{"name":"Level_Tunnel_B_02","class":"SFXEmitter","persistentId":"f533cbdb-117c-4a58-9fcd-ede9217d4446","__parent":"Snapshots","position":[-478.2619018554688,-80.54605102539063,88.33968353271484],"cloneOrigin":"Level_Tunnel_B_1","fadeInTime":0,"fadeOutTime":0,"isLooping":false,"maxDistance":20,"rotationMatrix":[1,0,0,0,0.9999997615814209,-0.0006905338959768414,0,0.0006905338959768414,0.9999997615814209],"scale":[20,20,20],"track":"event:>Snapshot Events>Snapshot_WC_Tunnel_B_Position","useTrackDescriptionOnly":true}
{"name":"Level_Tunnel_B_03","class":"SFXEmitter","persistentId":"b54a3416-60ff-4976-93cb-f8b70040e038","__parent":"Snapshots","position":[-465.6072387695313,-67.81529998779297,88.64241790771484],"cloneOrigin":"Level_Tunnel_B_2","fadeInTime":0,"fadeOutTime":0,"isLooping":false,"maxDistance":20,"rotationMatrix":[1,0,0,0,0.9999997615814209,-0.0006905338959768414,0,0.0006905338959768414,0.9999997615814209],"scale":[20,20,20],"track":"event:>Snapshot Events>Snapshot_WC_Tunnel_B_Position","useTrackDescriptionOnly":true}
{"name":"Level_Tunnel_B_04","class":"SFXEmitter","persistentId":"ab02fc59-578e-451b-9ed7-2a279de5b068","__parent":"Snapshots","position":[-458.4261779785156,-57.30422973632813,88.56809997558594],"cloneOrigin":"Level_Tunnel_B_3","fadeInTime":0,"fadeOutTime":0,"isLooping":false,"maxDistance":20,"rotationMatrix":[1,0,0,0,0.9999997615814209,-0.0006905338959768414,0,0.0006905338959768414,0.9999997615814209],"scale":[20,20,20],"track":"event:>Snapshot Events>Snapshot_WC_Tunnel_B_Position","useTrackDescriptionOnly":true}
{"name":"Level_Tunnel_B_05","class":"SFXEmitter","persistentId":"e98bb5c8-5f39-44cc-95e6-4ae03906d8fb","__parent":"Snapshots","position":[-471.7637634277344,-135.6114959716797,87.59586334228516],"cloneOrigin":"Level_Tunnel_B_4","fadeInTime":0,"fadeOutTime":0,"isLooping":false,"maxDistance":20,"rotationMatrix":[1,0,0,0,0.9999997615814209,-0.0006905338959768414,0,0.0006905338959768414,0.9999997615814209],"scale":[20,20,20],"track":"event:>Snapshot Events>Snapshot_WC_Tunnel_B_Position","useTrackDescriptionOnly":true}
{"name":"Level_Tunnel_B_06","class":"SFXEmitter","persistentId":"58e27d5f-c3b9-41d2-8290-3cf5f05c7cbf","__parent":"Snapshots","position":[-506.2564697265625,-173.3787841796875,87.05786895751953],"cloneOrigin":"Level_Tunnel_B_4","fadeInTime":0,"fadeOutTime":0,"isLooping":false,"maxDistance":20,"rotationMatrix":[1,0,0,0,0.9999997615814209,-0.0006905338959768414,0,0.0006905338959768414,0.9999997615814209],"scale":[20,20,20],"track":"event:>Snapshot Events>Snapshot_WC_Tunnel_B_Position","useTrackDescriptionOnly":true}
{"name":"Level_Tunnel_B_07","class":"SFXEmitter","persistentId":"a12493c4-e608-447d-863a-619b05bf69c2","__parent":"Snapshots","position":[-491.5994873046875,-158.8533172607422,87.36743927001953],"cloneOrigin":"Level_Tunnel_B_4","fadeInTime":0,"fadeOutTime":0,"isLooping":false,"maxDistance":20,"rotationMatrix":[1,0,0,0,0.9999997615814209,-0.0006905338959768414,0,0.0006905338959768414,0.9999997615814209],"scale":[20,20,20],"track":"event:>Snapshot Events>Snapshot_WC_Tunnel_B_Position","useTrackDescriptionOnly":true}
{"name":"Level_Tunnel_B_08","class":"SFXEmitter","persistentId":"00ea1c54-3fcd-4df7-848a-6c7345ed3b4d","__parent":"Snapshots","position":[-478.94482421875,-146.12255859375,87.67017364501953],"cloneOrigin":"Level_Tunnel_B_4","fadeInTime":0,"fadeOutTime":0,"isLooping":false,"maxDistance":20,"rotationMatrix":[1,0,0,0,0.9999997615814209,-0.0006905338959768414,0,0.0006905338959768414,0.9999997615814209],"scale":[20,20,20],"track":"event:>Snapshot Events>Snapshot_WC_Tunnel_B_Position","useTrackDescriptionOnly":true}
{"name":"Level_Tunnel_B","class":"SFXSpace","persistentId":"6be10da0-1064-4035-9d3e-21ceacecbaa3","__parent":"Snapshots","position":[-480.6455078125,-113.3569030761719,96.37248992919922],"cloneOrigin":"Level_Tunnel_Closed_11","rotationMatrix":[0.6846439242362976,0.7288709878921509,0.00312475860118866,-0.7288609147071838,0.6845933794975281,0.009559928439557552,0.004828787408769131,-0.008822668343782425,0.9999489188194275],"scale":[155.2017364501953,51.09484481811523,21.45971488952637],"soundAmbience":"Level_Under_Bridge_A"}
{"name":"Level_Tunnel_C_01","class":"SFXEmitter","persistentId":"8e62524c-9954-4cc4-bbac-db4842ee9348","__parent":"Snapshots","position":[-851.8386840820313,-470.449951171875,83.56539916992188],"cloneOrigin":"Level_Tunnel_B_1","fadeInTime":0,"fadeOutTime":0,"isLooping":false,"maxDistance":20,"rotationMatrix":[1,0,0,0,0.9999997615814209,-0.0006905338959768414,0,0.0006905338959768414,0.9999997615814209],"scale":[20,20,20],"track":"event:>Snapshot Events>Snapshot_WC_Tunnel_C_Position","useTrackDescriptionOnly":true}
{"name":"Level_Tunnel_C_02","class":"SFXEmitter","persistentId":"4b1c8f5b-a7f6-4709-a408-e98b2d8bfb9a","__parent":"Snapshots","position":[-840.4216918945313,-456.1202087402344,83.33324432373047],"cloneOrigin":"Level_Tunnel_B_9","fadeInTime":0,"fadeOutTime":0,"isLooping":false,"maxDistance":20,"rotationMatrix":[1,0,0,0,0.9999997615814209,-0.0006905338959768414,0,0.0006905338959768414,0.9999997615814209],"scale":[20,20,20],"track":"event:>Snapshot Events>Snapshot_WC_Tunnel_C_Position","useTrackDescriptionOnly":true}
{"name":"Level_Tunnel_C_03","class":"SFXEmitter","persistentId":"7629e11f-2ac8-45dd-9e11-52b9a2da3aa9","__parent":"Snapshots","position":[-831.0855102539063,-447.9111633300781,83.26663208007813],"cloneOrigin":"Level_Tunnel_B_10","fadeInTime":0,"fadeOutTime":0,"isLooping":false,"maxDistance":20,"rotationMatrix":[1,0,0,0,0.9999997615814209,-0.0006905338959768414,0,0.0006905338959768414,0.9999997615814209],"scale":[20,20,20],"track":"event:>Snapshot Events>Snapshot_WC_Tunnel_C_Position","useTrackDescriptionOnly":true}
{"name":"Level_Tunnel_C_04","class":"SFXEmitter","persistentId":"a649d9e4-4424-4f60-ba94-092942393b3e","__parent":"Snapshots","position":[-801.651123046875,-480.0880432128906,86.53872680664063],"cloneOrigin":"Level_Tunnel_B_11","fadeInTime":0,"fadeOutTime":0,"isLooping":false,"maxDistance":20,"rotationMatrix":[1,0,0,0,0.9999997615814209,-0.0006905338959768414,0,0.0006905338959768414,0.9999997615814209],"scale":[20,20,20],"track":"event:>Snapshot Events>Snapshot_WC_Tunnel_C_Position","useTrackDescriptionOnly":true}
{"name":"Level_Tunnel_C_05","class":"SFXEmitter","persistentId":"d997e90d-8781-4223-bddf-333d3cdc9161","__parent":"Snapshots","position":[-826.2114868164063,-500.2725219726563,86.40743255615234],"cloneOrigin":"Level_Tunnel_B_11","fadeInTime":0,"fadeOutTime":0,"isLooping":false,"maxDistance":20,"rotationMatrix":[1,0,0,0,0.9999997615814209,-0.0006905338959768414,0,0.0006905338959768414,0.9999997615814209],"scale":[20,20,20],"track":"event:>Snapshot Events>Snapshot_WC_Tunnel_C_Position","useTrackDescriptionOnly":true}
{"name":"Level_Tunnel_C_06","class":"SFXEmitter","persistentId":"54e5f4b0-dc24-48d9-904b-1ae0b0fe2c58","__parent":"Snapshots","position":[-812.0811767578125,-488.7029113769531,86.3865966796875],"cloneOrigin":"Level_Tunnel_B_11","fadeInTime":0,"fadeOutTime":0,"isLooping":false,"maxDistance":20,"rotationMatrix":[1,0,0,0,0.9999997615814209,-0.0006905338959768414,0,0.0006905338959768414,0.9999997615814209],"scale":[20,20,20],"track":"event:>Snapshot Events>Snapshot_WC_Tunnel_C_Position","useTrackDescriptionOnly":true}
{"name":"Level_Tunnel_C","class":"SFXSpace","persistentId":"b537b28e-54e4-493a-a2b1-6bf5c8d30aab","__parent":"Snapshots","position":[-824.4072875976563,-473.8786926269531,93.06382751464844],"cloneOrigin":"Level_Tunnel_Open_1","rotationMatrix":[0.713539719581604,0.7006087303161621,-0.002931881695985794,-0.6976656913757324,0.7101460695266724,-0.09462352097034454,-0.06421194970607758,0.06956303864717484,0.9955084323883057],"scale":[58.77426528930664,51.09484481811523,21.45971488952637],"soundAmbience":"Level_Under_Bridge_A"}
{"name":"Level_Tunnel_D","class":"SFXEmitter","persistentId":"d57f6b17-eda5-4a97-bdfb-e1907082e1a7","__parent":"Snapshots","position":[-924.3168334960938,-380.6250610351563,76.44070434570313],"cloneOrigin":"Level_Tunnel_C_6","fadeInTime":0,"fadeOutTime":0,"isLooping":false,"maxDistance":25,"rotationMatrix":[1,0,0,0,0.9999997615814209,-0.0006905338959768414,0,0.0006905338959768414,0.9999997615814209],"scale":[25,25,25],"track":"event:>Snapshot Events>Snapshot_WC_Tunnel_D_Position","useTrackDescriptionOnly":true}
{"name":"Level_Tunnel_E","class":"SFXEmitter","persistentId":"48176efd-1343-4846-a81f-56f3c59a5ec9","__parent":"Snapshots","position":[-919.637451171875,-436.2316284179688,75.23232269287109],"cloneOrigin":"Level_Tunnel_D1","fadeInTime":0,"fadeOutTime":0,"isLooping":false,"maxDistance":25,"rotationMatrix":[1,0,0,0,0.9999997615814209,-0.0006905338959768414,0,0.0006905338959768414,0.9999997615814209],"scale":[25,25,25],"track":"event:>Snapshot Events>Snapshot_WC_Tunnel_E_Position","useTrackDescriptionOnly":true}
{"name":"Level_Tunnel_F_01","class":"SFXEmitter","persistentId":"454df575-c43e-497b-9c59-2a1a8b2eec8c","__parent":"Snapshots","position":[-865.2106323242188,-543.3768310546875,101.5535049438477],"cloneOrigin":"Level_Tunnel_E","fadeInTime":0,"fadeOutTime":0,"isLooping":false,"maxDistance":10,"rotationMatrix":[1,0,0,0,0.9999997615814209,-0.0006905338959768414,0,0.0006905338959768414,0.9999997615814209],"scale":[10,10,10],"track":"event:>Snapshot Events>Snapshot_WC_Tunnel_F_Position","useTrackDescriptionOnly":true}
{"name":"Level_Tunnel_F_02","class":"SFXEmitter","persistentId":"c505d784-01a3-48d1-849f-80fe3f325adf","__parent":"Snapshots","position":[-873.454833984375,-535.2001342773438,101.5512771606445],"cloneOrigin":"Level_Tunnel_E1","fadeInTime":0,"fadeOutTime":0,"isLooping":false,"maxDistance":10,"rotationMatrix":[1,0,0,0,0.9999997615814209,-0.0006905338959768414,0,0.0006905338959768414,0.9999997615814209],"scale":[10,10,10],"track":"event:>Snapshot Events>Snapshot_WC_Tunnel_F_Position","useTrackDescriptionOnly":true}
{"name":"Level_Tunnel_F_03","class":"SFXEmitter","persistentId":"33b438a4-9310-42fb-9e52-ba34542dc778","__parent":"Snapshots","position":[909.5166015625,887.245849609375,112.5696258544922],"cloneOrigin":"Level_Tunnel_K_2","fadeInTime":0,"fadeOutTime":0,"isLooping":false,"maxDistance":10,"rotationMatrix":[1,0,0,0,0.9999997615814209,-0.0006905338959768414,0,0.0006905338959768414,0.9999997615814209],"scale":[10,10,10],"track":"event:>Snapshot Events>Snapshot_WC_Tunnel_F_Position","useTrackDescriptionOnly":true}
{"name":"Level_Tunnel_F_04","class":"SFXEmitter","persistentId":"0d3b4ef0-4e72-4501-a076-f48a46d5adb7","__parent":"Snapshots","position":[905.4973754882813,911.8038330078125,112.3532257080078],"cloneOrigin":"Level_Tunnel_K_2","fadeInTime":0,"fadeOutTime":0,"isLooping":false,"maxDistance":10,"rotationMatrix":[1,0,0,0,0.9999997615814209,-0.0006905338959768414,0,0.0006905338959768414,0.9999997615814209],"scale":[10,10,10],"track":"event:>Snapshot Events>Snapshot_WC_Tunnel_F_Position","useTrackDescriptionOnly":true}
{"name":"Level_Tunnel_G_01","class":"SFXEmitter","persistentId":"21a3f831-6780-41e1-ae77-00322ac7c626","__parent":"Snapshots","position":[-490.7945251464844,21.62646484375,79.31852722167969],"cloneOrigin":"Level_Tunnel_B_1","fadeInTime":0,"fadeOutTime":0,"isLooping":false,"maxDistance":20,"rotationMatrix":[1,0,0,0,0.9999997615814209,-0.0006905338959768414,0,0.0006905338959768414,0.9999997615814209],"scale":[20,20,20],"track":"event:>Snapshot Events>Snapshot_WC_Tunnel_G_Position","useTrackDescriptionOnly":true}
{"name":"Level_Tunnel_G_02","class":"SFXEmitter","persistentId":"06742fac-873e-491f-931d-d203db51e53a","__parent":"Snapshots","position":[-490.5371704101563,4.788057327270508,79.16806030273438],"cloneOrigin":"Level_Tunnel_G_1","fadeInTime":0,"fadeOutTime":0,"isLooping":false,"maxDistance":20,"rotationMatrix":[1,0,0,0,0.9999997615814209,-0.0006905338959768414,0,0.0006905338959768414,0.9999997615814209],"scale":[20,20,20],"track":"event:>Snapshot Events>Snapshot_WC_Tunnel_G_Position","useTrackDescriptionOnly":true}
{"name":"Level_Tunnel_G_03","class":"SFXEmitter","persistentId":"5f01935d-16a9-4008-ab6f-a132de207159","__parent":"Snapshots","position":[-493.7784729003906,-11.06497764587402,79.13571929931641],"cloneOrigin":"Level_Tunnel_G_2","fadeInTime":0,"fadeOutTime":0,"isLooping":false,"maxDistance":20,"rotationMatrix":[1,0,0,0,0.9999997615814209,-0.0006905338959768414,0,0.0006905338959768414,0.9999997615814209],"scale":[20,20,20],"track":"event:>Snapshot Events>Snapshot_WC_Tunnel_G_Position","useTrackDescriptionOnly":true}
{"name":"Level_Tunnel_G_04","class":"SFXEmitter","persistentId":"c0772aa6-834a-4052-a486-5fdba5d35f8e","__parent":"Snapshots","position":[-465.7273254394531,14.00665664672852,79.02959442138672],"cloneOrigin":"Level_Tunnel_G_3","fadeInTime":0,"fadeOutTime":0,"isLooping":false,"maxDistance":20,"rotationMatrix":[1,0,0,0,0.9999997615814209,-0.0006905338959768414,0,0.0006905338959768414,0.9999997615814209],"scale":[20,20,20],"track":"event:>Snapshot Events>Snapshot_WC_Tunnel_G_Position","useTrackDescriptionOnly":true}
{"name":"Level_Tunnel_G_05","class":"SFXEmitter","persistentId":"d961887f-074c-4033-90d1-a768f92979e8","__parent":"Snapshots","position":[-465.7943115234375,49.14057540893555,79.42368316650391],"cloneOrigin":"Level_Tunnel_G_3","fadeInTime":0,"fadeOutTime":0,"isLooping":false,"maxDistance":20,"rotationMatrix":[1,0,0,0,0.9999997615814209,-0.0006905338959768414,0,0.0006905338959768414,0.9999997615814209],"scale":[20,20,20],"track":"event:>Snapshot Events>Snapshot_WC_Tunnel_G_Position","useTrackDescriptionOnly":true}
{"name":"Level_Tunnel_G_06","class":"SFXEmitter","persistentId":"a3ba1afe-624b-42dd-8cdf-b06c6ab1482a","__parent":"Snapshots","position":[-468.224853515625,31.9635009765625,79.12506103515625],"cloneOrigin":"Level_Tunnel_G_3","fadeInTime":0,"fadeOutTime":0,"isLooping":false,"maxDistance":20,"rotationMatrix":[1,0,0,0,0.9999997615814209,-0.0006905338959768414,0,0.0006905338959768414,0.9999997615814209],"scale":[20,20,20],"track":"event:>Snapshot Events>Snapshot_WC_Tunnel_G_Position","useTrackDescriptionOnly":true}
{"name":"Level_Tunnel_G","class":"SFXSpace","persistentId":"53e9ba6a-0b0d-46c5-a59d-48e2d9a2eded","__parent":"Snapshots","position":[-478.8815307617188,16.034423828125,83.53401184082031],"cloneOrigin":"Level_Tunnel_C","rotationMatrix":[0.1770295202732086,0.9841989278793335,-0.003770307404920459,-0.9841498136520386,0.1770581156015396,0.009942935779690742,0.01045347098261118,0.001950327306985855,0.9999428391456604],"scale":[114.4288101196289,26.28209495544434,27.49792861938477],"soundAmbience":"Level_Under_Bridge_A"}
{"name":"Level_Tunnel_H_01","class":"SFXEmitter","persistentId":"91b537e1-dba1-4db6-9a77-990703481f02","__parent":"Snapshots","position":[-171.4550628662109,360.6832580566406,81.81407928466797],"cloneOrigin":"Level_Tunnel_G_6","fadeInTime":0,"fadeOutTime":0,"isLooping":false,"maxDistance":20,"rotationMatrix":[1,0,0,0,0.9999997615814209,-0.0006905338959768414,0,0.0006905338959768414,0.9999997615814209],"scale":[20,20,20],"track":"event:>Snapshot Events>Snapshot_WC_Tunnel_H_Position","useTrackDescriptionOnly":true}
{"name":"Level_Tunnel_H_02","class":"SFXEmitter","persistentId":"5dc25f94-d76e-4428-a20e-5c70a2ca6173","__parent":"Snapshots","position":[-143.9248199462891,363.2048034667969,81.8154296875],"cloneOrigin":"Level_Tunnel_G_7","fadeInTime":0,"fadeOutTime":0,"isLooping":false,"maxDistance":20,"rotationMatrix":[1,0,0,0,0.9999997615814209,-0.0006905338959768414,0,0.0006905338959768414,0.9999997615814209],"scale":[20,20,20],"track":"event:>Snapshot Events>Snapshot_WC_Tunnel_H_Position","useTrackDescriptionOnly":true}
{"name":"Level_Tunnel_J_01","class":"SFXEmitter","persistentId":"9b117594-74c9-47f7-b1c2-d4c9defe15cb","__parent":"Snapshots","position":[217.1132965087891,634.9235229492188,89.54125213623047],"cloneOrigin":"Level_Tunnel_I_1","fadeInTime":0,"fadeOutTime":0,"isLooping":false,"maxDistance":20,"rotationMatrix":[1,0,0,0,0.9999997615814209,-0.0006905338959768414,0,0.0006905338959768414,0.9999997615814209],"scale":[20,20,20],"track":"event:>Snapshot Events>Snapshot_WC_Tunnel_J_Position","useTrackDescriptionOnly":true}
{"name":"Level_Tunnel_J_02","class":"SFXEmitter","persistentId":"f71137b9-5df0-460a-adb0-a5226b5e7932","__parent":"Snapshots","position":[196.1746673583984,630.29443359375,86.43040466308594],"cloneOrigin":"Level_Tunnel_J_1","fadeInTime":0,"fadeOutTime":0,"isLooping":false,"maxDistance":20,"rotationMatrix":[1,0,0,0,0.9999997615814209,-0.0006905338959768414,0,0.0006905338959768414,0.9999997615814209],"scale":[20,20,20],"track":"event:>Snapshot Events>Snapshot_WC_Tunnel_J_Position","useTrackDescriptionOnly":true}
{"name":"Level_Tunnel_J_03","class":"SFXEmitter","persistentId":"9944a3f3-08c1-4400-a584-95bc3f0a0ea3","__parent":"Snapshots","position":[177.9586181640625,626.8709106445313,85.17404937744141],"cloneOrigin":"Level_Tunnel_J_2","fadeInTime":0,"fadeOutTime":0,"isLooping":false,"maxDistance":20,"rotationMatrix":[1,0,0,0,0.9999997615814209,-0.0006905338959768414,0,0.0006905338959768414,0.9999997615814209],"scale":[20,20,20],"track":"event:>Snapshot Events>Snapshot_WC_Tunnel_J_Position","useTrackDescriptionOnly":true}
{"name":"Level_Tunnel_K_01","class":"SFXEmitter","persistentId":"48c3ecde-ffc7-4c00-ba7c-95391376c0a2","__parent":"Snapshots","position":[503.1787109375,720.9912109375,116.7535781860352],"cloneOrigin":"Level_Tunnel_J_1","fadeInTime":0,"fadeOutTime":0,"isLooping":false,"maxDistance":15,"rotationMatrix":[1,0,0,0,0.9999997615814209,-0.0006905338959768414,0,0.0006905338959768414,0.9999997615814209],"scale":[15,15,15],"track":"event:>Snapshot Events>Snapshot_WC_Tunnel_K_Position","useTrackDescriptionOnly":true}
{"name":"Level_Tunnel_K_02","class":"SFXEmitter","persistentId":"eb35c5ea-d290-43d9-9d9c-ef7d223fa676","__parent":"Snapshots","position":[488.6078796386719,742.945556640625,114.974967956543],"cloneOrigin":"Level_Tunnel_K_1","fadeInTime":0,"fadeOutTime":0,"isLooping":false,"maxDistance":15,"rotationMatrix":[1,0,0,0,0.9999997615814209,-0.0006905338959768414,0,0.0006905338959768414,0.9999997615814209],"scale":[15,15,15],"track":"event:>Snapshot Events>Snapshot_WC_Tunnel_K_Position","useTrackDescriptionOnly":true}
{"name":"Level_Tunnel_K_03","class":"SFXEmitter","persistentId":"739724a0-1dfd-4c04-aa34-3f28e8ec9709","__parent":"Snapshots","position":[518.27880859375,731.929931640625,116.7594985961914],"cloneOrigin":"Level_Tunnel_K_1","fadeInTime":0,"fadeOutTime":0,"isLooping":false,"maxDistance":15,"rotationMatrix":[1,0,0,0,0.9999997615814209,-0.0006905338959768414,0,0.0006905338959768414,0.9999997615814209],"scale":[15,15,15],"track":"event:>Snapshot Events>Snapshot_WC_Tunnel_K_Position","useTrackDescriptionOnly":true}
{"name":"Level_Tunnel_K_04","class":"SFXEmitter","persistentId":"b46aacee-9f9e-499a-ae50-2b1cd469494e","__parent":"Snapshots","position":[503.7079772949219,753.88427734375,114.9808883666992],"cloneOrigin":"Level_Tunnel_K_1","fadeInTime":0,"fadeOutTime":0,"isLooping":false,"maxDistance":15,"rotationMatrix":[1,0,0,0,0.9999997615814209,-0.0006905338959768414,0,0.0006905338959768414,0.9999997615814209],"scale":[15,15,15],"track":"event:>Snapshot Events>Snapshot_WC_Tunnel_K_Position","useTrackDescriptionOnly":true}
{"name":"Level_Tunnel_K","class":"SFXSpace","persistentId":"5d82bb46-18eb-4d2b-959e-e763103a9047","__parent":"Snapshots","position":[503.2068481445313,737.3294067382813,110.6112289428711],"cloneOrigin":"Level_Under_Bridge_1","rotationMatrix":[-0.5662099719047546,0.8242527842521667,-0.003770353039726615,-0.8242387175559998,-0.5661559104919434,0.009942967444658279,0.006061000749468803,0.008737459778785706,0.99994295835495],"scale":[51.31795120239258,18.03292083740234,27.49792861938477],"soundAmbience":"Level_Under_Bridge_A"}
{"name":"Level_Tunnel_L_01","class":"SFXEmitter","persistentId":"1493dacc-5690-4786-a96b-5277b90833e9","__parent":"Snapshots","position":[936.09228515625,893.5548706054688,109.6615600585938],"cloneOrigin":"Level_Tunnel_F4","fadeInTime":0,"fadeOutTime":0,"isLooping":false,"maxDistance":17,"rotationMatrix":[1,0,0,0,0.9999997615814209,-0.0006905338959768414,0,0.0006905338959768414,0.9999997615814209],"scale":[17,17,17],"track":"event:>Snapshot Events>Snapshot_WC_Tunnel_L_Position","useTrackDescriptionOnly":true}
{"name":"Level_Tunnel_L_02","class":"SFXEmitter","persistentId":"9ac52d06-cd5e-4e55-8ad4-c2055aefdbd1","__parent":"Snapshots","position":[923.6741943359375,915.7145385742188,108.1586151123047],"cloneOrigin":"Level_Tunnel_F5","fadeInTime":0,"fadeOutTime":0,"isLooping":false,"maxDistance":17,"rotationMatrix":[1,0,0,0,0.9999997615814209,-0.0006905338959768414,0,0.0006905338959768414,0.9999997615814209],"scale":[17,17,17],"track":"event:>Snapshot Events>Snapshot_WC_Tunnel_L_Position","useTrackDescriptionOnly":true}
{"name":"Level_Under_Bridge_01","class":"SFXEmitter","persistentId":"e53e793c-1370-4f31-af46-f15f1add9945","__parent":"Snapshots","position":[-199.7669067382813,498.5253295898438,74.39431762695313],"cloneOrigin":"Level_Tunnel_H_2","fadeInTime":0,"fadeOutTime":0,"isLooping":false,"maxDistance":18,"rotationMatrix":[1,0,0,0,0.9999997615814209,-0.0006905338959768414,0,0.0006905338959768414,0.9999997615814209],"scale":[18,18,18],"track":"event:>Snapshot Events>Snapshot_WC_Tunnel_Under_Bridge","useTrackDescriptionOnly":true}
{"name":"Level_Under_Bridge_02","class":"SFXSpace","persistentId":"14b6d058-414f-4dec-a832-f7d7cf8a2175","__parent":"Snapshots","position":[-212.4033355712891,497.3839111328125,76.68547821044922],"cloneOrigin":"Level_Tunnel_G","rotationMatrix":[0.008292700164020061,0.9999589323997498,-0.003770319279283285,-0.999915599822998,0.008328927680850029,0.009942938573658466,0.009974017739295959,0.003687522141262889,0.9999428391456604],"scale":[42.87142562866211,26.28209495544434,27.49792861938477],"soundAmbience":"Level_Under_Bridge"}
{"name":"Level_Under_Bridge_03","class":"SFXSpace","persistentId":"abfc1193-7273-4d09-b1d6-30294495cc6d","__parent":"Snapshots","position":[-195.6753540039063,527.3316040039063,65.69767761230469],"cloneOrigin":"Level_Under_Bridge_1","rotationMatrix":[0.008292700164020061,0.9999589323997498,-0.003770319279283285,-0.999915599822998,0.008328927680850029,0.009942938573658466,0.009974017739295959,0.003687522141262889,0.9999428391456604],"scale":[31.25142478942871,31.9492359161377,27.49792861938477],"soundAmbience":"Level_Under_Bridge"}
{"name":"Level_Under_Bridge_04","class":"SFXSpace","persistentId":"9fd5a18a-b2be-4ac4-a0eb-011e8ffff49f","__parent":"Snapshots","position":[-237.2742462158203,498.4130249023438,75.55863952636719],"cloneOrigin":"Level_Under_Bridge_1","rotationMatrix":[0.008292700164020061,0.9999589323997498,-0.003770319279283285,-0.999915599822998,0.008328927680850029,0.009942938573658466,0.009974017739295959,0.003687522141262889,0.9999428391456604],"scale":[42.87142562866211,26.28209495544434,27.49792861938477],"soundAmbience":"Level_Under_Bridge"}
{"name":"Level_Under_Bridge_05","class":"SFXSpace","persistentId":"941ec421-88ed-46c0-84b9-ab3b6b326669","__parent":"Snapshots","position":[-257.0836791992188,507.526123046875,72.77834320068359],"cloneOrigin":"Level_Under_Bridge_3","rotationMatrix":[-0.7142794728279114,0.6998499035835266,-0.003770362120121717,-0.699847400188446,-0.7142240405082703,0.009942985139787197,0.00426580011844635,0.009740722365677357,0.9999427795410156],"scale":[42.87142562866211,43.21330261230469,27.49792861938477],"soundAmbience":"Level_Under_Bridge"}
{"name":"Level_Under_Bridge_06","class":"SFXSpace","persistentId":"e143e970-a198-4812-b460-9cf1f1783b1c","__parent":"Snapshots","position":[-276.3314819335938,535.630615234375,76.10123443603516],"cloneOrigin":"Level_Under_Bridge_4","rotationMatrix":[-0.7081341147422791,0.6943251490592957,-0.1282905042171478,-0.6973330974578857,-0.7162306308746338,-0.02721116319298744,-0.1107789129018784,0.07019202411174774,0.9913623332977295],"scale":[42.87142562866211,32.82511901855469,15.66582012176514],"soundAmbience":"Level_Under_Bridge"}
{"name":"Level_Under_Bridge_07","class":"SFXSpace","persistentId":"09d7497c-9bad-4633-ae2a-40ad785725eb","__parent":"Snapshots","position":[-303.1022644042969,561.5130615234375,71.67683410644531],"cloneOrigin":"Level_Under_Bridge_5","rotationMatrix":[-0.702973484992981,0.69256192445755,-0.1618214845657349,-0.6995053887367249,-0.7143841981887817,-0.01866934448480606,-0.1285322606563568,0.1000709161162376,0.9866424798965454],"scale":[42.87142562866211,27.99345207214355,14.04978084564209],"soundAmbience":"Level_Under_Bridge"}
{"name":"Level_Garage_Dynamic_01","class":"SFXEmitter","persistentId":"12f62e7e-0ab6-4985-9839-8cd107dec6e6","__parent":"Snapshots","position":[-397.1851501464844,303.8104248046875,107.0520477294922],"cloneOrigin":"Level_Tunnel_A_In","fadeInTime":0,"fadeOutTime":0,"isLooping":false,"maxDistance":5,"rotationMatrix":[1,0,0,0,0.9999997615814209,-0.0006905338959768414,0,0.0006905338959768414,0.9999997615814209],"scale":[5,5,5],"track":"event:>Snapshot Events>Snapshot_WC_Tunnel_Parking_1","useTrackDescriptionOnly":true}
{"name":"Level_Garage_Dynamic_02","class":"SFXEmitter","persistentId":"5dc0ef2e-6d87-4894-b7fa-e60e8676071f","__parent":"Snapshots","position":[-431.8932495117188,269.2529907226563,106.6498107910156],"cloneOrigin":"Level_Garage_Dynamic_1","fadeInTime":0,"fadeOutTime":0,"isLooping":false,"maxDistance":5,"rotationMatrix":[1,0,0,0,0.9999997615814209,-0.0006905338959768414,0,0.0006905338959768414,0.9999997615814209],"scale":[5,5,5],"track":"event:>Snapshot Events>Snapshot_WC_Tunnel_Parking_2","useTrackDescriptionOnly":true}
{"name":"Level_Garage_01","class":"SFXSpace","persistentId":"81ab9d8d-e275-42bc-9e3a-e20a36d5cce0","__parent":"Snapshots","position":[-414.1935729980469,286.1445007324219,87.60881042480469],"cloneOrigin":"Level_Racetrack","rotationMatrix":[0.7021624445915222,0.7120161056518555,-2.801243681460619e-10,-0.7120161652565002,0.7021622061729431,-0.0006905344198457897,-0.0004916715552099049,0.0004848677781410515,0.9999997615814209],"scale":[48.92368698120117,34.52438735961914,47.385009765625],"soundAmbience":"Level_Parking_House"}
{"name":"Reverb_Open","class":"SFXEmitter","persistentId":"4403b17b-845e-4f0d-8507-84393cf37ba4","__parent":"Snapshots","position":[-385.9678955078125,-218.0391235351563,1344.696411132813],"cloneOrigin":"Animal_QP12_1453_1","fadeInTime":0,"fadeOutTime":0,"is3D":false,"isLooping":false,"maxDistance":0.009999999776482582,"referenceDistance":0,"rotationMatrix":[1,0,0,0,0.9999997615814209,-0.0006905338959768414,0,0.0006905338959768414,0.9999997615814209],"scale":[0.009999999776482582,0.009999999776482582,0.009999999776482582],"track":"snapshot:>Reverb_WC_Open","useTrackDescriptionOnly":true}
{"name":"Reverb_City_01","class":"SFXSpace","persistentId":"073dbdda-c548-4cdd-a18c-dd95c4e95465","__parent":"Snapshots","position":[-759.3514404296875,581.4773559570313,159.4197692871094],"cloneOrigin":"QP06_660_1","rotationMatrix":[0.6862397789955139,0.7273762822151184,-4.720277502201498e-10,-0.7273758053779602,0.6862395405769348,-0.0006905323243699968,-0.0005022760597057641,0.0004738715069834143,0.9999997615814209],"scale":[929.8839111328125,947.1929931640625,1000],"soundAmbience":"Reverb_WC_City"}
