{
  "class" : "SimGroup",
  "name" : "MissionGroup",
  "enabled" : "1",
  "childs" : [
    {
      "class" : "SimGroup",
      "name" : "PlayerDropPoints",
      "enabled" : "1",
      "childs" : [
        {
          "class" : "SpawnSphere",
          "name" : "spawns_dockyards",
          "position" : [ 57.34007263183594, 709.1807250976563, 74.84569549560547 ],
          "autoplaceOnSpawn" : "0",
          "cloneOrigin" : "spawns_chinatown",
          "dataBlock" : "SpawnSphereMarker",
          "enabled" : "1",
          "homingCount" : "0",
          "indoorWeight" : "1",
          "isAIControlled" : "0",
          "lockCount" : "0",
          "outdoorWeight" : "1",
          "radius" : 1,
          "rotationMatrix" : [
            0.5420536398887634,
            -0.8403421640396118,
            0,
            0.8403421640396118,
            0.5420536398887634,
            0,
            0,
            0,
            1
          ],
          "sphereWeight" : "1"
        },
        {
          "class" : "SpawnSphere",
          "name" : "spawns_racetrack",
          "position" : [ 395.1250610351563, -247.7126007080078, 145.6699981689453 ],
          "autoplaceOnSpawn" : "0",
          "cloneOrigin" : "spawns_highway",
          "dataBlock" : "SpawnSphereMarker",
          "enabled" : "1",
          "homingCount" : "0",
          "indoorWeight" : "1",
          "isAIControlled" : "0",
          "lockCount" : "0",
          "outdoorWeight" : "1",
          "radius" : 1,
          "rotationMatrix" : [
            0.01829683780670166,
            -0.9998326301574707,
            0,
            0.9998326301574707,
            0.01829683780670166,
            0,
            0,
            0,
            1
          ],
          "sphereWeight" : "1"
        },
        {
          "class" : "SpawnSphere",
          "name" : "spawns_highway",
          "position" : [ -957.1950073242188, -627.6649780273438, 106.8099975585938 ],
          "autoplaceOnSpawn" : "0",
          "cloneOrigin" : "spawns_redwood_forest",
          "dataBlock" : "SpawnSphereMarker",
          "enabled" : "1",
          "homingCount" : "0",
          "indoorWeight" : "1",
          "isAIControlled" : "0",
          "lockCount" : "0",
          "outdoorWeight" : "1",
          "radius" : 1,
          "rotationMatrix" : [
            -0.7154242992401123,
            0.6986902356147766,
            0,
            -0.6986902356147766,
            -0.7154242992401123,
            0,
            0,
            0,
            1
          ],
          "sphereWeight" : "1"
        },
        {
          "class" : "SpawnSphere",
          "name" : "spawns_industrial",
          "position" : [ -731.0789794921875, 92.26760101318359, 118.7799987792969 ],
          "autoplaceOnSpawn" : "0",
          "cloneOrigin" : "spawns_chinatown",
          "dataBlock" : "SpawnSphereMarker",
          "enabled" : "1",
          "homingCount" : "0",
          "indoorWeight" : "1",
          "isAIControlled" : "0",
          "lockCount" : "0",
          "outdoorWeight" : "1",
          "radius" : 1,
          "rotationMatrix" : [
            -0.6884300708770752,
            0.7253028750419617,
            0,
            -0.7253028750419617,
            -0.6884300708770752,
            0,
            0,
            0,
            1
          ],
          "sphereWeight" : "1"
        },
        {
          "class" : "SpawnSphere",
          "name" : "spawns_redwood_forest",
          "position" : [ -752.5349731445313, -914.7130126953125, 163.1999969482422 ],
          "autoplaceOnSpawn" : "0",
          "cloneOrigin" : "spawns_industrial",
          "dataBlock" : "SpawnSphereMarker",
          "enabled" : "1",
          "homingCount" : "0",
          "indoorWeight" : "1",
          "isAIControlled" : "0",
          "lockCount" : "0",
          "outdoorWeight" : "1",
          "radius" : 1,
          "rotationMatrix" : [
            -0.2967085838317871,
            -0.9549680352210999,
            0,
            0.9549680352210999,
            -0.2967085838317871,
            0,
            0,
            0,
            1
          ],
          "sphereWeight" : "1"
        },
        {
          "class" : "SpawnSphere",
          "name" : "spawns_dirttrack",
          "position" : [ 566.5792846679688, 26.69588851928711, 148.2781066894531 ],
          "autoplaceOnSpawn" : "0",
          "cloneOrigin" : "spawns_racetrack",
          "dataBlock" : "SpawnSphereMarker",
          "enabled" : "1",
          "homingCount" : "0",
          "indoorWeight" : "1",
          "isAIControlled" : "0",
          "lockCount" : "0",
          "outdoorWeight" : "1",
          "radius" : 1,
          "rotationMatrix" : [
            -0.9988229870796204,
            0.04849975556135178,
            0,
            -0.04849975556135178,
            -0.9988229870796204,
            0,
            0,
            0,
            1
          ],
          "sphereWeight" : "1"
        },
        {
          "class" : "SpawnSphere",
          "name" : "spawns_chinatown",
          "position" : [ -725.7100219726563, 554.3270263671875, 121.0999984741211 ],
          "autoplaceOnSpawn" : "0",
          "dataBlock" : "SpawnSphereMarker",
          "enabled" : "1",
          "homingCount" : "0",
          "indoorWeight" : "1",
          "isAIControlled" : "0",
          "lockCount" : "0",
          "outdoorWeight" : "1",
          "radius" : 1,
          "rotationMatrix" : [
            0.4382455348968506,
            0.8988553285598755,
            0,
            -0.8988553285598755,
            0.4382455348968506,
            0,
            0,
            0,
            1
          ],
          "sphereWeight" : "1"
        }
      ]
    },
    {
      "class" : "LevelInfo",
      "name" : "theLevelInfo",
      "canvasClearColor" : [ 1, 1, 1, 255 ],
      "desc0" : "West Coast USA",
      "fogAtmosphereHeight" : 400,
      "fogColor" : [ 0.9960780143737793, 0.992156982421875, 0.992156982421875, 1 ],
      "fogDensity" : 0.00139999995008111,
      "globalEnviromentMap" : "BNG_Sky_02_cubemap",
      "gravity" : -9.810000419616699,
      "levelName" : "West Coast USA",
      "soundAmbience" : "AudioAmbienceDefault",
      "visibleDistance" : 4000
    },
    {
      "class" : "Precipitation",
      "name" : "WCA_rain",
      "position" : [ -402.4587707519531, 72.98406982421875, 272.4047546386719 ],
      "boxHeight" : 50,
      "boxWidth" : 50,
      "dataBlock" : "rain_drop",
      "dropSize" : 0.2000000029802322,
      "hitVehicles" : true,
      "maxSpeed" : 0.4000000059604645,
      "minSpeed" : 0.3499999940395355,
      "numDrops" : 0,
      "splashSize" : 0.2000000029802322,
      "useTurbulence" : true
    },
    {
      "class" : "TimeOfDay",
      "name" : "tod",
      "position" : [ 36.62279891967773, -62.50979995727539, 15.32040023803711 ],
      "axisTilt" : 30,
      "azimuthOverride" : 3,
      "dayLength" : 20,
      "nightScale" : 1,
      "play" : false,
      "rotationMatrix" : [ 5.960464477539063e-08, -1, 0, 1, 5.960464477539063e-08, 0, 0, 0, 1 ],
      "startTime" : 0.119999997317791,
      "time" : 0.119999997317791
    },
    {
      "class" : "TerrainBlock",
      "name" : "theTerrain",
      "position" : [ -1023.5, -1023.5, 0 ],
      "baseTexSize" : 2048,
      "maxHeight" : 384.6400146484375,
      "minimapImage" : "levels/west_coast_usa/westcoast_minimap.png",
      "terrainFile" : "levels/west_coast_usa/west_coast_usa.ter"
    },
    {
      "class" : "ScatterSky",
      "position" : [ 70.39710235595703, 4.539209842681885, 73.99230194091797 ],
      "ambientScale" : [
        0.6000000238418579,
        0.7215690016746521,
        0.8274509906768799,
        1.041000008583069
      ],
      "azimuth" : 171.8873291015625,
      "brightness" : 1.049999952316284,
      "colorize" : [ 0.6000000238418579, 0.7725489735603333, 0.8862749934196472, 1 ],
      "colorizeAmount" : 0.449999988079071,
      "elevation" : 43.19999694824219,
      "exposure" : 1.200000047683716,
      "fadeStartDistance" : 700,
      "flareScale" : 10,
      "fogScale" : [
        0.8431370258331299,
        0.8862749934196472,
        0.9058820009231567,
        0.8100000023841858
      ],
      "lastSplitTerrainOnly" : true,
      "logWeight" : 0.9800000190734863,
      "mieScattering" : 5.059999239165336e-06,
      "moonLightColor" : [ 0.2470590025186539, 0.2470590025186539, 0.2470590025186539, 1 ],
      "moonMat" : "Moon_Glow_Mat",
      "moonScale" : 0.02999999932944775,
      "nightColor" : [ 0.02352939918637276, 0.02352939918637276, 0.02352930046617985, 1 ],
      "nightCubemap" : "BlackSkyCubemap",
      "nightFogColor" : [ 6.313690360861896e-41, 0, 0, 1 ],
      "overDarkFactor" : [ 20000, 11000, 2000, 400 ],
      "rayleighScattering" : 0.003000000026077032,
      "shadowDarkenColor" : [ 0, 0, 0, 0 ],
      "shadowDistance" : 1600,
      "shadowSoftness" : 0.2000000029802322,
      "skyBrightness" : 340,
      "sunScale" : [ 1, 0.8600000143051147, 0.6299999952316284, 1 ],
      "sunSize" : 0.009999999776482582,
      "texSize" : 1024,
      "useNightCubemap" : true
    },
    {
      "class" : "SimGroup",
      "name" : "CameraBookmarks",
      "childs" : [
        {
          "class" : "CameraBookmark",
          "position" : [ 433.7659912109375, -729.0430297851563, 135.6670074462891 ],
          "dataBlock" : "CameraBookmarkMarker",
          "internalName" : "NewCamera_0",
          "observer" : false,
          "rotationMatrix" : [
            -0.7379845380783081,
            -0.6748176217079163,
            5.811452865600586e-06,
            0.1022760272026062,
            -0.1118581295013428,
            -0.9884468913078308,
            0.6670219898223877,
            -0.7294579148292542,
            0.151567280292511
          ]
        },
        {
          "class" : "CameraBookmark",
          "position" : [ 433.7659912109375, -729.0430297851563, 135.6670074462891 ],
          "dataBlock" : "CameraBookmarkMarker",
          "internalName" : "NewCamera_1",
          "observer" : false,
          "rotationMatrix" : [
            -0.7379845380783081,
            -0.6748176217079163,
            5.811452865600586e-06,
            0.1022760272026062,
            -0.1118581295013428,
            -0.9884468913078308,
            0.6670219898223877,
            -0.7294579148292542,
            0.151567280292511
          ]
        },
        {
          "class" : "CameraBookmark",
          "position" : [ -23.14109992980957, -857.5700073242188, 112.5709991455078 ],
          "dataBlock" : "CameraBookmarkMarker",
          "internalName" : "NewCamera_2",
          "observer" : false,
          "rotationMatrix" : [
            -0.3522014617919922,
            0.9359241724014282,
            4.231929779052734e-06,
            -0.3239128887653351,
            -0.1218887567520142,
            -0.9382022619247437,
            -0.8780856728553772,
            -0.3304376602172852,
            0.3460873365402222
          ]
        },
        {
          "class" : "CameraBookmark",
          "position" : [ -23.14109992980957, -857.5700073242188, 112.5709991455078 ],
          "dataBlock" : "CameraBookmarkMarker",
          "internalName" : "NewCamera_3",
          "observer" : false,
          "rotationMatrix" : [
            -0.3522014617919922,
            0.9359241724014282,
            4.231929779052734e-06,
            -0.3239128887653351,
            -0.1218887567520142,
            -0.9382022619247437,
            -0.8780856728553772,
            -0.3304376602172852,
            0.3460873365402222
          ]
        },
        {
          "class" : "CameraBookmark",
          "position" : [ -23.14109992980957, -857.5700073242188, 112.5709991455078 ],
          "dataBlock" : "CameraBookmarkMarker",
          "internalName" : "NewCamera_4",
          "observer" : false,
          "rotationMatrix" : [
            -0.3522014617919922,
            0.9359241724014282,
            4.231929779052734e-06,
            -0.3239128887653351,
            -0.1218887567520142,
            -0.9382022619247437,
            -0.8780856728553772,
            -0.3304376602172852,
            0.3460873365402222
          ]
        },
        {
          "class" : "CameraBookmark",
          "position" : [ -374.4230041503906, -294.1419982910156, 67.19960021972656 ],
          "dataBlock" : "CameraBookmarkMarker",
          "internalName" : "NewCamera_5",
          "observer" : false,
          "rotationMatrix" : [
            -0.1225979328155518,
            0.9924566149711609,
            -4.887580871582031e-06,
            -0.000190436840057373,
            -2.86102294921875e-05,
            -1.00000011920929,
            -0.9924566149711609,
            -0.1225977838039398,
            0.0001922845840454102
          ]
        },
        {
          "class" : "CameraBookmark",
          "position" : [ 34.33110046386719, -811.0640258789063, 76.55280303955078 ],
          "dataBlock" : "CameraBookmarkMarker",
          "internalName" : "NewCamera_6",
          "observer" : false,
          "rotationMatrix" : [
            -0.98398756980896,
            -0.1782378256320953,
            -4.403293132781982e-06,
            3.948062658309937e-05,
            -0.0001932382583618164,
            -1,
            0.1782378256320953,
            -0.9839874505996704,
            0.0001971125602722168
          ]
        },
        {
          "class" : "CameraBookmark",
          "position" : [ -563.2059936523438, 405.4240112304688, 37.88970184326172 ],
          "dataBlock" : "CameraBookmarkMarker",
          "internalName" : "NewCamera_7",
          "observer" : false,
          "rotationMatrix" : [
            -0.381283164024353,
            0.924458384513855,
            2.35438346862793e-06,
            -0.0001830756664276123,
            -7.295608520507813e-05,
            -1,
            -0.924458384513855,
            -0.3812831342220306,
            0.0001970529556274414
          ]
        },
        {
          "class" : "CameraBookmark",
          "position" : [ 194.5110015869141, -730.0809936523438, 79.88500213623047 ],
          "dataBlock" : "CameraBookmarkMarker",
          "internalName" : "NewCamera_8",
          "observer" : false,
          "rotationMatrix" : [
            -0.4840121269226074,
            -0.8750615119934082,
            -5.960464477539063e-07,
            0.1319705247879028,
            -0.07299458980560303,
            -0.9885624647140503,
            0.8650528192520142,
            -0.4784760773181915,
            0.1508123874664307
          ]
        },
        {
          "class" : "CameraBookmark",
          "position" : [ 57.04169845581055, -804.406982421875, 49.29470062255859 ],
          "dataBlock" : "CameraBookmarkMarker",
          "internalName" : "NewCamera_9",
          "observer" : false,
          "rotationMatrix" : [
            -0.5565470457077026,
            -0.8308163285255432,
            -9.685754776000977e-07,
            0.7000822424888611,
            -0.4689702987670898,
            -0.538472056388855,
            0.4473708868026733,
            -0.2996855974197388,
            0.8426433801651001
          ]
        },
        {
          "class" : "CameraBookmark",
          "position" : [ -602.8989868164063, 104.3190002441406, 21.86709976196289 ],
          "dataBlock" : "CameraBookmarkMarker",
          "internalName" : "NewCamera_10",
          "observer" : false,
          "rotationMatrix" : [
            0.7585673332214355,
            0.6515946388244629,
            8.642673492431641e-07,
            -0.2758572697639465,
            0.3211461305618286,
            -0.9059624075889587,
            -0.5903205871582031,
            0.6872332692146301,
            0.4233580827713013
          ]
        },
        {
          "class" : "CameraBookmark",
          "position" : [ 81.12750244140625, -187.5469970703125, 38.10430145263672 ],
          "dataBlock" : "CameraBookmarkMarker",
          "internalName" : "NewCamera_11",
          "observer" : false,
          "rotationMatrix" : [
            -0.4372541904449463,
            0.8993380665779114,
            1.080334186553955e-07,
            -0.8920589089393616,
            -0.4337151050567627,
            -0.1269732862710953,
            -0.114191859960556,
            -0.05551968514919281,
            0.9919061660766602
          ]
        },
        {
          "class" : "CameraBookmark",
          "position" : [ 81.12750244140625, -187.5469970703125, 38.10430145263672 ],
          "dataBlock" : "CameraBookmarkMarker",
          "internalName" : "NewCamera_12",
          "observer" : false,
          "rotationMatrix" : [
            -0.4372541904449463,
            0.8993380665779114,
            1.080334186553955e-07,
            -0.8920589089393616,
            -0.4337151050567627,
            -0.1269732862710953,
            -0.114191859960556,
            -0.05551968514919281,
            0.9919061660766602
          ]
        },
        {
          "class" : "CameraBookmark",
          "position" : [ -114.3560028076172, -942.9219970703125, 86.01280212402344 ],
          "dataBlock" : "CameraBookmarkMarker",
          "internalName" : "NewCamera_13",
          "observer" : false,
          "rotationMatrix" : [
            0.9570947885513306,
            0.2897749543190002,
            1.043081283569336e-07,
            -0.06643024086952209,
            0.219412088394165,
            -0.9733681082725525,
            -0.2820577025413513,
            0.9316055178642273,
            0.2292479872703552
          ]
        },
        {
          "class" : "CameraBookmark",
          "position" : [ 507.1000061035156, -351.0650024414063, 215.0130004882813 ],
          "dataBlock" : "CameraBookmarkMarker",
          "internalName" : "NewCamera_14",
          "observer" : false,
          "rotationMatrix" : [
            0.8030350208282471,
            -0.5959318280220032,
            7.897615432739258e-07,
            0.3605863451957703,
            0.4858992695808411,
            -0.7961654663085938,
            0.4744599461555481,
            0.6393489837646484,
            0.6050790548324585
          ]
        },
        {
          "class" : "CameraBookmark",
          "position" : [ 25.63730049133301, -239.5540008544922, 142.6210021972656 ],
          "dataBlock" : "CameraBookmarkMarker",
          "internalName" : "NewCamera_15",
          "observer" : false,
          "rotationMatrix" : [
            -0.06279373168945313,
            -0.9980264902114868,
            7.510185241699219e-06,
            0.2620782554149628,
            -0.01649665832519531,
            -0.9649056196212769,
            0.963001549243927,
            -0.06058809161186218,
            0.2625969648361206
          ]
        },
        {
          "class" : "CameraBookmark",
          "position" : [ 794.0670166015625, 343.7430114746094, 168.0500030517578 ],
          "dataBlock" : "CameraBookmarkMarker",
          "internalName" : "NewCamera_16",
          "observer" : false,
          "rotationMatrix" : [
            0.6839205026626587,
            0.7295565605163574,
            -8.940696716308594e-07,
            -0.1765764057636261,
            0.1655297875404358,
            -0.9702683687210083,
            -0.7078654766082764,
            0.6635866165161133,
            0.2420316934585571
          ]
        },
        {
          "class" : "CameraBookmark",
          "position" : [ 811.1079711914063, -731.166015625, 298.5849914550781 ],
          "dataBlock" : "CameraBookmarkMarker",
          "internalName" : "NewCamera_17",
          "observer" : false,
          "rotationMatrix" : [
            0.9918383359909058,
            0.1275018006563187,
            -2.123415470123291e-07,
            -0.08116376399993896,
            0.6313727498054504,
            -0.7712203860282898,
            -0.09833185374736786,
            0.764926016330719,
            0.6365682482719421
          ]
        },
        {
          "class" : "CameraBookmark",
          "position" : [ -201.6600036621094, 339.93798828125, 113.9400024414063 ],
          "dataBlock" : "CameraBookmarkMarker",
          "internalName" : "NewCamera_18",
          "observer" : false,
          "rotationMatrix" : [
            0.9830780625343323,
            0.1831870973110199,
            -1.192092895507813e-07,
            -0.09052389860153198,
            0.4857981204986572,
            -0.8693708777427673,
            -0.1592574566602707,
            0.8546594977378845,
            0.4941602349281311
          ]
        },
        {
          "class" : "CameraBookmark",
          "position" : [ -802.170166015625, -16.42751502990723, 126.5876083374023 ],
          "dataBlock" : "CameraBookmarkMarker",
          "internalName" : "NewCamera_19",
          "rotationMatrix" : [
            -0.9078896045684814,
            0.4192091822624207,
            3.725290298461914e-09,
            -0.41074538230896,
            -0.8895593881607056,
            -0.1999305635690689,
            -0.08381272852420807,
            -0.1815149039030075,
            0.9798100590705872
          ]
        },
        {
          "class" : "CameraBookmark",
          "position" : [ -802.170166015625, -16.42751502990723, 126.5876083374023 ],
          "dataBlock" : "CameraBookmarkMarker",
          "internalName" : "NewCamera_20",
          "rotationMatrix" : [
            -0.9078896045684814,
            0.4192091822624207,
            3.725290298461914e-09,
            -0.41074538230896,
            -0.8895593881607056,
            -0.1999305635690689,
            -0.08381272852420807,
            -0.1815149039030075,
            0.9798100590705872
          ]
        },
        {
          "class" : "CameraBookmark",
          "position" : [ 566.5247802734375, -711.5440673828125, 228.8334503173828 ],
          "dataBlock" : "CameraBookmarkMarker",
          "internalName" : "NewCamera_21",
          "rotationMatrix" : [
            -0.2145384550094604,
            0.9767154455184937,
            -1.490116119384766e-07,
            -0.173052579164505,
            -0.03801155090332031,
            -0.9841787219047546,
            -0.961262583732605,
            -0.2111442685127258,
            0.1771782636642456
          ]
        },
        {
          "class" : "CameraBookmark",
          "position" : [ 577.2874755859375, -683.8363037109375, 205.8137054443359 ],
          "dataBlock" : "CameraBookmarkMarker",
          "internalName" : "NewCamera_22",
          "rotationMatrix" : [
            0.9947839379310608,
            -0.1020042300224304,
            6.798654794692993e-08,
            0.1015904694795609,
            0.9907487630844116,
            -0.0899793803691864,
            0.00917821004986763,
            0.08951005339622498,
            0.9959436058998108
          ]
        }
      ]
    },
    {
      "class" : "SimGroup",
      "name" : "Water",
      "childs" : [
        {
          "class" : "WaterPlane",
          "name" : "aaaa",
          "position" : [ 0, 0, 71 ],
          "Foam" : [ {}, {} ],
          "Ripples (texture animation)" : [
            {
              "rippleDir" : [ 0, -1 ],
              "rippleMagnitude" : 0.5,
              "rippleSpeed" : 0.009999999776482582,
              "rippleTexScale" : [ 50, 50 ]
            },
            {
              "rippleDir" : [ 0.7070000171661377, 0.7070000171661377 ],
              "rippleSpeed" : 0.01999999955296516,
              "rippleTexScale" : [ 12.5, 23 ]
            },
            {
              "rippleDir" : [ -0.5, 0.8600000143051147 ],
              "rippleSpeed" : 0.001000000047497451,
              "rippleTexScale" : [ 100, 100 ]
            }
          ],
          "Waves (vertex undulation)" : [
            {
              "waveDir" : [ 0, -1 ],
              "waveMagnitude" : 0.2000000029802322,
              "waveSpeed" : 1
            },
            {
              "waveDir" : [ -0.7070000171661377, -0.7070000171661377 ],
              "waveMagnitude" : 0.2000000029802322,
              "waveSpeed" : 1
            },
            {
              "waveDir" : [ -0.5, -0.8600000143051147 ],
              "waveMagnitude" : 0.2000000029802322,
              "waveSpeed" : 2
            }
          ],
          "baseColor" : [ 151, 180, 221, 0 ],
          "clarity" : 0.2000000029802322,
          "cubemap" : "BNG_Sky_02_cubemap",
          "depthGradientMax" : 20,
          "depthGradientTex" : "core/art/water/depthcolor_ramp",
          "foamAmbientLerp" : 1,
          "foamMaxDepth" : 1,
          "foamTex" : "core/art/water/foam",
          "gridSize" : 100,
          "overallFoamOpacity" : 2.5,
          "overallRippleMagnitude" : 1,
          "reflectTexSize" : 128,
          "reflectivity" : 0.300000011920929,
          "rippleTex" : "levels/west_coast_usa/art/water/ripple4.dds",
          "specularPower" : 200,
          "viscosity" : 0.001000000047497451,
          "waterFogDensity" : 0.2000000029802322,
          "wetDarkening" : 0.4000000059604645,
          "wetDepth" : 2
        }
      ]
    },
    {
      "class" : "ForestWindEmitter",
      "position" : [ -441.8590087890625, 419.6860046386719, 21.60569953918457 ],
      "hasMount" : "0",
      "strength" : 1.5
    },
    {
      "class" : "CloudLayer",
      "name" : "clouds1",
      "position" : [ 304.968994140625, 588.9749755859375, 72.87889862060547 ],
      "Textures" : [
        {
          "texDirection" : [ 1, 1 ],
          "texScale" : 0.300000011920929,
          "texSpeed" : 0.001000000047497451
        },
        {
          "texDirection" : [ 1, 1 ],
          "texScale" : 1.5
        },
        {
          "texDirection" : [ 1, 1 ],
          "texScale" : 4
        }
      ],
      "baseColor" : [
        0.992156982421875,
        0.9960780143737793,
        0.9960780143737793,
        0.3219999969005585
      ],
      "coverage" : 0.4000000059604645,
      "exposure" : 1.25,
      "texture" : "art/skies/clouds/clouds_normal_displacement"
    },
    {
      "class" : "SimGroup",
      "name" : "vegetation",
      "childs" : [
        {
          "class" : "GroundCover",
          "name" : "shrubs_near",
          "position" : [ 344.6960144042969, -1068.180053710938, 167.7779998779297 ],
          "Material" : "wca_groundcover",
          "Types" : [
            {
              "billboardUVs" : [ 0.4921880066394806, 0, 0.2539060115814209, 0.2421880066394806 ],
              "layer" : "Forest",
              "probability" : 1,
              "sizeExponent" : 2,
              "sizeMax" : 2,
              "windScale" : 0.5
            },
            {
              "billboardUVs" : [ 0.7617189884185791, 0.2382809966802597, 0.125, 0.1484369933605194 ],
              "layer" : "Forest",
              "maxSlope" : 60,
              "probability" : 0.300000011920929,
              "sizeMax" : 1.5,
              "windScale" : 0.5
            },
            {
              "billboardUVs" : [
                0.4960939884185791,
                0.2382819950580597,
                0.2578130066394806,
                0.2695310115814209
              ],
              "layer" : "Forest",
              "maxSlope" : 60,
              "probability" : 0.5,
              "sizeMax" : 2
            },
            {
              "billboardUVs" : [ 0.875, 0.2578130066394806, 0.125, 0.1289059966802597 ],
              "layer" : "Forest",
              "maxSlope" : 60,
              "probability" : 0.300000011920929,
              "sizeMax" : 1.5
            },
            {},
            {},
            {},
            {}
          ],
          "cloneOrigin" : "shrubs_med",
          "dissolveRadius" : 75,
          "gridSize" : 2,
          "maxElements" : 50000,
          "radius" : 100,
          "reflectScale" : 0,
          "seed" : 2,
          "shapeCullRadius" : 200,
          "windGustFrequency" : 0.2000000029802322,
          "windGustStrength" : 0.8999999761581421,
          "windTurbulenceFrequency" : 0.5
        },
        {
          "class" : "GroundCover",
          "name" : "grass_dry_near",
          "position" : [ -1024, -1024, 0 ],
          "Material" : "wca_groundcover",
          "Types" : [
            {
              "billboardUVs" : [ 0, 0.2617189884185791, 0.25, 0.2382809966802597 ],
              "clumpExponent" : 0,
              "clumpRadius" : 2,
              "layer" : "Grass",
              "maxClumpCount" : 0,
              "minClumpCount" : 0,
              "probability" : 1,
              "sizeExponent" : 10,
              "sizeMax" : 1.5,
              "windScale" : 0.5
            },
            {
              "billboardUVs" : [ 0, 0, 0.25, 0.2578130066394806 ],
              "layer" : "Grass",
              "probability" : 1,
              "sizeExponent" : 3,
              "sizeMax" : 1.5
            },
            {
              "billboardUVs" : [ 0.5, 0, 0.5, 0.5 ],
              "layer" : "Grass",
              "sizeMax" : 3,
              "sizeMin" : 2
            },
            {
              "billboardUVs" : [ 0.5, 0.5273439884185791, 0.5, 0.4726560115814209 ],
              "layer" : "Grass",
              "sizeMax" : 4,
              "sizeMin" : 2
            },
            {},
            {},
            {},
            {}
          ],
          "dissolveRadius" : 60,
          "gridSize" : 2,
          "maxBillboardTiltAngle" : 45,
          "maxElements" : 100000,
          "radius" : 75,
          "shapesCastShadows" : false,
          "windGustFrequency" : 0.2000000029802322,
          "windGustStrength" : 1,
          "windTurbulenceFrequency" : 0.5,
          "windTurbulenceStrength" : 0.300000011920929,
          "zOffset" : -0.1000000014901161
        },
        {
          "class" : "GroundCover",
          "name" : "grass_dry_med",
          "position" : [ 354.6329956054688, -556.4660034179688, 29.39019966125488 ],
          "Material" : "wca_groundcover",
          "Types" : [
            {
              "billboardUVs" : [ 0, 0.2578130066394806, 0.2382809966802597, 0.2421880066394806 ],
              "clumpExponent" : 0,
              "clumpRadius" : 2,
              "layer" : "Grass",
              "maxClumpCount" : 0,
              "minClumpCount" : 0,
              "probability" : 1,
              "sizeExponent" : 10,
              "sizeMax" : 1.5,
              "windScale" : 0.5
            },
            {
              "billboardUVs" : [ 0, 0, 0.25, 0.2539069950580597 ],
              "layer" : "Grass",
              "probability" : 0.5,
              "sizeExponent" : 3,
              "sizeMax" : 1.5
            },
            {
              "billboardUVs" : [ 0.25, 0, 0.25, 0.2578130066394806 ],
              "layer" : "Grass",
              "probability" : 0.05000000074505806,
              "sizeMax" : 2.5,
              "sizeMin" : 1.5
            },
            {
              "billboardUVs" : [
                0.2460940033197403,
                0.2617189884185791,
                0.2578130066394806,
                0.2421869933605194
              ],
              "layer" : "Grass",
              "probability" : 0.02999999932944775,
              "sizeMax" : 3,
              "sizeMin" : 2
            },
            {},
            {},
            {},
            {}
          ],
          "dissolveRadius" : 125,
          "gridSize" : 2,
          "maxBillboardTiltAngle" : 45,
          "maxElements" : 200000,
          "radius" : 150,
          "shapesCastShadows" : false,
          "windGustFrequency" : 0.2000000029802322,
          "windGustStrength" : 1,
          "windTurbulenceFrequency" : 0.5,
          "windTurbulenceStrength" : 0.300000011920929,
          "zOffset" : -0.05000000074505806
        },
        {
          "class" : "GroundCover",
          "name" : "grass_dry_far",
          "position" : [ -256.7630004882813, -365.7720031738281, 59.95019912719727 ],
          "Material" : "wca_groundcover",
          "Types" : [
            {
              "billboardUVs" : [ 0, 0.2578130066394806, 0.25, 0.2421880066394806 ],
              "clumpExponent" : 0,
              "clumpRadius" : 2,
              "layer" : "Grass",
              "maxClumpCount" : 0,
              "minClumpCount" : 0,
              "probability" : 1,
              "sizeExponent" : 10,
              "sizeMax" : 3,
              "windScale" : 0.5
            },
            {
              "billboardUVs" : [ 0, 0, 0.2617189884185791, 0.2578130066394806 ],
              "layer" : "Grass",
              "probability" : 1,
              "sizeExponent" : 3,
              "sizeMax" : 2.5,
              "sizeMin" : 1.5
            },
            {
              "billboardUVs" : [ 0.265625, 0, 0.2226559966802597, 0.2578130066394806 ],
              "layer" : "Grass",
              "probability" : 2,
              "sizeMax" : 2
            },
            {
              "billboardUVs" : [ 0.25, 0.265625, 0.25, 0.2421869933605194 ],
              "layer" : "Grass",
              "probability" : 1,
              "sizeMax" : 2
            },
            {},
            {},
            {},
            {}
          ],
          "cloneOrigin" : "grass_dry_near",
          "dissolveRadius" : 300,
          "gridSize" : 16,
          "maxBillboardTiltAngle" : 45,
          "maxElements" : 18000,
          "radius" : 400,
          "shapesCastShadows" : false,
          "windGustFrequency" : 0.2000000029802322,
          "windGustStrength" : 1,
          "windTurbulenceFrequency" : 0.5,
          "windTurbulenceStrength" : 0.300000011920929,
          "zOffset" : -0.1500000059604645
        },
        {
          "class" : "GroundCover",
          "name" : "grass_dry_short",
          "position" : [ 390.7309875488281, -693.969970703125, 80.45649719238281 ],
          "Material" : "wca_groundcover",
          "Types" : [
            {
              "billboardUVs" : [
                0.7460939884185791,
                0.3945310115814209,
                0.1328130066394806,
                0.1171879991889
              ],
              "clumpExponent" : 0,
              "clumpRadius" : 2,
              "layer" : "dirt_grass",
              "maxClumpCount" : 0,
              "minClumpCount" : 0,
              "probability" : 1,
              "sizeExponent" : 10,
              "sizeMax" : 0.800000011920929,
              "sizeMin" : 0.300000011920929,
              "windScale" : 0.2000000029802322
            },
            {
              "billboardUVs" : [ 0.75, 0.5195320248603821, 0.25, 0.1601549983024597 ],
              "layer" : "dirt_grass",
              "probability" : 1,
              "sizeExponent" : 3,
              "sizeMax" : 0.699999988079071,
              "sizeMin" : 0.300000011920929,
              "windScale" : 0.2000000029802322
            },
            {
              "billboardUVs" : [ 0.5, 0, 0.5, 0.5 ],
              "layer" : "Grass",
              "sizeMax" : 3,
              "sizeMin" : 2
            },
            {
              "billboardUVs" : [ 0.5, 0.5273439884185791, 0.5, 0.4726560115814209 ],
              "layer" : "Grass",
              "sizeMax" : 4,
              "sizeMin" : 2
            },
            {},
            {},
            {},
            {}
          ],
          "cloneOrigin" : "grass_dry_near",
          "gridSize" : 2,
          "maxBillboardTiltAngle" : 45,
          "maxElements" : 300000,
          "radius" : 80,
          "shapesCastShadows" : false,
          "windDirection" : [ 1, 1 ],
          "windGustFrequency" : 0.2000000029802322,
          "windTurbulenceFrequency" : 0.5,
          "windTurbulenceStrength" : 0.300000011920929
        },
        {
          "class" : "GroundCover",
          "name" : "shrubs_far",
          "position" : [ 339.9259948730469, 308.6180114746094, 80.44170379638672 ],
          "Material" : "wca_groundcover",
          "Types" : [
            {
              "billboardUVs" : [ 0.4921880066394806, 0, 0.2539060115814209, 0.2421880066394806 ],
              "layer" : "Forest",
              "probability" : 1,
              "sizeExponent" : 2,
              "sizeMax" : 2,
              "windScale" : 0.5
            },
            {
              "billboardUVs" : [ 0.7617189884185791, 0, 0.2382809966802597, 0.2382809966802597 ],
              "layer" : "Forest",
              "maxSlope" : 60,
              "probability" : 1,
              "sizeMax" : 1.5,
              "windScale" : 0.5
            },
            {
              "billboardUVs" : [
                0.4960939884185791,
                0.2382819950580597,
                0.2578130066394806,
                0.2695310115814209
              ],
              "layer" : "Forest",
              "maxSlope" : 60,
              "probability" : 0.5,
              "sizeMax" : 1.25,
              "sizeMin" : 0.75
            },
            {
              "billboardUVs" : [
                0.7460939884185791,
                0.2421880066394806,
                0.1367190033197403,
                0.1445309966802597
              ],
              "layer" : "Forest",
              "maxSlope" : 60,
              "probability" : 0.2000000029802322,
              "sizeMax" : 2
            },
            {},
            {},
            {},
            {}
          ],
          "dissolveRadius" : 300,
          "gridSize" : 2,
          "maxElements" : 150000,
          "radius" : 400,
          "reflectScale" : 0,
          "seed" : 2,
          "shapeCullRadius" : 200,
          "windTurbulenceFrequency" : 0.699999988079071
        },
        {
          "class" : "GroundCover",
          "name" : "shrubs_med",
          "position" : [ 292.1260070800781, -401.6130065917969, 120.7929992675781 ],
          "Material" : "wca_groundcover",
          "Types" : [
            {
              "billboardUVs" : [ 0.4921880066394806, 0, 0.2539060115814209, 0.2421880066394806 ],
              "layer" : "Forest",
              "probability" : 1,
              "sizeExponent" : 2,
              "sizeMax" : 2,
              "windScale" : 0.5
            },
            {
              "billboardUVs" : [ 0.7617189884185791, 0.2382809966802597, 0.125, 0.1484369933605194 ],
              "layer" : "Forest",
              "maxSlope" : 60,
              "probability" : 0.300000011920929,
              "sizeMax" : 1.5,
              "windScale" : 0.5
            },
            {
              "billboardUVs" : [
                0.4960939884185791,
                0.2382819950580597,
                0.2578130066394806,
                0.2695310115814209
              ],
              "layer" : "Forest",
              "maxSlope" : 60,
              "probability" : 0.5,
              "sizeMax" : 2
            },
            {
              "billboardUVs" : [ 0.875, 0.2578130066394806, 0.125, 0.1289059966802597 ],
              "layer" : "Forest",
              "maxSlope" : 60,
              "probability" : 0.300000011920929,
              "sizeMax" : 1.5
            },
            {},
            {},
            {},
            {}
          ],
          "cloneOrigin" : "shrubs_far",
          "dissolveRadius" : 150,
          "gridSize" : 2,
          "maxElements" : 100000,
          "reflectScale" : 0,
          "seed" : 2,
          "shapeCullRadius" : 200,
          "windGustStrength" : 0.8999999761581421,
          "windTurbulenceFrequency" : 0.5
        },
        {
          "class" : "GroundCover",
          "name" : "grass_mown_near",
          "position" : [ 88.73159790039063, -17.08970069885254, 6.502240180969238 ],
          "Material" : "wca_groundcover",
          "Types" : [
            {
              "billboardUVs" : [
                0.4921880066394806,
                0.5273439884185791,
                0.2617180049419403,
                0.1562509983778
              ],
