{"pos":[106.7615356445313,-195.8630523681641,125.627685546875],"rotationMatrix":[-0.9445321559906006,0.3247704803943634,-0.04881857708096504,-0.3251320421695709,-0.9456685781478882,-0.0005637668073177338,-0.04634928330779076,0.01533998735249043,0.9988074898719788],"scale":1.00000011920929,"type":"barrierfence_folk"}
{"pos":[109.4768524169922,-196.7736358642578,125.7941513061523],"rotationMatrix":[-0.9434581995010376,0.327536016702652,-0.05105698853731155,-0.3279354870319366,-0.9446998834609985,-0.0005838205106556416,-0.04842475801706314,0.01619258895516396,0.9986955523490906],"scale":1.00000011920929,"type":"barrierfence_folk"}
{"pos":[112.1890640258789,-197.6921234130859,125.9668121337891],"rotationMatrix":[-0.94233238697052,0.3304145336151123,-0.05325498804450035,-0.3308536410331726,-0.9436819553375244,-0.000603782944381237,-0.05045526847243309,0.01705064252018929,0.9985807538032532],"scale":1.00000011920929,"type":"barrierfence_folk"}
{"pos":[114.8979721069336,-198.6190185546875,126.1457824707031],"rotationMatrix":[-0.9411553144454956,0.3333990871906281,-0.05542172864079475,-0.3338796198368073,-0.9426153898239136,-0.0006232373416423798,-0.05244917050004005,0.01791762374341488,0.9984628558158875],"scale":1,"type":"barrierfence_folk"}
{"pos":[117.6034164428711,-199.5550537109375,126.3311614990234],"rotationMatrix":[-0.9399276971817017,0.3364847600460052,-0.05756603181362152,-0.3370087444782257,-0.941501259803772,-0.0006422093138098717,-0.05441458523273468,0.01879662647843361,0.9983415007591248],"scale":1.00000011920929,"type":"barrierfence_folk"}
{"pos":[120.3052825927734,-200.4998168945313,126.5225677490234],"rotationMatrix":[-0.9386515617370605,0.3396607041358948,-0.05969612300395966,-0.3402302861213684,-0.9403417110443115,-0.0006613405421376228,-0.05635939538478851,0.0196896605193615,0.9982163906097412],"scale":1.00000011920929,"type":"barrierfence_folk"}
{"pos":[123.0035400390625,-201.453857421875,126.7200622558594],"rotationMatrix":[-0.9373264312744141,0.342925637960434,-0.06181846186518669,-0.343543142080307,-0.9391367435455322,-0.0006803739815950394,-0.0582893006503582,0.02059957385063171,0.9980871677398682],"scale":1.00000011920929,"type":"barrierfence_folk"}
{"pos":[125.6976928710938,-202.4167785644531,126.932731628418],"rotationMatrix":[-0.9355989694595337,0.344738245010376,-0.07622265815734863,-0.3456860780715942,-0.938349723815918,-0.0008072704076766968,-0.0718018114566803,0.0255938284099102,0.9970905184745789],"scale":1,"type":"barrierfence_folk"}
{"pos":[128.3860321044922,-203.3816833496094,127.2013244628906],"rotationMatrix":[-0.9340120553970337,0.3458858132362366,-0.08935489505529404,-0.3471967577934265,-0.9377918243408203,-0.0009278794750571251,-0.08411722630262375,0.03015708178281784,0.9959993958473206],"scale":1.00000011920929,"type":"barrierfence_folk"}
{"pos":[131.0711059570313,-204.3517913818359,127.4821166992188],"rotationMatrix":[-0.9332500696182251,0.3477290272712708,-0.09015968441963196,-0.3490715026855469,-0.9370955228805542,-0.0009350506588816643,-0.08481338620185852,0.03059954196214676,0.9959268569946289],"scale":1,"type":"barrierfence_folk"}
{"pos":[133.7542724609375,-205.3264770507813,127.7650604248047],"rotationMatrix":[-0.9325923919677734,0.3492845296859741,-0.09094725549221039,-0.3506573438644409,-0.9365031719207764,-0.0009421044960618019,-0.08550147712230682,0.03101272881031036,0.9958552718162537],"scale":1.00000011920929,"type":"barrierfence_folk"}
{"pos":[136.4356689453125,-206.3054809570313,128.0503387451172],"rotationMatrix":[-0.9320433139801025,0.3505469262599945,-0.09171725064516068,-0.3519487082958221,-0.9360188245773315,-0.0009491201490163803,-0.08618178218603134,0.03139515221118927,0.9957846403121948],"scale":1,"type":"barrierfence_folk"}
{"pos":[139.1155853271484,-207.2875823974609,128.3377380371094],"rotationMatrix":[-0.931587815284729,0.3515573441982269,-0.09247376769781113,-0.3529869616031647,-0.9356275796890259,-0.0009559178724884987,-0.08685708791017532,0.03175151720643044,0.9957146644592285],"scale":1,"type":"barrierfence_folk"}
{"pos":[141.7943420410156,-208.2724304199219,128.6274108886719],"rotationMatrix":[-0.9312282800674438,0.3523129522800446,-0.0932173952460289,-0.3537692725658417,-0.935332179069519,-0.0009625544771552086,-0.08752835541963577,0.03208108991384506,0.99564528465271],"scale":1,"type":"barrierfence_folk"}
{"pos":[144.4722442626953,-209.2589721679688,128.9190521240234],"rotationMatrix":[-0.9309478998184204,0.3528583347797394,-0.09395148605108261,-0.3543403446674347,-0.9351159334182739,-0.0009691324084997177,-0.0881975069642067,0.0323885902762413,0.9955763220787048],"scale":1,"type":"barrierfence_folk"}
{"pos":[147.1493377685547,-210.2468566894531,129.2129211425781],"rotationMatrix":[-0.9307527542114258,0.3531793057918549,-0.09467591345310211,-0.3546859920024872,-0.9349849224090576,-0.0009755212813615799,-0.08886508643627167,0.03267224878072739,0.9955076575279236],"scale":1.00000011920929,"type":"barrierfence_folk"}
{"pos":[149.8260955810547,-211.2353515625,129.5087280273438],"rotationMatrix":[-0.9306278228759766,0.3533152043819427,-0.09539363533258438,-0.3548456728458405,-0.9349242448806763,-0.0009821504354476929,-0.08953284472227097,0.03293600305914879,0.9954391717910767],"scale":1,"type":"barrierfence_folk"}
{"pos":[152.5024719238281,-212.2239990234375,129.8067016601563],"rotationMatrix":[-0.9305788278579712,0.3532521426677704,-0.09610479325056076,-0.3548054397106171,-0.9349396228790283,-0.0009886492043733597,-0.09020143002271652,0.03317848592996597,0.9953707456588745],"scale":1.00000011920929,"type":"barrierfence_folk"}
{"pos":[155.1788177490234,-213.2122039794922,130.1065063476563],"rotationMatrix":[-0.9305914640426636,0.3530259132385254,-0.09681171178817749,-0.3546013236045837,-0.9350172281265259,-0.0009948723018169403,-0.09087181091308594,0.03340373933315277,0.9953022003173828],"scale":1,"type":"barrierfence_folk"}
{"pos":[157.8553009033203,-214.199462890625,130.4085540771484],"rotationMatrix":[-0.930675745010376,0.3526095151901245,-0.09751430153846741,-0.3542061448097229,-0.9351667165756226,-0.001001249998807907,-0.09154519438743591,0.033608328551054,0.9952335953712463],"scale":1.00000011920929,"type":"barrierfence_folk"}
{"pos":[160.5320434570313,-215.1853179931641,130.7125244140625],"rotationMatrix":[-0.9308197498321533,0.352034866809845,-0.09821394830942154,-0.3536519408226013,-0.9353765249252319,-0.001007314771413803,-0.09222164005041122,0.03379592671990395,0.9951648116111755],"scale":1,"type":"barrierfence_folk"}
{"pos":[163.2092590332031,-216.1693878173828,131.0184631347656],"rotationMatrix":[-0.9310222864151001,0.3513033390045166,-0.09891199320554733,-0.3529400825500488,-0.9356454610824585,-0.001013603061437607,-0.09290263801813126,0.03396632149815559,0.9950956702232361],"scale":1,"type":"barrierfence_folk"}
{"pos":[165.8871307373047,-217.1509704589844,131.3265228271484],"rotationMatrix":[-0.9312843084335327,0.3504107594490051,-0.09960895776748657,-0.3520663976669312,-0.9359744787216187,-0.001020142808556557,-0.09358890354633331,0.03411892056465149,0.9950261116027832],"scale":1.00000011920929,"type":"barrierfence_folk"}
{"pos":[168.5657653808594,-218.1299285888672,131.6364288330078],"rotationMatrix":[-0.9315972328186035,0.3493788242340088,-0.1003057211637497,-0.3510527610778809,-0.9363552331924438,-0.001026151701807976,-0.09428028762340546,0.03425663709640503,0.9949561357498169],"scale":1,"type":"barrierfence_folk"}
{"pos":[171.2452697753906,-219.1055297851563,131.9484405517578],"rotationMatrix":[-0.9319655895233154,0.3481933176517487,-0.1010030433535576,-0.3498847186565399,-0.936792254447937,-0.001032326370477676,-0.09497831016778946,0.0343773290514946,0.9948855638504028],"scale":1.00000011920929,"type":"barrierfence_folk"}
{"pos":[173.9259033203125,-220.0777130126953,132.2623901367188],"rotationMatrix":[-0.9323832988739014,0.3468689620494843,-0.1017017289996147,-0.3485771715641022,-0.9372794628143311,-0.001038838177919388,-0.09568328410387039,0.03448230400681496,0.994814395904541],"scale":1.00000011920929,"type":"barrierfence_folk"}
{"pos":[176.607666015625,-221.0460357666016,132.5782470703125],"rotationMatrix":[-0.9328480958938599,0.3454104661941528,-0.1024022176861763,-0.3471347689628601,-0.9378147125244141,-0.001045089215040207,-0.09639529138803482,0.03457246348261833,0.9947425127029419],"scale":1.00000011920929,"type":"barrierfence_folk"}
{"pos":[179.2909545898438,-222.0094146728516,132.8963623046875],"rotationMatrix":[-0.9333670139312744,0.3437952995300293,-0.1031055897474289,-0.3455349206924438,-0.9384052753448486,-0.001051537692546844,-0.09711635112762451,0.03464511409401894,0.9946698546409607],"scale":1,"type":"barrierfence_folk"}
{"pos":[181.9756469726563,-222.9683685302734,133.2163543701172],"rotationMatrix":[-0.9339287281036377,0.3420530259609222,-0.1038123592734337,-0.3438073694705963,-0.9390397071838379,-0.001057829707860947,-0.09784575551748276,0.03470351919531822,0.9945963621139526],"scale":1,"type":"barrierfence_folk"}
{"pos":[184.6619262695313,-223.9221038818359,133.5383605957031],"rotationMatrix":[-0.9345355033874512,0.3401742875576019,-0.1045231819152832,-0.3419425785541534,-0.9397203922271729,-0.001064123585820198,-0.09858453273773193,0.03474646061658859,0.9945218563079834],"scale":1,"type":"barrierfence_folk"}
{"pos":[187.3500213623047,-224.8699340820313,133.8625335693359],"rotationMatrix":[-0.935188889503479,0.3381517231464386,-0.1052387729287148,-0.3399332463741302,-0.9404489994049072,-0.001070572063326836,-0.09933371096849442,0.03477296978235245,0.9944463968276978],"scale":1,"type":"barrierfence_folk"}
{"pos":[190.0398254394531,-225.812255859375,134.1885833740234],"rotationMatrix":[-0.9358812570571899,0.3360041379928589,-0.105959340929985,-0.3377981781959534,-0.9412178993225098,-0.001077169552445412,-0.1000927686691284,0.03478477150201797,0.9943698644638062],"scale":1.00000011920929,"type":"barrierfence_folk"}
{"pos":[192.731689453125,-226.7478485107422,134.5168151855469],"rotationMatrix":[-0.9366188049316406,0.3337114155292511,-0.1066857650876045,-0.3355171978473663,-0.9420334100723267,-0.001083511859178543,-0.1008631363511086,0.03478007018566132,0.9942921996116638],"scale":1,"type":"barrierfence_folk"}
{"pos":[195.4256896972656,-227.6766967773438,134.8471374511719],"rotationMatrix":[-0.9373974800109863,0.3312810361385345,-0.1074186265468597,-0.3330977857112885,-0.9428915977478027,-0.001090195029973984,-0.101645290851593,0.03475895896553993,0.9942132830619812],"scale":1.00000011920929,"type":"barrierfence_folk"}
{"pos":[198.1217498779297,-228.5987548828125,135.1794738769531],"rotationMatrix":[-0.9382138252258301,0.3287195563316345,-0.1081582978367805,-0.330546498298645,-0.9437891244888306,-0.001096714287996292,-0.1024391278624535,0.03472239524126053,0.9941330552101135],"scale":1.00000011920929,"type":"barrierfence_folk"}
{"pos":[200.8203125,-229.5131378173828,135.5103759765625],"rotationMatrix":[-0.9395766258239746,0.3271684050559998,-0.1007813140749931,-0.3287439942359924,-0.9444186687469482,-0.001029675826430321,-0.09551661461591721,0.03216379135847092,0.9949080944061279],"scale":1,"type":"barrierfence_folk"}
{"pos":[203.5237121582031,-230.42578125,135.8048095703125],"rotationMatrix":[-0.9404903650283813,0.3268463611602783,-0.09300225973129272,-0.328184187412262,-0.9446132183074951,-0.0009605353698134422,-0.08816511929035187,0.02961849793791771,0.995665431022644],"scale":1.00000011920929,"type":"barrierfence_folk"}
{"pos":[206.2282409667969,-231.3380889892578,136.0916290283203],"rotationMatrix":[-0.940751314163208,0.3266415297985077,-0.09106028825044632,-0.3279226124286652,-0.9447039365768433,-0.0009433291852474213,-0.08633316308259964,0.0289732925593853,0.9958449602127075],"scale":1.00000011920929,"type":"barrierfence_folk"}
{"pos":[208.9334411621094,-232.2496032714844,136.3741760253906],"rotationMatrix":[-0.9410097599029541,0.3262953460216522,-0.08962102234363556,-0.3275344669818878,-0.9448387622833252,-0.0009300988167524338,-0.08498090505599976,0.02847874350845814,0.9959754943847656],"scale":1.00000011920929,"type":"barrierfence_folk"}
{"pos":[211.6395111083984,-233.1599578857422,136.6525115966797],"rotationMatrix":[-0.9413195848464966,0.3257937133312225,-0.08818016201257706,-0.326990932226181,-0.9450268745422363,-0.0009172353893518448,-0.08363146334886551,0.02797070145606995,0.9961041212081909],"scale":1,"type":"barrierfence_folk"}
{"pos":[214.3464965820313,-234.0687866210938,136.9270935058594],"rotationMatrix":[-0.9416759014129639,0.3251509964466095,-0.08673584461212158,-0.3263064324855804,-0.9452635049819946,-0.0009043533354997635,-0.08228228986263275,0.02745085768401623,0.9962309598922729],"scale":1.00000011920929,"type":"barrierfence_folk"}
{"pos":[217.0546875,-234.9754028320313,137.1971130371094],"rotationMatrix":[-0.9420888423919678,0.3243376016616821,-0.08528468757867813,-0.3254513144493103,-0.9455583095550537,-0.0008913548663258553,-0.08093074709177017,0.02691628038883209,0.9963562488555908],"scale":1,"type":"barrierfence_folk"}
{"pos":[219.7641296386719,-235.8794403076172,137.4629821777344],"rotationMatrix":[-0.9425547122955322,0.3233632445335388,-0.08382464945316315,-0.3244353532791138,-0.9459073543548584,-0.0008782418444752693,-0.0795743465423584,0.02636788785457611,0.9964801073074341],"scale":1.00000011920929,"type":"barrierfence_folk"}
{"pos":[222.4748687744141,-236.7805786132813,137.7248229980469],"rotationMatrix":[-0.9430716037750244,0.3222318589687347,-0.08235415816307068,-0.3232624232769012,-0.9463088512420654,-0.0008650152012705803,-0.0782112181186676,0.0258062332868576,0.9966027736663818],"scale":1.00000011920929,"type":"barrierfence_folk"}
{"pos":[225.187255859375,-237.6781311035156,137.9822845458984],"rotationMatrix":[-0.9436464309692383,0.3209234178066254,-0.08086851239204407,-0.3219124376773834,-0.946769118309021,-0.0008517773821949959,-0.07683716714382172,0.02522880584001541,0.9967244267463684],"scale":1.00000011920929,"type":"barrierfence_folk"}
{"pos":[227.9013824462891,-238.5717163085938,138.2355346679688],"rotationMatrix":[-0.9442763328552246,0.3194424211978912,-0.0793662965297699,-0.3203899562358856,-0.947285532951355,-0.000838031992316246,-0.07545024156570435,0.02463683113455772,0.9968451857566833],"scale":1.00000011920929,"type":"barrierfence_folk"}
{"pos":[230.6172790527344,-239.4609832763672,138.4845581054688],"rotationMatrix":[-0.9449622631072998,0.3177835047245026,-0.07784537971019745,-0.3186896145343781,-0.9478586912155151,-0.000824514776468277,-0.07404844462871552,0.02402938157320023,0.9969651103019714],"scale":1,"type":"barrierfence_folk"}
{"pos":[233.3353576660156,-240.3449859619141,138.72900390625],"rotationMatrix":[-0.9457112550735474,0.3159246146678925,-0.07630004733800888,-0.316789299249649,-0.9484955072402954,-0.0008104881271719933,-0.07262631505727768,0.0234045535326004,0.9970845580101013],"scale":1.00000011920929,"type":"barrierfence_folk"}
{"pos":[236.0555114746094,-241.2236938476563,138.96923828125],"rotationMatrix":[-0.9465180635452271,0.3138769567012787,-0.07472997903823853,-0.3147003352642059,-0.949190616607666,-0.0007966067641973495,-0.07118304073810577,0.02276354655623436,0.9972034692764282],"scale":1.00000011920929,"type":"barrierfence_folk"}
{"pos":[238.7780456542969,-242.0961303710938,139.2048034667969],"rotationMatrix":[-0.9473905563354492,0.3116145133972168,-0.07312872260808945,-0.3123965263366699,-0.9499515295028687,-0.0007820622995495796,-0.06971243768930435,0.02210424095392227,0.9973222017288208],"scale":1,"type":"barrierfence_folk"}
{"pos":[241.5033111572266,-242.9613800048828,139.4354858398438],"rotationMatrix":[-0.9483329057693481,0.3091171979904175,-0.07149181514978409,-0.3098578453063965,-0.9507825374603271,-0.0007671844214200974,-0.06821032613515854,0.02142475172877312,0.9974408745765686],"scale":1,"type":"barrierfence_folk"}
{"pos":[244.2311859130859,-243.8196411132813,139.6617584228516],"rotationMatrix":[-0.9493391513824463,0.3063988089561462,-0.06981887668371201,-0.3070981502532959,-0.9516774415969849,-0.0007523456588387489,-0.0666755810379982,0.0207270160317421,0.9975594282150269],"scale":1,"type":"barrierfence_folk"}
{"pos":[246.9621276855469,-244.6693267822266,139.8829345703125],"rotationMatrix":[-0.9504208564758301,0.3034176528453827,-0.0681011974811554,-0.3040757477283478,-0.9526475667953491,-0.0007365718483924866,-0.06509992480278015,0.02000786736607552,0.9976781606674194],"scale":1,"type":"barrierfence_folk"}
{"pos":[249.696044921875,-245.5105743408203,140.0993499755859],"rotationMatrix":[-0.951573371887207,0.3001793026924133,-0.06633742898702621,-0.3007962107658386,-0.9536882638931274,-0.0007209070026874542,-0.06348162144422531,0.01926805078983307,0.9977970123291016],"scale":1,"type":"barrierfence_folk"}
{"pos":[252.4333801269531,-246.3419342041016,140.3105773925781],"rotationMatrix":[-0.9528048038482666,0.296648234128952,-0.06451939791440964,-0.2972240746021271,-0.9548075199127197,-0.0007042856886982918,-0.06181252747774124,0.01850567013025284,0.9979162216186523],"scale":1,"type":"barrierfence_folk"}
{"pos":[255.1743316650391,-247.1626586914063,140.5164337158203],"rotationMatrix":[-0.9541184902191162,0.2928038835525513,-0.06264068931341171,-0.2933387160301208,-0.9560084342956543,-0.0006874259561300278,-0.06008630245923996,0.01771905273199081,0.9980359077453613],"scale":1.00000011920929,"type":"barrierfence_folk"}
{"pos":[257.9189147949219,-247.9724731445313,140.7171020507813],"rotationMatrix":[-0.9555116891860962,0.2886403501033783,-0.06069830060005188,-0.2891344726085663,-0.9572882652282715,-0.0006703576073050499,-0.05829926580190659,0.01690943539142609,0.998155951499939],"scale":1.00000011920929,"type":"barrierfence_folk"}
{"pos":[260.6679992675781,-248.7686309814453,140.9115600585938],"rotationMatrix":[-0.9570051431655884,0.2840749323368073,-0.05867384746670723,-0.2845284044742584,-0.9586673974990845,-0.0006517986766993999,-0.05643386766314507,0.01607060059905052,0.9982770085334778],"scale":1.00000011920929,"type":"barrierfence_folk"}
{"pos":[263.4209594726563,-249.5523681640625,141.1006011962891],"rotationMatrix":[-0.958581805229187,0.2791424095630646,-0.05657200887799263,-0.2795556485652924,-0.9601292610168457,-0.0006334614008665085,-0.05449326708912849,0.0152077991515398,0.9983983039855957],"scale":1,"type":"barrierfence_folk"}
{"pos":[266.178955078125,-250.320068359375,141.2829742431641],"rotationMatrix":[-0.9602676630020142,0.2737337946891785,-0.05436814576387405,-0.2741070985794067,-0.9616990089416504,-0.0006127366796135902,-0.05245351791381836,0.01431430317461491,0.9985207915306091],"scale":1,"type":"barrierfence_folk"}
{"pos":[268.9412841796875,-251.0728607177734,141.4594116210938],"rotationMatrix":[-0.962045431137085,0.2678765058517456,-0.05206718668341637,-0.2682105302810669,-0.9633603096008301,-0.0005923770368099213,-0.05031813308596611,0.01339507382363081,0.9986433982849121],"scale":1.00000011920929,"type":"barrierfence_folk"}
{"pos":[271.7091369628906,-251.8071441650391,141.6287231445313],"rotationMatrix":[-0.9639382362365723,0.2614550590515137,-0.04964064061641693,-0.2617504000663757,-0.9651353359222412,-0.0005702376365661621,-0.04805903136730194,0.01244378369301558,0.9987669587135315],"scale":1.000000238418579,"type":"barrierfence_folk"}
{"pos":[274.4821472167969,-252.5232849121094,141.7912902832031],"rotationMatrix":[-0.9659346342086792,0.2544665336608887,-0.04708683490753174,-0.2547240853309631,-0.9670137166976929,-0.0005475501529872417,-0.0456729456782341,0.01146525330841541,0.9988906383514404],"scale":1,"type":"barrierfence_folk"}
{"pos":[277.2608032226563,-253.2179260253906,141.9460754394531],"rotationMatrix":[-0.9684501886367798,0.2462355643510818,-0.03837065398693085,-0.2463997453451157,-0.9691681861877441,-0.0004641273990273476,-0.03730189800262451,0.00900503434240818,0.9992634654045105],"scale":1.00000011920929,"type":"barrierfence_folk"}
{"pos":[280.04833984375,-253.8844451904297,142.0569458007813],"rotationMatrix":[-0.9715648889541626,0.23519466817379,-0.02729940228164196,-0.2352725714445114,-0.9719293117523193,-0.0003678770735859871,-0.02661961503326893,0.006065384484827518,0.9996272325515747],"scale":1.00000011920929,"type":"barrierfence_folk"}
{"pos":[282.8442993164063,-254.5180511474609,142.1555786132813],"rotationMatrix":[-0.9742518663406372,0.2240128219127655,-0.02552312798798084,-0.2240769863128662,-0.9745712280273438,-0.0003541156183928251,-0.02495343796908855,0.005374148488044739,0.9996741414070129],"scale":1.000000238418579,"type":"barrierfence_folk"}
{"pos":[285.647216796875,-255.1208648681641,142.2503967285156],"rotationMatrix":[-0.9764457941055298,0.2143847644329071,-0.02434507198631763,-0.2144401371479034,-0.9767370223999023,-0.0003435546532273293,-0.02385238744318485,0.004885098431259394,0.9997035264968872],"scale":1.00000011920929,"type":"barrierfence_folk"}
{"pos":[288.4554748535156,-255.6987915039063,142.3421936035156],"rotationMatrix":[-0.9782928228378296,0.2059110850095749,-0.02332134172320366,-0.2059594541788101,-0.9785605669021606,-0.0003346092998981476,-0.02289024367928505,0.004475904628634453,0.9997279644012451],"scale":1.00000011920929,"type":"barrierfence_folk"}
{"pos":[291.2685546875,-256.2535095214844,142.4312133789063],"rotationMatrix":[-0.979865550994873,0.1983949840068817,-0.02242648042738438,-0.1984376907348633,-0.9801135063171387,-0.000326814828440547,-0.02204533480107784,0.004130024462938309,0.9997484683990479],"scale":1.00000011920929,"type":"barrierfence_folk"}
{"pos":[294.0857543945313,-256.7873840332031,142.5177612304688],"rotationMatrix":[-0.9812271595001221,0.1916378736495972,-0.02163517102599144,-0.1916759312152863,-0.9814581871032715,-0.0003196926554664969,-0.02129528298974037,0.003833250608295202,0.9997658729553223],"scale":1.00000011920929,"type":"barrierfence_folk"}
{"pos":[296.9061889648438,-257.3041381835938,142.6023406982422],"rotationMatrix":[-0.982433557510376,0.1854357719421387,-0.02092179097235203,-0.185469925403595,-0.9826498031616211,-0.0003136328887194395,-0.02061695419251919,0.00357223954051733,0.99978107213974],"scale":1.00000011920929,"type":"barrierfence_folk"}
{"pos":[299.7301025390625,-257.8017578125,142.6847534179688],"rotationMatrix":[-0.983498215675354,0.1797772645950317,-0.02028755098581314,-0.179808109998703,-0.9837017059326172,-0.0003078922163695097,-0.02001224830746651,0.00334505457431078,0.9997941255569458],"scale":1.00000011920929,"type":"barrierfence_folk"}
{"pos":[302.556640625,-258.2847290039063,142.7655334472656],"rotationMatrix":[-0.9844633340835571,0.1744803935289383,-0.01970837824046612,-0.1745084077119827,-0.984655499458313,-0.0003028743667528033,-0.01945880986750126,0.003141108900308609,0.999805748462677],"scale":1.00000011920929,"type":"barrierfence_folk"}
{"pos":[305.3857116699219,-258.7529296875,142.8447113037109],"rotationMatrix":[-0.9853447675704956,0.1694927215576172,-0.0191795602440834,-0.1695182621479034,-0.9855270385742188,-0.0002978654811158776,-0.01895245909690857,0.002957785502076149,0.9998160004615784],"scale":1,"type":"barrierfence_folk"}
{"pos":[308.2171630859375,-259.20654296875,142.9223937988281],"rotationMatrix":[-0.9861563444137573,0.1647609025239944,-0.01869627274572849,-0.1647842973470688,-0.9863295555114746,-0.0002936291275545955,-0.01848906464874744,0.00279128784313798,0.9998251795768738],"scale":1.00000011920929,"type":"barrierfence_folk"}
{"pos":[311.0505981445313,-259.6477966308594,142.9988098144531],"rotationMatrix":[-0.9869158267974854,0.1602001488208771,-0.01824836805462837,-0.1602216064929962,-0.9870809316635132,-0.0002895958023145795,-0.01805901154875755,0.002637976314872503,0.9998334646224976],"scale":1,"type":"barrierfence_folk"}
{"pos":[313.88623046875,-260.075439453125,143.0739440917969],"rotationMatrix":[-0.9876317977905273,0.155773252248764,-0.01783677004277706,-0.1557929813861847,-0.9877897500991821,-0.0002858573570847511,-0.0176635067909956,0.002496521919965744,0.9998408555984497],"scale":1.00000011920929,"type":"barrierfence_folk"}
{"pos":[316.7236633300781,-260.4910888671875,143.1479949951172],"rotationMatrix":[-0.9883171319961548,0.1514099985361099,-0.01745405234396458,-0.1514281779527664,-0.9884684085845947,-0.0002827824791893363,-0.0172955933958292,0.002363556530326605,0.9998476505279541],"scale":1.00000011920929,"type":"barrierfence_folk"}
{"pos":[319.5628967285156,-260.89404296875,143.2209777832031],"rotationMatrix":[-0.9889802932739258,0.1470565795898438,-0.01710039936006069,-0.147073358297348,-0.9891256093978882,-0.0002792876912280917,-0.01695551164448261,0.002238803077489138,0.9998537302017212],"scale":1,"type":"barrierfence_folk"}
{"pos":[322.4039916992188,-261.2842102050781,143.2929382324219],"rotationMatrix":[-0.9896332025527954,0.1426360309123993,-0.01677353493869305,-0.1426514983177185,-0.9897730350494385,-0.0002762453514151275,-0.0166413951665163,0.002119388431310654,0.9998592734336853],"scale":0.9999999403953552,"type":"barrierfence_folk"}
{"pos":[325.2468566894531,-261.661376953125,143.364013671875],"rotationMatrix":[-0.9902880191802979,0.1380516886711121,-0.0164729617536068,-0.1380659639835358,-0.9904229640960693,-0.0002736643655225635,-0.01635298132896423,0.002003348898142576,0.9998642802238464],"scale":1,"type":"barrierfence_folk"}
{"pos":[328.0914306640625,-262.0255737304688,143.4342803955078],"rotationMatrix":[-0.9909578561782837,0.1331930607557297,-0.01619780994951725,-0.1332061737775803,-0.9910883903503418,-0.000271333905402571,-0.01608960144221783,0.00188876804895699,0.9998687505722046],"scale":1.00000011920929,"type":"barrierfence_folk"}
{"pos":[330.9379272460938,-262.3744812011719,143.5037536621094],"rotationMatrix":[-0.991667628288269,0.1278310716152191,-0.0159540306776762,-0.1278430819511414,-0.9917944669723511,-0.0002692064153961837,-0.01585753075778484,0.001772649120539427,0.9998726844787598],"scale":1.00000011920929,"type":"barrierfence_folk"}
{"pos":[333.7862854003906,-262.7076416015625,143.5726165771484],"rotationMatrix":[-0.9924430847167969,0.1216920092701912,-0.01574709266424179,-0.1217029169201851,-0.9925665855407715,-0.0002674866118468344,-0.01566258817911148,0.001651001861318946,0.9998759627342224],"scale":1.00000011920929,"type":"barrierfence_folk"}
{"pos":[336.6368713378906,-263.0217895507813,143.6409454345703],"rotationMatrix":[-0.9933372735977173,0.1141843199729919,-0.01559304166585207,-0.1141940802335739,-0.9934585094451904,-0.00026590412016958,-0.01552140060812235,0.001516500604338944,0.9998784065246582],"scale":1.00000011920929,"type":"barrierfence_folk"}
{"pos":[339.489990234375,-263.3115234375,143.7089385986328],"rotationMatrix":[-0.9944554567337036,0.1040041595697403,-0.01553376764059067,-0.1040126085281372,-0.9945758581161499,-0.0002654260606504977,-0.01547711715102196,0.001351753249764442,0.9998793005943298],"scale":1,"type":"barrierfence_folk"}
{"pos":[342.346435546875,-263.5657043457031,143.7769775390625],"rotationMatrix":[-0.9960407018661499,0.08750198036432266,-0.01569429412484169,-0.08750858157873154,-0.9961637258529663,-0.0002671429538168013,-0.0156574621796608,0.001107300166040659,0.9998767971992493],"scale":1.00000011920929,"type":"barrierfence_folk"}
{"pos":[345.2084350585938,-263.7432250976563,143.8460540771484],"rotationMatrix":[-0.9984784126281738,0.05285489559173584,-0.01571188680827618,-0.05285724252462387,-0.9986019134521484,-0.0002661790349520743,-0.01570399291813374,0.000564713089261204,0.9998764991760254],"scale":1.00000011920929,"type":"barrierfence_folk"}
{"pos":[348.0743713378906,-263.8473815917969,143.9131927490234],"rotationMatrix":[-0.9990321397781372,0.04134852066636086,-0.01500854920595884,-0.04134926572442055,-0.9991447925567627,-0.000260848319157958,-0.01500649843364954,0.0003599966294132173,0.9998873472213745],"scale":1.00000011920929,"type":"barrierfence_folk"}
{"pos":[350.9409790039063,-263.9335327148438,143.9791870117188],"rotationMatrix":[-0.9992226362228394,0.03659593686461449,-0.01466054003685713,-0.03659608587622643,-0.9993301630020142,-0.00025808101054281,-0.01466016378253698,0.0002786380355246365,0.9998924732208252],"scale":1.000000238418579,"type":"barrierfence_folk"}
{"pos":[353.807861328125,-264.0068664550781,144.0441131591797],"rotationMatrix":[-0.9993720054626465,0.03243149444460869,-0.01427251473069191,-0.03243116661906242,-0.9994739294052124,-0.0002544843009673059,-0.0142732597887516,0.000208549783565104,0.9998981356620789],"scale":1.00000011920929,"type":"barrierfence_folk"}
{"pos":[356.6751708984375,-264.0691223144531,144.1078948974609],"rotationMatrix":[-0.9994907379150391,0.02874996326863766,-0.01384799368679523,-0.02874925546348095,-0.9995867013931274,-0.0002502872084733099,-0.01384946517646313,0.0001479597412981093,0.9999040961265564],"scale":1,"type":"barrierfence_folk"}
{"pos":[359.5426635742188,-264.1213989257813,144.1703948974609],"rotationMatrix":[-0.9995846748352051,0.02551557123661041,-0.01338958367705345,-0.02551455795764923,-0.9996743202209473,-0.0002464399149175733,-0.01339151151478291,9.529173985356465e-05,0.9999103546142578],"scale":1.00000011920929,"type":"barrierfence_folk"}
{"pos":[362.4103393554688,-264.1649169921875,144.2315368652344],"rotationMatrix":[-0.9996600151062012,0.02265577763319016,-0.01289720088243484,-0.02265454083681107,-0.9997432231903076,-0.0002421386016067117,-0.01289937645196915,5.012387555325404e-05,0.9999167919158936],"scale":1,"type":"barrierfence_folk"}
{"pos":[365.2781982421875,-264.2005004882813,144.2912139892578],"rotationMatrix":[-0.999720573425293,0.02014042995870113,-0.01237243134528399,-0.02013903297483921,-0.9997971057891846,-0.000237510452279821,-0.0123747056350112,1.172470365418121e-05,0.9999234080314636],"scale":1,"type":"barrierfence_folk"}
{"pos":[368.1460571289063,-264.2293701171875,144.3493041992188],"rotationMatrix":[-0.9997694492340088,0.01793336495757103,-0.01181529462337494,-0.01793187856674194,-0.9998393058776855,-0.0002317982289241627,-0.01181755214929581,-1.987435098271817e-05,0.9999301433563232],"scale":1.00000011920929,"type":"barrierfence_folk"}
{"pos":[371.0140991210938,-264.2522583007813,144.4058074951172],"rotationMatrix":[-0.9998090267181396,0.0159941166639328,-0.01122809760272503,-0.01599258184432983,-0.999872088432312,-0.0002263830829178914,-0.01123028248548508,-4.67735662823543e-05,0.9999369382858276],"scale":1,"type":"barrierfence_folk"}
{"pos":[373.8821716308594,-264.2699584960938,144.4605712890625],"rotationMatrix":[-0.9998414516448975,0.01430221647024155,-0.01060907542705536,-0.01430067606270313,-0.9998977184295654,-0.0002210258680861443,-0.01061115227639675,-6.927386129973456e-05,0.9999436736106873],"scale":1.00000011920929,"type":"barrierfence_folk"}
{"pos":[376.7503051757813,-264.283203125,144.5135040283203],"rotationMatrix":[-0.9998679161071777,0.01284316089004278,-0.009957863949239254,-0.01284165401011705,-0.9999175071716309,-0.000215191685128957,-0.009959806688129902,-8.728782268008217e-05,0.9999504089355469],"scale":1,"type":"barrierfence_folk"}
{"pos":[379.6184692382813,-264.2926025390625,144.5645904541016],"rotationMatrix":[-0.9998898506164551,0.0115907397121191,-0.009273952804505825,-0.0115892980247736,-0.9999328851699829,-0.0002091628266498446,-0.009275753982365131,-0.0001016611713566817,0.9999569654464722],"scale":1.00000011920929,"type":"barrierfence_folk"}
{"pos":[382.4866943359375,-264.298583984375,144.6136322021484],"rotationMatrix":[-0.9999077320098877,0.01054640486836433,-0.008555292151868343,-0.01054505631327629,-0.9999443292617798,-0.0002027401351369917,-0.008556953631341457,-0.0001125053968280554,0.9999634027481079],"scale":1.00000011920929,"type":"barrierfence_folk"}
{"pos":[385.3549499511719,-264.3018188476563,144.6605377197266],"rotationMatrix":[-0.999922513961792,0.009690616279840469,-0.00780054833739996,-0.009689383208751678,-0.9999529123306274,-0.0001957921922439709,-0.007802079431712627,-0.0001201945269713178,0.9999695420265198],"scale":1.000000238418579,"type":"barrierfence_folk"}
{"pos":[388.2232666015625,-264.3028564453125,144.705322265625],"rotationMatrix":[-0.9999320507049561,0.009084873832762241,-0.00730515830218792,-0.009082785807549953,-0.9999587535858154,-0.00031903843046166,-0.007307754829525948,-0.0002526655734982342,0.9999732375144958],"scale":1,"type":"barrierfence_folk"}
{"pos":[391.0916137695313,-264.3028564453125,144.7497100830078],"rotationMatrix":[-0.9999336004257202,0.008965438231825829,-0.007240098901093006,-0.008949365466833115,-0.9999573230743408,-0.002249442739412189,-0.007259957492351532,-0.002184499287977815,0.9999712705612183],"scale":1,"type":"barrierfence_folk"}
{"pos":[393.9599609375,-264.3027954101563,144.7936706542969],"rotationMatrix":[-0.9999353885650635,0.008947095833718777,-0.007015410810709,-0.008916438557207584,-0.999950647354126,-0.004389090463519096,-0.007054333575069904,-0.00432625412940979,0.9999657869338989],"scale":1,"type":"barrierfence_folk"}
{"pos":[396.8282775878906,-264.3027648925781,144.8370056152344],"rotationMatrix":[-0.9999371767044067,0.008929706178605556,-0.006787056103348732,-0.008885483257472515,-0.9999393224716187,-0.00651834299787879,-0.006844851188361645,-0.006457626353949308,0.9999557137489319],"scale":1,"type":"barrierfence_folk"}
{"pos":[399.6965637207031,-264.3027038574219,144.8797302246094],"rotationMatrix":[-0.9999388456344604,0.008912079036235809,-0.006555977277457714,-0.008855303749442101,-0.9999234676361084,-0.00863878708332777,-0.006632464937865734,-0.008580203168094158,0.9999411702156067],"scale":1.00000011920929,"type":"barrierfence_folk"}
{"pos":[402.5649719238281,-264.3026428222656,144.9218902587891],"rotationMatrix":[-0.9999403953552246,0.008894689381122589,-0.006321302149444818,-0.008826388046145439,-0.9999032020568848,-0.01075193379074335,-0.00641632592305541,-0.01069549936801195,0.9999222159385681],"scale":1.00000011920929,"type":"barrierfence_folk"}
{"pos":[405.433349609375,-264.3025512695313,144.9634094238281],"rotationMatrix":[-0.9999421834945679,0.008877059444785118,-0.006082149688154459,-0.008798284456133842,-0.9998786449432373,-0.01285848394036293,-0.006195556838065386,-0.01280422694981098,0.9998988509178162],"scale":1.00000011920929,"type":"barrierfence_folk"}
{"pos":[408.3017272949219,-264.3025512695313,145.0042572021484],"rotationMatrix":[-0.9999436140060425,0.008859907276928425,-0.005839837715029716,-0.008771707303822041,-0.9998495578765869,-0.01495970692485571,-0.005971501581370831,-0.01490763854235411,0.9998710155487061],"scale":1,"type":"barrierfence_folk"}
{"pos":[411.1701049804688,-264.302490234375,145.0444641113281],"rotationMatrix":[-0.9999452829360962,0.008842277340590954,-0.00559251569211483,-0.008745740167796612,-0.9998162984848022,-0.01705708913505077,-0.005742311477661133,-0.01700724475085735,0.9998388886451721],"scale":1.00000011920929,"type":"barrierfence_folk"}
{"pos":[414.0385131835938,-264.3024291992188,145.0840148925781],"rotationMatrix":[-0.9999467134475708,0.008824886754155159,-0.005339269991964102,-0.008721139281988144,-0.9997783899307251,-0.0191518496721983,-0.005507100839167833,-0.01910426653921604,0.9998023509979248],"scale":1.00000011920929,"type":"barrierfence_folk"}
{"pos":[416.9068908691406,-264.3023681640625,145.1228942871094],"rotationMatrix":[-0.9999481439590454,0.008807494305074215,-0.005081464070826769,-0.008697669021785259,-0.9997363090515137,-0.02124474756419659,-0.005267237778753042,-0.02119945175945759,0.9997614026069641],"scale":1,"type":"barrierfence_folk"}
{"pos":[419.7752380371094,-264.3023376464844,145.1610717773438],"rotationMatrix":[-0.9999498128890991,0.008790102787315845,-0.004817151930183172,-0.008675393648445606,-0.999690055847168,-0.02333739213645458,-0.005020796786993742,-0.02329442836344242,0.99971604347229],"scale":1,"type":"barrierfence_folk"}
{"pos":[422.6437377929688,-264.30224609375,145.1985473632813],"rotationMatrix":[-0.9999512434005737,0.008772233501076698,-0.004545981530100107,-0.008653884753584862,-0.9996391534805298,-0.02543025091290474,-0.004767421167343855,-0.0253896676003933,0.9996662735939026],"scale":1.00000011920929,"type":"barrierfence_folk"}
{"pos":[425.5121154785156,-264.3022155761719,145.2352905273438],"rotationMatrix":[-0.9999525547027588,0.008754841051995754,-0.00426771491765976,-0.00863413792103529,-0.9995838403701782,-0.02752487733960152,-0.004506914876401424,-0.02748672291636467,0.999612033367157],"scale":1,"type":"barrierfence_folk"}
{"pos":[428.380615234375,-264.3021240234375,145.2712554931641],"rotationMatrix":[-0.9999538660049438,0.008737208321690559,-0.003981322515755892,-0.008615510538220406,-0.9995239973068237,-0.02962258085608482,-0.004238246474415064,-0.02958691492676735,0.9995532035827637],"scale":1,"type":"barrierfence_folk"}
{"pos":[431.2490539550781,-264.3020629882813,145.3064422607422],"rotationMatrix":[-0.9999551773071289,0.008719576522707939,-0.003685545874759555,-0.008598329499363899,-0.9994596242904663,-0.03172403573989868,-0.003960174508392811,-0.03169092535972595,0.9994898438453674],"scale":1,"type":"barrierfence_folk"}
{"pos":[434.1174926757813,-264.302001953125,145.3408355712891],"rotationMatrix":[-0.9999567270278931,0.008700994774699211,-0.003239463549107313,-0.008586473762989044,-0.9993906021118164,-0.03382940962910652,-0.003531839232891798,-0.03380013629794121,0.9994223713874817],"scale":1.00000011920929,"type":"barrierfence_folk"}
{"pos":[436.9859008789063,-264.302001953125,145.3714904785156],"rotationMatrix":[-0.9999616146087646,0.008686969056725502,-0.001075909123755991,-0.008643947541713715,-0.9993486404418945,-0.03503473475575447,-0.001379554043523967,-0.03502409532666206,0.9993855357170105],"scale":1.00000011920929,"type":"barrierfence_folk"}
{"pos":[439.8544311523438,-264.3019409179688,145.3978118896484],"rotationMatrix":[-0.9999618530273438,0.008691262453794479,-0.000787843600846827,-0.008658330887556076,-0.9993486404418945,-0.03503232449293137,-0.001091805635951459,-0.03502416610717773,0.9993858933448792],"scale":1.00000011920929,"type":"barrierfence_folk"}
{"pos":[442.7229614257813,-264.3019714355469,145.424560546875],"rotationMatrix":[-0.9999616146087646,0.00869126059114933,-0.0009581017075106502,-0.008652364835143089,-0.999348521232605,-0.0350336842238903,-0.001261964556761086,-0.03502405807375908,0.9993856549263],"scale":1,"type":"barrierfence_folk"}
{"pos":[445.591552734375,-264.302001953125,145.4518127441406],"rotationMatrix":[-0.9999613761901855,0.008691259659826756,-0.001123965834267437,-0.008646552450954914,-0.999348521232605,-0.03503525629639626,-0.001427734387107193,-0.03502419218420982,0.9993854165077209],"scale":0.9999999403953552,"type":"barrierfence_folk"}
{"pos":[448.4600219726563,-264.3019409179688,145.4795227050781],"rotationMatrix":[-0.9999614953994751,0.008691257797181606,-0.001283892663195729,-0.008640947751700878,-0.9993487596511841,-0.03503649309277534,-0.001587567618116736,-0.03502404317259789,0.9993852376937866],"scale":1,"type":"barrierfence_folk"}
{"pos":[451.32861328125,-264.3019714355469,145.5077209472656],"rotationMatrix":[-0.999961256980896,0.008691255934536457,-0.001436444348655641,-0.008635600097477436,-0.9993487596511841,-0.03503785654902458,-0.001740031759254634,-0.03502409532666206,0.9993849396705627],"scale":1,"type":"barrierfence_folk"}
{"pos":[454.1972045898438,-264.3019714355469,145.5363006591797],"rotationMatrix":[-0.9999610185623169,0.008693639189004898,-0.00158182845916599,-0.008632887154817581,-0.9993487596511841,-0.03503906354308128,-0.001885415171273053,-0.03502404317259789,0.9993847012519836],"scale":1.00000011920929,"type":"barrierfence_folk"}
{"pos":[457.0657348632813,-264.302001953125,145.5653076171875],"rotationMatrix":[-0.9999605417251587,0.008694350719451904,-0.001718342304229736,-0.008628815412521362,-0.999348521232605,-0.03504021838307381,-0.002021874999627471,-0.0350240133702755,0.9993844032287598],"scale":1,"type":"barrierfence_folk"}
