{"pos":[-468.5985107421875,72.87850952148438,99.76436614990234],"rotationMatrix":[-0.9641201496124268,0.2640053927898407,-0.02781572751700878,-0.2638156712055206,-0.9645177125930786,-0.01034996099770069,-0.02956120483577251,-0.002640380524098873,0.9995594620704651],"scale":0.9999999403953552,"type":"guardrail_support1"}
{"pos":[-469.394287109375,69.74374389648438,99.7391357421875],"rotationMatrix":[-0.9655930995941162,0.2585658431053162,-0.02781487070024014,-0.2583723068237305,-0.965989351272583,-0.01040233578532934,-0.02955855987966061,-0.002857831073924899,0.9995589852333069],"scale":1,"type":"guardrail_support1"}
{"pos":[-470.17236328125,66.60455322265625,99.71377563476563],"rotationMatrix":[-0.9670603275299072,0.2530232965946198,-0.02781450934708118,-0.2528269588947296,-0.9674555063247681,-0.01042121276259422,-0.02954610623419285,-0.003045683261007071,0.9995588064193726],"scale":0.9999999403953552,"type":"guardrail_support1"}
{"pos":[-470.932373046875,63.46112060546875,99.68842315673828],"rotationMatrix":[-0.968524694442749,0.2473581731319427,-0.02781491726636887,-0.2471599578857422,-0.9689188003540039,-0.01040588319301605,-0.02952437847852707,-0.00320362183265388,0.9995589256286621],"scale":1,"type":"guardrail_support1"}
{"pos":[-471.6742553710938,60.31315612792969,99.66316223144531],"rotationMatrix":[-0.9699703454971313,0.2416267246007919,-0.02781554870307446,-0.2414276748895645,-0.9703633785247803,-0.01035553403198719,-0.02949336729943752,-0.003329119645059109,0.9995594024658203],"scale":0.9999999403953552,"type":"guardrail_support1"}
{"pos":[-472.3975830078125,57.16119384765625,99.63812255859375],"rotationMatrix":[-0.9714071750640869,0.2357842475175858,-0.02781707979738712,-0.2355853468179703,-0.971799373626709,-0.01026969775557518,-0.02945405431091785,-0.003422762267291546,0.9995602965354919],"scale":0.9999999403953552,"type":"guardrail_support1"}
{"pos":[-473.1007690429688,54.00456237792969,99.61344146728516],"rotationMatrix":[-0.9728236198425293,0.2298696786165237,-0.0278189592063427,-0.2296720296144485,-0.9732151031494141,-0.01014589797705412,-0.02940606698393822,-0.003480933606624603,0.9995614886283875],"scale":1,"type":"guardrail_support1"}
{"pos":[-473.784912109375,50.84390258789063,99.58921051025391],"rotationMatrix":[-0.9742183685302734,0.2238850295543671,-0.02782152406871319,-0.2236896753311157,-0.9746092557907104,-0.009986041113734245,-0.02935084141790867,-0.003505196655169129,0.9995630383491516],"scale":0.9999999403953552,"type":"guardrail_support1"}
{"pos":[-474.4498291015625,47.67912292480469,99.56554412841797],"rotationMatrix":[-0.9755884408950806,0.2178365737199783,-0.0278245322406292,-0.217644527554512,-0.9759789705276489,-0.009790267795324326,-0.02928883582353592,-0.003495416371151805,0.9995648860931396],"scale":0.9999999403953552,"type":"guardrail_support1"}
{"pos":[-475.0952758789063,44.51025390625,99.54257202148438],"rotationMatrix":[-0.9769320487976074,0.2117296606302261,-0.027828274294734,-0.211541935801506,-0.9773222208023071,-0.0095583600923419,-0.02922097779810429,-0.00345102115534246,0.9995670318603516],"scale":0.9999999403953552,"type":"guardrail_support1"}
{"pos":[-475.7210388183594,41.337646484375,99.5203857421875],"rotationMatrix":[-0.9782419204711914,0.2055915594100952,-0.0278325229883194,-0.2054091989994049,-0.9786319732666016,-0.00929038692265749,-0.02914782613515854,-0.00337119004689157,0.9995694160461426],"scale":0.9999999403953552,"type":"guardrail_support1"}
{"pos":[-476.3259582519531,38.16087341308594,99.49918365478516],"rotationMatrix":[-0.979514479637146,0.1994409561157227,-0.02783691324293613,-0.1992643177509308,-0.9799044132232666,-0.009009462781250477,-0.02907436899840832,-0.003277994925156236,0.9995718598365784],"scale":1,"type":"guardrail_support1"}
{"pos":[-476.910888671875,34.98011779785156,99.47788238525391],"rotationMatrix":[-0.9807834625244141,0.1932325810194016,-0.02692974545061588,-0.1930522471666336,-0.9811457395553589,-0.009167873300611973,-0.02819353528320789,-0.003792849602177739,0.9995952844619751],"scale":1,"type":"guardrail_support1"}
{"pos":[-477.4757080078125,31.7958984375,99.45578002929688],"rotationMatrix":[-0.9820120334625244,0.1870363354682922,-0.02587698213756084,-0.1868521273136139,-0.9823431968688965,-0.009384047240018845,-0.02717523463070393,-0.004380078054964542,0.9996210932731628],"scale":0.9999999403953552,"type":"guardrail_support1"}
{"pos":[-478.020751953125,28.60818481445313,99.43301391601563],"rotationMatrix":[-0.9831987619400024,0.1808416992425919,-0.02482583932578564,-0.1806560307741165,-0.9834998846054077,-0.0095474598929286,-0.026142792776227,-0.004902114160358906,0.9996461868286133],"scale":0.9999998807907104,"type":"guardrail_support1"}
{"pos":[-478.5458068847656,25.417236328125,99.40975952148438],"rotationMatrix":[-0.9843443632125854,0.1746440082788467,-0.0237774308770895,-0.1744590848684311,-0.9846169948577881,-0.009657669812440872,-0.02509831823408604,-0.005358284804970026,0.9996706247329712],"scale":0.9999999403953552,"type":"guardrail_support1"}
{"pos":[-479.0500793457031,22.22280883789063,99.38616943359375],"rotationMatrix":[-0.9854445457458496,0.1684703677892685,-0.02273176610469818,-0.1682883054018021,-0.9856899976730347,-0.009711725637316704,-0.02404261380434036,-0.005744876340031624,0.9996944069862366],"scale":0.9999999403953552,"type":"guardrail_support1"}
{"pos":[-479.5344848632813,19.02536010742188,99.36244201660156],"rotationMatrix":[-0.9864983558654785,0.1623286455869675,-0.02168967761099339,-0.1621512323617935,-0.9867180585861206,-0.009714064188301563,-0.02297846786677837,-0.006065900437533855,0.9997175335884094],"scale":0.9999999403953552,"type":"guardrail_support1"}
{"pos":[-479.9993896484375,15.82492065429688,99.33873748779297],"rotationMatrix":[-0.9875065088272095,0.1562190055847168,-0.02065079845488071,-0.1560478508472443,-0.9877021312713623,-0.009665004909038544,-0.02190669812262058,-0.006321743130683899,0.9997400045394897],"scale":0.9999999403953552,"type":"guardrail_support1"}
{"pos":[-480.4447021484375,12.62176513671875,99.31520843505859],"rotationMatrix":[-0.988466739654541,0.1501625329256058,-0.01961626298725605,-0.1499990075826645,-0.9886398315429688,-0.009565938264131546,-0.02082986570894718,-0.006513191387057304,0.9997618198394775],"scale":0.9999999403953552,"type":"guardrail_support1"}
{"pos":[-480.8708190917969,9.416015625,99.29205322265625],"rotationMatrix":[-0.9893804788589478,0.1441556960344315,-0.01858579739928246,-0.1440009623765945,-0.9895327091217041,-0.009417260065674782,-0.01974880695343018,-0.006640880834311247,0.999782919883728],"scale":1,"type":"guardrail_support1"}
{"pos":[-481.2764282226563,6.207672119140625,99.26940155029297],"rotationMatrix":[-0.9902458190917969,0.1382200717926025,-0.01756047829985619,-0.1380751729011536,-0.9903788566589355,-0.009217587299644947,-0.01866558194160461,-0.006703011225908995,0.9998033046722412],"scale":0.9999999403953552,"type":"guardrail_support1"}
{"pos":[-481.663330078125,2.996917724609375,99.24742889404297],"rotationMatrix":[-0.9910649061203003,0.1323499828577042,-0.0165401566773653,-0.1322156637907028,-0.9911801815032959,-0.008971760980784893,-0.01758169196546078,-0.006704730447381735,0.9998229742050171],"scale":0.9999998807907104,"type":"guardrail_support1"}
{"pos":[-482.0316162109375,-0.216094970703125,99.22627258300781],"rotationMatrix":[-0.991837739944458,0.1265586316585541,-0.01552525814622641,-0.126435399055481,-0.9919370412826538,-0.00868123397231102,-0.01649876125156879,-0.006647432688623667,0.9998418092727661],"scale":0.9999999403953552,"type":"guardrail_support1"}
{"pos":[-482.381591796875,-3.431060791015625,99.20603942871094],"rotationMatrix":[-0.9925637245178223,0.1208572909235954,-0.01451580133289099,-0.1207455173134804,-0.9926483631134033,-0.008347512222826481,-0.01541794370859861,-0.006532719824463129,0.9998598098754883],"scale":0.9999998807907104,"type":"guardrail_support1"}
{"pos":[-482.71337890625,-6.6480712890625,99.18692016601563],"rotationMatrix":[-0.9932441711425781,0.1152527704834938,-0.01351234875619411,-0.11515261977911,-0.9933156967163086,-0.007972316816449165,-0.01434086076915264,-0.006362475920468569,0.9998769164085388],"scale":0.9999999403953552,"type":"guardrail_support1"}
{"pos":[-483.0263671875,-9.86700439453125,99.16907501220703],"rotationMatrix":[-0.9938818216323853,0.1097372025251389,-0.01251550763845444,-0.1096486747264862,-0.9939416646957397,-0.007555082440376282,-0.01326875761151314,-0.006136550568044186,0.9998931288719177],"scale":1,"type":"guardrail_support1"}
{"pos":[-483.3218994140625,-13.0875244140625,99.15258026123047],"rotationMatrix":[-0.9944919347763062,0.1041779145598412,-0.0115247368812561,-0.104100801050663,-0.9945414066314697,-0.007101406343281269,-0.01220163702964783,-0.005862556397914886,0.9999083876609802],"scale":0.9999999403953552,"type":"guardrail_support1"}
{"pos":[-483.5998840332031,-16.30978393554688,99.13748168945313],"rotationMatrix":[-0.9950188398361206,0.09906214475631714,-0.01115318760275841,-0.09898979961872101,-0.9950648546218872,-0.00686351303011179,-0.01177805848419666,-0.005725271999835968,0.9999142289161682],"scale":0.9999999403953552,"type":"guardrail_support1"}
{"pos":[-483.8631591796875,-19.53372192382813,99.12295532226563],"rotationMatrix":[-0.9954568147659302,0.0945589616894722,-0.0111548351123929,-0.09448757022619247,-0.9955030679702759,-0.00676344521343708,-0.01174421701580286,-0.005678724497556686,0.9999148845672607],"scale":1,"type":"guardrail_support1"}
{"pos":[-484.112060546875,-22.75857543945313,99.10871887207031],"rotationMatrix":[-0.9958986043930054,0.08978745341300964,-0.01115632895380259,-0.08971703052520752,-0.9959450960159302,-0.00666118785738945,-0.01170918066054583,-0.005632953718304634,0.999915599822998],"scale":0.9999999403953552,"type":"guardrail_support1"}
{"pos":[-484.3447875976563,-25.98458862304688,99.09484100341797],"rotationMatrix":[-0.9963160753250122,0.08502813428640366,-0.01115799322724342,-0.08495872467756271,-0.9963629245758057,-0.006554989609867334,-0.01167476922273636,-0.005582872312515974,0.9999162554740906],"scale":0.9999999403953552,"type":"guardrail_support1"}
{"pos":[-484.5609741210938,-29.21170043945313,99.08135223388672],"rotationMatrix":[-0.9967098236083984,0.08028113096952438,-0.01116000954061747,-0.0802127793431282,-0.996756911277771,-0.006444014143198729,-0.01164114940911531,-0.005527636501938105,0.9999169707298279],"scale":1,"type":"guardrail_support1"}
{"pos":[-484.7627258300781,-32.44003295898438,99.06819152832031],"rotationMatrix":[-0.9970799684524536,0.07554490864276886,-0.01116158254444599,-0.07547765970230103,-0.9971274137496948,-0.006329087074846029,-0.01160765066742897,-0.005468155723065138,0.9999176859855652],"scale":0.9999999403953552,"type":"guardrail_support1"}
{"pos":[-484.9502563476563,-35.66903686523438,99.05538177490234],"rotationMatrix":[-0.9974268674850464,0.07081577181816101,-0.01116329710930586,-0.07074965536594391,-0.9974746704101563,-0.006210360210388899,-0.01157489884644747,-0.005404580850154161,0.9999184012413025],"scale":1,"type":"guardrail_support1"}
{"pos":[-485.1214599609375,-38.89892578125,99.04299163818359],"rotationMatrix":[-0.9977502822875977,0.06610146164894104,-0.01116534415632486,-0.06603653728961945,-0.9977984428405762,-0.006087101064622402,-0.01154313143342733,-0.005336087197065353,0.9999191164970398],"scale":0.9999999403953552,"type":"guardrail_support1"}
{"pos":[-485.2763671875,-42.12969970703125,99.03105163574219],"rotationMatrix":[-0.9980509281158447,0.06139591708779335,-0.01116737350821495,-0.06133222952485085,-0.9980995655059814,-0.005959038622677326,-0.01151201128959656,-0.005262504331767559,0.9999198913574219],"scale":1,"type":"guardrail_support1"}
{"pos":[-485.4173889160156,-45.3612060546875,99.01947784423828],"rotationMatrix":[-0.998328685760498,0.05670137330889702,-0.01116945222020149,-0.05663896724581718,-0.9983776807785034,-0.005826952867209911,-0.01148172840476036,-0.005184588022530079,0.999920666217804],"scale":0.9999999403953552,"type":"guardrail_support1"}
{"pos":[-485.5429382324219,-48.59326171875,99.00835418701172],"rotationMatrix":[-0.9985837936401367,0.05201438441872597,-0.01117151044309139,-0.05195329710841179,-0.9986332654953003,-0.005690754391252995,-0.01145224273204803,-0.005102298222482204,0.9999213814735413],"scale":0.9999998807907104,"type":"guardrail_support1"}
{"pos":[-485.6533203125,-51.82574462890625,98.9976806640625],"rotationMatrix":[-0.9988163709640503,0.04734101891517639,-0.01117369811981916,-0.04728130251169205,-0.9988663196563721,-0.005549815949052572,-0.01142376381903887,-0.005014939699321985,0.9999221563339233],"scale":0.9999998807907104,"type":"guardrail_support1"}
{"pos":[-485.7486572265625,-55.05886840820313,98.98745727539063],"rotationMatrix":[-0.9990264177322388,0.04267780855298042,-0.01117613911628723,-0.0426195003092289,-0.9990768432617188,-0.005404426250606775,-0.01139646954834461,-0.00492284307256341,0.9999229311943054],"scale":0.9999999403953552,"type":"guardrail_support1"}
{"pos":[-485.8291015625,-58.29238891601563,98.97772216796875],"rotationMatrix":[-0.9992144107818604,0.038022480905056,-0.01117835752665997,-0.03796563297510147,-0.999265193939209,-0.005254688207060099,-0.01136993989348412,-0.004826166201382875,0.9999237060546875],"scale":0.9999999403953552,"type":"guardrail_support1"}
{"pos":[-485.8943481445313,-61.526123046875,98.96846771240234],"rotationMatrix":[-0.9993802309036255,0.03337347507476807,-0.01118077989667654,-0.03331813216209412,-0.9994316101074219,-0.00510041369125247,-0.01134464610368013,-0.004724731203168631,0.9999244809150696],"scale":0.9999999403953552,"type":"guardrail_support1"}
{"pos":[-485.9442138671875,-64.7603759765625,98.95974731445313],"rotationMatrix":[-0.9995243549346924,0.02874067425727844,-0.01118335407227278,-0.02868687734007835,-0.999576210975647,-0.004941569641232491,-0.0113206384703517,-0.004618403501808643,0.9999252557754517],"scale":0.9999999403953552,"type":"guardrail_support1"}
{"pos":[-485.9796142578125,-67.99465942382813,98.95153045654297],"rotationMatrix":[-0.9996466636657715,0.02410749159753323,-0.01118589844554663,-0.02405529282987118,-0.9996991157531738,-0.004777745809406042,-0.01129771303385496,-0.004506977740675211,0.9999260306358337],"scale":0.9999999403953552,"type":"guardrail_support1"}
{"pos":[-486.001220703125,-71.22906494140625,98.94380187988281],"rotationMatrix":[-0.9997473955154419,0.01948999799787998,-0.0111884344369173,-0.01943943463265896,-0.9998003244400024,-0.004610293544828892,-0.01127605512738228,-0.004391632042825222,0.9999268054962158],"scale":0.9999999403953552,"type":"guardrail_support1"}
{"pos":[-486.00537109375,-74.46353149414063,98.93671417236328],"rotationMatrix":[-0.9998266696929932,0.01487661618739367,-0.01119096204638481,-0.01482774596661329,-0.9998800754547119,-0.004437239374965429,-0.01125563308596611,-0.004270533565431833,0.9999275207519531],"scale":1,"type":"guardrail_support1"}
{"pos":[-485.9953002929688,-77.69793701171875,98.93016052246094],"rotationMatrix":[-0.9998846054077148,0.01027198042720556,-0.01119398698210716,-0.01022484805434942,-0.9999387264251709,-0.004259625915437937,-0.01123705506324768,-0.004144677426666021,0.9999282956123352],"scale":0.9999999403953552,"type":"guardrail_support1"}
{"pos":[-485.971435546875,-80.93252563476563,98.92417144775391],"rotationMatrix":[-0.9999212026596069,0.005673324223607779,-0.01119671482592821,-0.005627974402159452,-0.9999758005142212,-0.004077643156051636,-0.01121957879513502,-0.004014306701719761,0.9999290108680725],"scale":0.9999999403953552,"type":"guardrail_support1"}
{"pos":[-485.9320068359375,-84.166748046875,98.91879272460938],"rotationMatrix":[-0.9999366998672485,0.001081938971765339,-0.01119952369481325,-0.001038424088619649,-0.9999918937683105,-0.003890518797561526,-0.0112036420032382,-0.00387864257209003,0.9999297261238098],"scale":0.9999999403953552,"type":"guardrail_support1"}
{"pos":[-485.8777465820313,-87.40078735351563,98.91402435302734],"rotationMatrix":[-0.9999310970306396,-0.003501188242807984,-0.01120263710618019,0.003542817896232009,-0.9999868869781494,-0.003698369720950723,-0.01118954084813595,-0.003737803781405091,0.9999303817749023],"scale":0.9999999403953552,"type":"guardrail_support1"}
{"pos":[-485.8086547851563,-90.63458251953125,98.90988922119141],"rotationMatrix":[-0.9999045133590698,-0.008079410530626774,-0.01120558008551598,0.008119105361402035,-0.9999607801437378,-0.003501523984596133,-0.01117685250937939,-0.00359216914512217,0.9999310970306396],"scale":0.9999998807907104,"type":"guardrail_support1"}
{"pos":[-485.7250366210938,-93.8680419921875,98.90638732910156],"rotationMatrix":[-0.9998571872711182,-0.01265269611030817,-0.01120882015675306,0.01269040536135435,-0.9999140501022339,-0.003299597883597016,-0.01116610784083605,-0.003441370790824294,0.9999317526817322],"scale":1,"type":"guardrail_support1"}
{"pos":[-485.6263427734375,-97.10098266601563,98.903564453125],"rotationMatrix":[-0.9997888803482056,-0.01722166314721107,-0.01121202297508717,0.01725733652710915,-0.999846339225769,-0.003092719474807382,-0.01115703769028187,-0.003285555867478251,0.9999323487281799],"scale":0.9999999403953552,"type":"guardrail_support1"}
{"pos":[-485.512939453125,-100.3335876464844,98.90141296386719],"rotationMatrix":[-0.9996998310089111,-0.02177883125841618,-0.01121504604816437,0.02181241102516651,-0.9997578859329224,-0.002880738116800785,-0.01114959269762039,-0.003124500624835491,0.9999329447746277],"scale":0.9999999403953552,"type":"guardrail_support1"}
{"pos":[-485.3860473632813,-103.5656433105469,98.89988708496094],"rotationMatrix":[-0.9995900392532349,-0.02634221687912941,-0.01121849194169044,0.02637365832924843,-0.9996485710144043,-0.002664069179445505,-0.0111443717032671,-0.002958849538117647,0.9999335408210754],"scale":0.9999999403953552,"type":"guardrail_support1"}
{"pos":[-485.2428283691406,-106.7969970703125,98.899169921875],"rotationMatrix":[-0.9994596242904663,-0.03089552186429501,-0.01122201140969992,0.03092476166784763,-0.9995187520980835,-0.002441369695588946,-0.01114118378609419,-0.002787088276818395,0.9999340772628784],"scale":0.9999998807907104,"type":"guardrail_support1"}
{"pos":[-485.0846557617188,-110.0276184082031,98.89917755126953],"rotationMatrix":[-0.9993084669113159,-0.03544580191373825,-0.01122565288096666,0.03547278791666031,-0.9993681907653809,-0.002213708125054836,-0.01114009413868189,-0.002610382623970509,0.9999345541000366],"scale":1,"type":"guardrail_support1"}
{"pos":[-484.9130554199219,-113.2577209472656,98.89987945556641],"rotationMatrix":[-0.9991370439529419,-0.0399886779487133,-0.01122931763529778,0.04001334682106972,-0.999197244644165,-0.001980912871658802,-0.011141087859869,-0.002428526058793068,0.99993497133255],"scale":0.9999999403953552,"type":"guardrail_support1"}
{"pos":[-484.7263793945313,-116.4868469238281,98.9013671875],"rotationMatrix":[-0.9989447593688965,-0.04453215375542641,-0.01123288553208113,0.044554453343153,-0.9990053176879883,-0.001742730149999261,-0.01114410627633333,-0.002241366310045123,0.9999353885650635],"scale":0.9999999403953552,"type":"guardrail_support1"}
{"pos":[-484.524658203125,-119.7150268554688,98.90363311767578],"rotationMatrix":[-0.9987322092056274,-0.04906995221972466,-0.01123680919408798,0.04908981546759605,-0.998793363571167,-0.001498815603554249,-0.0111497025936842,-0.002048528287559748,0.9999357461929321],"scale":0.9999999403953552,"type":"guardrail_support1"}
{"pos":[-484.3084106445313,-122.9422912597656,98.90668487548828],"rotationMatrix":[-0.9984989166259766,-0.05360459163784981,-0.01124060899019241,0.05362196639180183,-0.9985604286193848,-0.001249759807251394,-0.0111574362963438,-0.001850627479143441,0.999936044216156],"scale":0.9999999403953552,"type":"guardrail_support1"}
{"pos":[-484.0777893066406,-126.1686706542969,98.91056060791016],"rotationMatrix":[-0.9982450008392334,-0.05814193561673164,-0.01124447118490934,0.05815674737095833,-0.9983069896697998,-0.0009947374928742647,-0.01116759795695543,-0.001646933611482382,0.9999362826347351],"scale":0.9999999403953552,"type":"guardrail_support1"}
{"pos":[-483.8322143554688,-129.393798828125,98.91529083251953],"rotationMatrix":[-0.9979704618453979,-0.06267831474542618,-0.01124868541955948,0.06269050389528275,-0.998032808303833,-0.000734264962375164,-0.01118053309619427,-0.001437960425391793,0.9999364614486694],"scale":0.9999999403953552,"type":"guardrail_support1"}
{"pos":[-483.5721740722656,-132.6178588867188,98.92086029052734],"rotationMatrix":[-0.9976752996444702,-0.06721196323633194,-0.01125281397253275,0.06722147017717361,-0.9977380037307739,-0.0004678810364566743,-0.01119591202586889,-0.00122322398237884,0.999936580657959],"scale":0.9999999403953552,"type":"guardrail_support1"}
{"pos":[-483.2987976074219,-135.8406982421875,98.92721557617188],"rotationMatrix":[-0.9973596334457397,-0.07174471765756607,-0.01125679537653923,0.07175146788358688,-0.9974225759506226,-0.0001964812399819493,-0.01121368445456028,-0.001003653975203633,0.9999366402626038],"scale":0.9999999403953552,"type":"guardrail_support1"}
{"pos":[-483.0083312988281,-139.0621643066406,98.93459320068359],"rotationMatrix":[-0.9970231056213379,-0.07627596706151962,-0.01126124989241362,0.0762798860669136,-0.9970862865447998,8.225231431424618e-05,-0.01123471278697252,-0.0007769993972033262,0.999936580657959],"scale":0.9999999403953552,"type":"guardrail_support1"}
{"pos":[-482.7039184570313,-142.2824096679688,98.94286346435547],"rotationMatrix":[-0.9966657161712646,-0.08081183582544327,-0.01126585155725479,0.08081284910440445,-0.9967292547225952,0.0003662672825157642,-0.01125860214233398,-0.0005453795311041176,0.9999364614486694],"scale":0.9999999403953552,"type":"guardrail_support1"}
{"pos":[-482.3858947753906,-145.5012817382813,98.95198822021484],"rotationMatrix":[-0.9962873458862305,-0.08534792065620422,-0.0112701840698719,0.08534595370292664,-0.9963510036468506,0.0006563106435351074,-0.01128507591784,-0.0003079905873164535,0.9999362826347351],"scale":0.9999999403953552,"type":"guardrail_support1"}
{"pos":[-482.0525512695313,-148.7184753417969,98.96212005615234],"rotationMatrix":[-0.995888352394104,-0.08988462388515472,-0.0112747959792614,0.0898795872926712,-0.9959521293640137,0.000953024486079812,-0.01131482049822807,-6.426815525628626e-05,0.9999359846115112],"scale":0.9999999403953552,"type":"guardrail_support1"}
{"pos":[-481.7046508789063,-151.9342651367188,98.97321319580078],"rotationMatrix":[-0.9954686164855957,-0.0944199338555336,-0.01127937622368336,0.09441176801919937,-0.9955325126647949,0.001255781040526927,-0.01134755648672581,0.0001851846463978291,0.9999356269836426],"scale":0.9999999403953552,"type":"guardrail_support1"}
{"pos":[-481.3422241210938,-155.1483154296875,98.98526000976563],"rotationMatrix":[-0.9950273036956787,-0.09896157681941986,-0.01128412131220102,0.09895017743110657,-0.9950911998748779,0.00156493263784796,-0.01138359773904085,0.0004405848449096084,0.9999350905418396],"scale":0.9999999403953552,"type":"guardrail_support1"}
{"pos":[-480.9649353027344,-158.3606567382813,98.99835205078125],"rotationMatrix":[-0.9945647716522217,-0.1035047173500061,-0.01128919515758753,0.1034900099039078,-0.9946285486221313,0.001880631782114506,-0.0114232124760747,0.0007020914345048368,0.9999344944953918],"scale":1,"type":"guardrail_support1"}
{"pos":[-480.5725708007813,-161.5713195800781,99.01250457763672],"rotationMatrix":[-0.9940812587738037,-0.1080502048134804,-0.01129428390413523,0.1080320999026299,-0.9941449165344238,0.002203205833211541,-0.01146621163934469,0.0009700204245746136,0.9999337792396545],"scale":0.9999998807907104,"type":"guardrail_support1"}
{"pos":[-480.1670532226563,-164.7802734375,99.02761077880859],"rotationMatrix":[-0.9935762882232666,-0.1125993654131889,-0.01129915844649076,0.1125777587294579,-0.9936397075653076,0.002531790174543858,-0.01151236984878778,0.001243492821231484,0.9999329447746277],"scale":0.9999999403953552,"type":"guardrail_support1"}
{"pos":[-479.745849609375,-167.9872436523438,99.04384613037109],"rotationMatrix":[-0.9930495023727417,-0.1171542033553123,-0.01130437944084406,0.1171290203928947,-0.9931126832962036,0.002867490518838167,-0.0115624601021409,0.001523489016108215,0.9999319911003113],"scale":0.9999999403953552,"type":"guardrail_support1"}
{"pos":[-479.3091125488281,-171.1919860839844,99.06125640869141],"rotationMatrix":[-0.9925005435943604,-0.1217160373926163,-0.01130990125238895,0.1216871589422226,-0.9925632476806641,0.003210555063560605,-0.01161656901240349,0.001810207730159163,0.9999308586120605],"scale":0.9999999403953552,"type":"guardrail_support1"}
{"pos":[-478.8588256835938,-174.3948974609375,99.07970428466797],"rotationMatrix":[-0.9919296503067017,-0.1262845546007156,-0.01131533365696669,0.1262518614530563,-0.9919918775558472,0.003560518613085151,-0.0116743566468358,0.002103201812133193,0.999929666519165],"scale":0.9999999403953552,"type":"guardrail_support1"}
{"pos":[-478.3934631347656,-177.5956726074219,99.09930419921875],"rotationMatrix":[-0.9913367033004761,-0.1308572143316269,-0.01132061611860991,0.1308206170797348,-0.9913984537124634,0.0039175427518785,-0.01173587795346975,0.002402633894234896,0.9999282360076904],"scale":0.9999999403953552,"type":"guardrail_support1"}
{"pos":[-477.9131774902344,-180.7942810058594,99.12010192871094],"rotationMatrix":[-0.9907209873199463,-0.1354382038116455,-0.01132652256637812,0.1353975832462311,-0.9907821416854858,0.004281960427761078,-0.01180205587297678,0.002708644606173038,0.9999266862869263],"scale":0.9999999403953552,"type":"guardrail_support1"}
{"pos":[-477.4193115234375,-183.99072265625,99.14197540283203],"rotationMatrix":[-0.9900827407836914,-0.1400276273488998,-0.01133202761411667,0.1399828940629959,-0.9901429414749146,0.004653312265872955,-0.01187191903591156,0.003020874224603176,0.9999249577522278],"scale":0.9999999403953552,"type":"guardrail_support1"}
{"pos":[-476.9088134765625,-187.1846313476563,99.16521453857422],"rotationMatrix":[-0.9894218444824219,-0.1446234732866287,-0.01133799739181995,0.1445744782686234,-0.9894812107086182,0.005033445078879595,-0.01194668933749199,0.003341014962643385,0.999923050403595],"scale":0.9999999403953552,"type":"guardrail_support1"}
{"pos":[-476.3839111328125,-190.3760681152344,99.18968200683594],"rotationMatrix":[-0.9887377023696899,-0.1492287218570709,-0.01134407240897417,0.1491753160953522,-0.9887959957122803,0.005420625675469637,-0.01202588621526957,0.003667320590466261,0.9999209642410278],"scale":0.9999999403953552,"type":"guardrail_support1"}
{"pos":[-475.8448791503906,-193.5653381347656,99.21532440185547],"rotationMatrix":[-0.9880298376083374,-0.1538446098566055,-0.01135021448135376,0.1537866741418839,-0.9880869388580322,0.005815865471959114,-0.01210973784327507,0.004000737331807613,0.9999186992645264],"scale":0.9999999403953552,"type":"guardrail_support1"}
{"pos":[-475.2905578613281,-196.7517700195313,99.24233245849609],"rotationMatrix":[-0.9872982501983643,-0.158471018075943,-0.01135633792728186,0.1584084331989288,-0.9873539209365845,0.00621939729899168,-0.01219832058995962,0.004341460764408112,0.9999161958694458],"scale":1,"type":"guardrail_support1"}
{"pos":[-474.7216186523438,-199.935546875,99.27061462402344],"rotationMatrix":[-0.9865429401397705,-0.1631069034337997,-0.01136261131614447,0.1630395203828812,-0.9865972995758057,0.006630702875554562,-0.01229183468967676,0.004688918590545654,0.9999134540557861],"scale":1,"type":"guardrail_support1"}
{"pos":[-474.1378784179688,-203.1167907714844,99.30020141601563],"rotationMatrix":[-0.9857630729675293,-0.1677556484937668,-0.01136920601129532,0.1676832884550095,-0.9858157634735107,0.007050113286823034,-0.01239063777029514,0.00504331523552537,0.9999105334281921],"scale":1,"type":"guardrail_support1"}
{"pos":[-473.5377807617188,-206.2949829101563,99.33130645751953],"rotationMatrix":[-0.9849586486816406,-0.1724154353141785,-0.01137606240808964,0.1723379492759705,-0.9850095510482788,0.007479426451027393,-0.01249509863555431,0.005406398326158524,0.9999073147773743],"scale":0.9999999403953552,"type":"guardrail_support1"}
{"pos":[-472.923828125,-209.4703674316406,99.36370086669922],"rotationMatrix":[-0.9841291904449463,-0.1770885139703751,-0.0113826422020793,0.1770057529211044,-0.9841780662536621,0.007916528731584549,-0.01260447222739458,0.005776093807071447,0.9999038577079773],"scale":0.9999999403953552,"type":"guardrail_support1"}
{"pos":[-472.2948913574219,-212.6428527832031,99.39753723144531],"rotationMatrix":[-0.9832738637924194,-0.1817765831947327,-0.01138938963413239,0.1816883385181427,-0.9833205938339233,0.00836260337382555,-0.01271954737603664,0.006153409834951162,0.9999001622200012],"scale":0.9999999403953552,"type":"guardrail_support1"}
{"pos":[-471.6503295898438,-215.8121643066406,99.43284606933594],"rotationMatrix":[-0.982392430305481,-0.1864808946847916,-0.01139652729034424,0.1863870173692703,-0.9824367761611938,0.008817915804684162,-0.01284074038267136,0.006538489833474159,0.9998961687088013],"scale":0.9999999403953552,"type":"guardrail_support1"}
{"pos":[-470.9910888671875,-218.9783325195313,99.46961975097656],"rotationMatrix":[-0.9814846515655518,-0.1912005990743637,-0.01140362024307251,0.1911008805036545,-0.9815264940261841,0.009282529354095459,-0.0129677802324295,0.006931418552994728,0.9998918771743774],"scale":0.9999999403953552,"type":"guardrail_support1"}
{"pos":[-470.3160705566406,-222.1409912109375,99.50831604003906],"rotationMatrix":[-0.980574369430542,-0.1958129107952118,-0.01145856641232967,0.195696622133255,-0.9806079864501953,0.01052770204842091,-0.01329782232642174,0.008080791682004929,0.9998789429664612],"scale":0.9999999403953552,"type":"guardrail_support1"}
{"pos":[-469.6268920898438,-225.3006896972656,99.55306243896484],"rotationMatrix":[-0.9796922206878662,-0.2001498192548752,-0.01195507310330868,0.200011745095253,-0.9797221422195435,0.01181579846888781,-0.01407758146524429,0.009184692986309528,0.9998587369918823],"scale":0.9999999403953552,"type":"guardrail_support1"}
{"pos":[-468.9251098632813,-228.4579162597656,99.59987640380859],"rotationMatrix":[-0.9788210391998291,-0.2043322175741196,-0.0125455129891634,0.2041830271482468,-0.9788563251495361,0.01221521105617285,-0.01477621868252754,0.009394926019012928,0.9998466968536377],"scale":0.9999999403953552,"type":"guardrail_support1"}
{"pos":[-468.208740234375,-231.6119384765625,99.64764404296875],"rotationMatrix":[-0.9779248237609863,-0.2085440754890442,-0.01313616521656513,0.2083854377269745,-0.9779671430587769,0.01248267944902182,-0.01544992625713348,0.009469735436141491,0.9998357892036438],"scale":1,"type":"guardrail_support1"}
{"pos":[-467.4793701171875,-234.7627563476563,99.69628143310547],"rotationMatrix":[-0.9769997596740723,-0.2127982974052429,-0.01372871361672878,0.2126299738883972,-0.977049708366394,0.01275188755244017,-0.01612721383571625,0.009539454244077206,0.9998244643211365],"scale":0.9999999403953552,"type":"guardrail_support1"}
{"pos":[-466.7359619140625,-237.9104614257813,99.74583435058594],"rotationMatrix":[-0.9760458469390869,-0.2170929759740829,-0.0143232885748148,0.2169147282838821,-0.9761037826538086,0.01302295364439487,-0.01680820621550083,0.009604066610336304,0.9998126029968262],"scale":0.9999999403953552,"type":"guardrail_support1"}
{"pos":[-465.9784545898438,-241.0546569824219,99.79633331298828],"rotationMatrix":[-0.9750604629516602,-0.2214372456073761,-0.01492011919617653,0.2212488651275635,-0.9751267433166504,0.01329512242227793,-0.01749304309487343,0.009662489406764507,0.9998003244400024],"scale":0.9999999403953552,"type":"guardrail_support1"}
{"pos":[-465.2079772949219,-244.195556640625,99.84766387939453],"rotationMatrix":[-0.9740442037582397,-0.2258254736661911,-0.01551874447613955,0.2256266921758652,-0.9741194248199463,0.01356968935579062,-0.01818148978054523,0.0097160330042243,0.9997875094413757],"scale":0.9999999403953552,"type":"guardrail_support1"}
{"pos":[-464.4223327636719,-247.3327331542969,99.89997863769531],"rotationMatrix":[-0.9729951620101929,-0.230262354016304,-0.0161198191344738,0.2300529628992081,-0.9730796813964844,0.01384592615067959,-0.01887406408786774,0.009763605892658234,0.9997742176055908],"scale":1,"type":"guardrail_support1"}
{"pos":[-463.6227111816406,-250.4664611816406,99.95318603515625],"rotationMatrix":[-0.9719130992889404,-0.234744980931282,-0.01672269962728024,0.234524741768837,-0.9720075130462646,0.01412449590861797,-0.01957024447619915,0.009805895388126373,0.9997603893280029],"scale":0.9999999403953552,"type":"guardrail_support1"}
{"pos":[-462.8083801269531,-253.5961608886719,100.0073623657227],"rotationMatrix":[-0.9707951545715332,-0.2392833083868027,-0.01732787489891052,0.2390520125627518,-0.9708998203277588,0.01440492831170559,-0.02027049288153648,0.009841971099376678,0.9997460842132568],"scale":0.9999999403953552,"type":"guardrail_support1"}
{"pos":[-461.9794311523438,-256.7220764160156,100.0624771118164],"rotationMatrix":[-0.9696410894393921,-0.2438737750053406,-0.01793533377349377,0.2436311841011047,-0.9697567224502563,0.01468723174184561,-0.02097474224865437,0.009871737100183964,0.9997312426567078],"scale":0.9999999403953552,"type":"guardrail_support1"}
{"pos":[-461.1361999511719,-259.8443298339844,100.1184997558594],"rotationMatrix":[-0.9684507846832275,-0.2485135346651077,-0.01854495145380497,0.2482594102621078,-0.9685777425765991,0.01497191656380892,-0.02168295346200466,0.009895606897771358,0.9997159242630005],"scale":0.9999999403953552,"type":"guardrail_support1"}
{"pos":[-460.2774047851563,-262.9620666503906,100.1755065917969],"rotationMatrix":[-0.9672219753265381,-0.2532094120979309,-0.01915697753429413,0.2529435753822327,-0.9673608541488647,0.01525895111262798,-0.02239541709423065,0.009913155809044838,0.9997000694274902],"scale":0.9999999403953552,"type":"guardrail_support1"}
{"pos":[-459.4039916992188,-266.0757446289063,100.2334518432617],"rotationMatrix":[-0.9659538269042969,-0.2579578161239624,-0.01977118849754333,0.2576799988746643,-0.9661052227020264,0.01554820965975523,-0.02311183139681816,0.009924213401973248,0.9996836185455322],"scale":0.9999999403953552,"type":"guardrail_support1"}
{"pos":[-458.51416015625,-269.1847534179688,100.2924346923828],"rotationMatrix":[-0.9646422863006592,-0.2627731561660767,-0.02038848958909512,0.2624831199645996,-0.9648066759109497,0.01583961024880409,-0.02383317239582539,0.009927921928465366,0.9996666312217712],"scale":0.9999999403953552,"type":"guardrail_support1"}
{"pos":[-457.6100463867188,-272.289794921875,100.3523178100586],"rotationMatrix":[-0.9632904529571533,-0.2676379978656769,-0.02100754342973232,0.2673355638980865,-0.9634684324264526,0.01613340899348259,-0.02455801703035831,0.009925097227096558,0.9996491074562073],"scale":0.9999998807907104,"type":"guardrail_support1"}
{"pos":[-456.6892395019531,-275.3896484375,100.4132461547852],"rotationMatrix":[-0.9618935585021973,-0.2725670337677002,-0.02162948250770569,0.2722520232200623,-0.9620856046676636,0.01642993651330471,-0.02528767660260201,0.009915180504322052,0.9996310472488403],"scale":0.9999999403953552,"type":"guardrail_support1"}
{"pos":[-455.753662109375,-278.4848937988281,100.4751052856445],"rotationMatrix":[-0.9604511260986328,-0.2775574028491974,-0.02225365489721298,0.2772295773029327,-0.9606579542160034,0.01672886870801449,-0.02602137625217438,0.00989789143204689,0.9996123909950256],"scale":1,"type":"guardrail_support1"}
{"pos":[-454.8008422851563,-281.5750122070313,100.5380477905273],"rotationMatrix":[-0.9589602947235107,-0.282616138458252,-0.02288080006837845,0.2822752594947815,-0.9591823816299438,0.01703061163425446,-0.02675998210906982,0.009872995316982269,0.9995931386947632],"scale":1,"type":"guardrail_support1"}
{"pos":[-453.8319702148438,-284.6598815917969,100.6019668579102],"rotationMatrix":[-0.9574195146560669,-0.2877408862113953,-0.02351036295294762,0.2873867750167847,-0.9576575756072998,0.01733489148318768,-0.02750283852219582,0.009840197861194611,0.999573290348053],"scale":1,"type":"guardrail_support1"}
{"pos":[-452.8468017578125,-287.7398681640625,100.6669082641602],"rotationMatrix":[-0.9558290243148804,-0.2929300963878632,-0.02414270862936974,0.2925625145435333,-0.9560837745666504,0.01764201000332832,-0.0282503254711628,0.009799492545425892,0.999552845954895],"scale":1,"type":"guardrail_support1"}
{"pos":[-451.8446655273438,-290.8141479492188,100.7328643798828],"rotationMatrix":[-0.9541852474212646,-0.2981890439987183,-0.02477795444428921,0.2978078126907349,-0.9544570446014404,0.01795194484293461,-0.02900256775319576,0.009750410914421082,0.9995318055152893],"scale":0.9999999403953552,"type":"guardrail_support1"}
{"pos":[-450.8265075683594,-293.8831176757813,100.7998428344727],"rotationMatrix":[-0.9524869918823242,-0.3035170137882233,-0.02541554905474186,0.303121954202652,-0.9527766704559326,0.01826506108045578,-0.02975909970700741,0.009693223051726818,0.9995101094245911],"scale":0.9999999403953552,"type":"guardrail_support1"}
{"pos":[-449.78955078125,-296.94580078125,100.8679504394531],"rotationMatrix":[-0.9507282972335815,-0.3089282810688019,-0.02605664543807507,0.3085192143917084,-0.9510365724563599,0.01858092285692692,-0.03052099607884884,0.009626433253288269,0.9994877576828003],"scale":0.9999999403953552,"type":"guardrail_support1"}
{"pos":[-448.7361145019531,-300.0026550292969,100.9370498657227],"rotationMatrix":[-0.9489120244979858,-0.3144091069698334,-0.02670016698539257,0.3139857947826385,-0.9492394924163818,0.01890015974640846,-0.03128723800182343,0.009551115334033966,0.9994648098945618],"scale":0.9999999403953552,"type":"guardrail_support1"}
{"pos":[-447.664306640625,-303.0531311035156,101.0072784423828],"rotationMatrix":[-0.9470329284667969,-0.3199698328971863,-0.02734706178307533,0.3195321559906006,-0.9473803043365479,0.01922236755490303,-0.03205864876508713,0.009465948678553104,0.9994411468505859],"scale":0.9999999403953552,"type":"guardrail_support1"}
{"pos":[-446.5755615234375,-306.09765625,101.0785064697266],"rotationMatrix":[-0.9450910091400146,-0.3256055116653442,-0.02799673937261105,0.3251532912254333,-0.9454591274261475,0.01954790018498898,-0.03283468261361122,0.009371316060423851,0.9994168877601624],"scale":0.9999999403953552,"type":"guardrail_support1"}
{"pos":[-445.4682006835938,-309.13525390625,101.1508636474609],"rotationMatrix":[-0.9430814981460571,-0.3313254415988922,-0.02864946238696575,0.3308584988117218,-0.9434710741043091,0.01987672410905361,-0.0336156040430069,0.009266452863812447,0.9993918538093567],"scale":0.9999999403953552,"type":"guardrail_support1"}
{"pos":[-444.3421630859375,-312.166015625,101.2243499755859],"rotationMatrix":[-0.9410006999969482,-0.3371333181858063,-0.02930568158626556,0.336651474237442,-0.9414124488830566,0.02020925097167492,-0.03440194576978683,0.009151119738817215,0.9993661642074585],"scale":0.9999999403953552,"type":"guardrail_support1"}
{"pos":[-443.197021484375,-315.1895751953125,101.298942565918],"rotationMatrix":[-0.9388469457626343,-0.3430287539958954,-0.02996469847857952,0.342531830072403,-0.9392815828323364,0.02054547518491745,-0.03519297763705254,0.009025191888213158,0.999339759349823],"scale":0.9999999403953552,"type":"guardrail_support1"}
{"pos":[-442.0333251953125,-318.2058410644531,101.3746566772461],"rotationMatrix":[-0.9366171360015869,-0.349013090133667,-0.0306272953748703,0.3485009670257568,-0.9370756149291992,0.02088508568704128,-0.03598926216363907,0.00888768769800663,0.9993126392364502],"scale":0.9999999403953552,"type":"guardrail_support1"}
{"pos":[-440.8508911132813,-321.2146301269531,101.4514770507813],"rotationMatrix":[-0.9343100786209106,-0.3550852835178375,-0.0312931090593338,0.3545578420162201,-0.9347931146621704,0.02122864685952663,-0.03679056465625763,0.008738920092582703,0.9992848038673401],"scale":0.9999999403953552,"type":"guardrail_support1"}
