{"pos":[17.32155990600586,1634.584838867188,99.70661926269531],"rotationMatrix":[-0.9805223941802979,-0.1964078992605209,0,0.1964078992605209,-0.9805223941802979,0,0,0,1],"scale":1.334474682807922,"type":"jerseybarrier_end"}
{"pos":[-907.9697265625,-415.27978515625,100.8662719726563],"rotationMatrix":[0.6253781318664551,-0.7800709009170532,-0.01978992111980915,0.7802900075912476,0.6253805756568909,0.006829790305346251,0.00704851234331727,-0.01971307769417763,0.9997808337211609],"scale":1.250356793403625,"type":"jerseybarrier_end"}
{"pos":[-16.20537567138672,-288.3780212402344,132.2501373291016],"rotationMatrix":[0.1111685633659363,0.993363082408905,0.02952089346945286,-0.9937418103218079,0.1114386916160583,-0.00766339898109436,-0.01090230606496334,-0.02848421782255173,0.9995347857475281],"scale":1.500000238418579,"type":"jerseybarrier_end"}
{"pos":[-14.74648475646973,-276.4868774414063,132.2425537109375],"rotationMatrix":[0.122167706489563,0.9920225739479065,-0.03108339942991734,-0.9924972653388977,0.121951162815094,-0.008776886388659477,-0.004916215315461159,0.03192244470119476,0.999478280544281],"scale":1.500000238418579,"type":"jerseybarrier_end"}
{"pos":[60.66508483886719,-297.5962524414063,132.2596435546875],"rotationMatrix":[-0.1222162246704102,-0.9918349385261536,-0.03642344102263451,0.9924164414405823,-0.1216371059417725,-0.01771902292966843,0.01314390078186989,-0.03831277415156364,0.9991793632507324],"scale":1.500000238418579,"type":"jerseybarrier_end"}
{"pos":[62.07082748413086,-285.8074035644531,132.2622375488281],"rotationMatrix":[-0.1203509569168091,-0.9901605248451233,0.07139898836612701,0.9925010800361633,-0.1215606927871704,-0.01283204555511475,0.02138509228825569,0.0693192183971405,0.9973652958869934],"scale":1.500000238418579,"type":"jerseybarrier_end"}
{"pos":[472.538330078125,774.5361938476563,124.6241302490234],"rotationMatrix":[0.822515070438385,0.5655436515808105,0.06024378165602684,-0.5665526390075684,0.8240254521369934,-0.0004031546413898468,-0.04987041279673576,-0.0337996706366539,0.9981836080551147],"scale":1.500000238418579,"type":"jerseybarrier_end"}
{"pos":[482.5805053710938,781.2991333007813,124.5661163330078],"rotationMatrix":[0.8223960399627686,0.5655173063278198,-0.06208866462111473,-0.566550612449646,0.8240261077880859,0.001159835606813431,0.05181859061121941,0.03422252461314201,0.9980699419975281],"scale":1.500000238418579,"type":"jerseybarrier_end"}
{"pos":[533.529541015625,706.0794677734375,124.6034851074219],"rotationMatrix":[-0.8159947395324707,-0.5747503042221069,0.06176207214593887,0.576357364654541,-0.8171278238296509,0.01068771071732044,0.04432474076747894,0.04431813955307007,0.9980337023735046],"scale":1.500000238418579,"type":"jerseybarrier_end"}
{"pos":[523.6029052734375,699.2271118164063,124.626220703125],"rotationMatrix":[-0.8157531023025513,-0.5752554535865784,-0.06023187562823296,0.5763830542564392,-0.8171778917312622,-0.001663597300648689,-0.04826316609978676,-0.0360737144947052,0.998183012008667],"scale":1.500000238418579,"type":"jerseybarrier_end"}
{"pos":[109.9577713012695,545.7060546875,101.4570770263672],"rotationMatrix":[-0.6973409652709961,0.7166364789009094,0.01215952727943659,-0.7166139483451843,-0.6974359750747681,0.006891506724059582,0.0134191969409585,-0.00390795711427927,0.9999023079872131],"scale":1.334474682807922,"type":"jerseybarrier_end"}
{"pos":[107.4499664306641,549.1238403320313,102.5063934326172],"rotationMatrix":[-0.8190376758575439,0.5734071135520935,0.01953396946191788,-0.5736809372901917,-0.8179917335510254,-0.0421873927116394,-0.008211921900510788,-0.04575932770967484,0.9989187121391296],"scale":1.334474682807922,"type":"jerseybarrier_end"}
{"pos":[-462.4405822753906,-395.7567443847656,104.5069046020508],"rotationMatrix":[-0.7718179225921631,-0.6352068185806274,0.02844720892608166,0.6353000402450562,-0.7722353935241699,-0.006793939508497715,0.0262835007160902,0.01282882783561945,0.999572217464447],"scale":1.50000011920929,"type":"jerseybarrier_end"}
{"pos":[-471.8939514160156,-403.3372192382813,104.6417770385742],"rotationMatrix":[-0.7831792831420898,-0.6208231449127197,0.03476755693554878,0.6201833486557007,-0.7839504480361938,-0.02818304300308228,0.04475272819399834,-0.0005101161077618599,0.9989979863166809],"scale":1.50000011920929,"type":"jerseybarrier_end"}
{"pos":[196.6912841796875,724.5414428710938,101.0551071166992],"rotationMatrix":[0.9994723200798035,0.0324808768928051,-0.0002605878398753703,-0.03248191997408867,0.9994401335716248,-0.008018556982278824,-7.770722731947899e-09,0.008022790774703026,0.9999678134918213],"scale":1.334474682807922,"type":"jerseybarrier_end"}
{"pos":[190.44873046875,724.7319946289063,101.1708221435547],"rotationMatrix":[0.9999305009841919,0.01178967673331499,3.873632158502005e-05,-0.01178974006325006,0.9999250769615173,0.003284313483163714,-1.242733560502529e-08,-0.003284542122855783,0.9999946355819702],"scale":1.334474682807922,"type":"jerseybarrier_end"}
{"pos":[309.37451171875,642.3648681640625,115.3419189453125],"rotationMatrix":[0.4390479922294617,-0.8950018882751465,0.0787939578294754,0.895082950592041,0.443311333656311,0.04797421768307686,-0.07786726951599121,0.0494641475379467,0.9957358837127686],"scale":1.334474682807922,"type":"jerseybarrier_end"}
{"pos":[-891.98681640625,-393.0093383789063,101.1924285888672],"rotationMatrix":[-0.5357041358947754,-0.8440313935279846,0.02513988129794598,0.8423269391059875,-0.5362361669540405,-0.05418464541435242,0.05921445786952972,-0.007850943133234978,0.9982144236564636],"scale":1.250356793403625,"type":"jerseybarrier_end"}
{"pos":[-588.2548828125,-167.5264129638672,103.9643020629883],"rotationMatrix":[0.7681636214256287,-0.6389676332473755,0.04055869579315186,0.6401935815811157,0.76741623878479,-0.03499286621809006,-0.008766094222664833,0.05284566432237625,0.9985642433166504],"scale":1.414028763771057,"type":"jerseybarrier_end"}
{"pos":[-446.9307556152344,92.74864959716797,99.44246673583984],"rotationMatrix":[0.9761250019073486,-0.2167712599039078,-0.0137935308739543,0.2165544480085373,0.9761449694633484,-0.01565791293978691,0.01685867086052895,0.01229702867567539,0.9997822642326355],"scale":1.182196497917175,"type":"jerseybarrier_end"}
{"pos":[-462.4973449707031,-42.16985321044922,98.53826141357422],"rotationMatrix":[-0.999825119972229,0.01262218691408634,-0.0137935308739543,-0.01240585930645466,-0.9998003244400024,-0.01565790921449661,-0.01398841571062803,-0.01548405084758997,0.9997822642326355],"scale":1.182196497917175,"type":"jerseybarrier_end"}
{"pos":[-514.8304443359375,-52.64360427856445,99.26996612548828],"rotationMatrix":[-0.9473100900650024,0.3200208842754364,-0.01379352994263172,-0.3201343715190887,-0.9473468065261841,0.006943318992853165,-0.01084524765610695,0.01099325902760029,0.9998807311058044],"scale":1.178357243537903,"type":"jerseybarrier_end"}
{"pos":[-99.8665771484375,358.0865173339844,101.4071426391602],"rotationMatrix":[0.153352677822113,-0.9879663586616516,0.02013833820819855,0.9881630539894104,0.1534043550491333,0.001038814894855022,-0.004115624353289604,0.01974065601825714,0.9997966885566711],"scale":1.50000011920929,"type":"jerseybarrier_end"}
{"pos":[-116.0597610473633,376.7695007324219,101.7963714599609],"rotationMatrix":[0.1262726783752441,-0.9917911887168884,0.02013833820819855,0.9919891953468323,0.1263189911842346,0.001038815826177597,-0.003574143163859844,0.01984583958983421,0.9997966885566711],"scale":1.50000011920929,"type":"jerseybarrier_end"}
{"pos":[-632.6060791015625,-331.0252075195313,113.6501617431641],"rotationMatrix":[-0.6664276123046875,0.7455695271492004,-0.0004807114601135254,-0.7446971535682678,-0.6656787395477295,-0.04793660715222359,-0.03606007248163223,-0.03158829733729362,0.9988502860069275],"scale":1.50000011920929,"type":"jerseybarrier_end"}
{"pos":[-619.561279296875,-218.1886596679688,105.7130279541016],"rotationMatrix":[-0.7208652496337891,0.6929173469543457,-0.01479418203234673,-0.6928220987319946,-0.7210146188735962,-0.01163950562477112,-0.01873203739523888,0.001859222073107958,0.9998227953910828],"scale":1.628466367721558,"type":"jerseybarrier_end"}
{"pos":[157.8765869140625,570.4656372070313,100.3069458007813],"rotationMatrix":[-0.7705851793289185,0.6370638608932495,0.01865457557141781,-0.6370543241500854,-0.7707849740982056,0.007218384649604559,0.01897724159061909,-0.006321599241346121,0.999799907207489],"scale":1.000000715255737,"type":"jerseybarrier_end"}
{"pos":[185.6214904785156,626.9913330078125,100.1921768188477],"rotationMatrix":[0.976108729839325,-0.2172824889421463,0.0001529836736153811,0.217280849814415,0.976103663444519,0.003265836741775274,-0.0008589370409026742,-0.003154571633785963,0.9999946355819702],"scale":1.000000715255737,"type":"jerseybarrier_end"}
{"pos":[189.565185546875,657.0073852539063,100.3876724243164],"rotationMatrix":[-0.9958851337432861,0.09061241894960403,-0.001527723507024348,-0.0905943438410759,-0.9958441257476807,-0.009345737285912037,-0.002368214074522257,-0.009168877266347408,0.9999551773071289],"scale":1.000000715255737,"type":"jerseybarrier_end"}
{"pos":[-933.5562744140625,-457.6915283203125,99.39598083496094],"rotationMatrix":[-0.548290491104126,0.8339767456054688,0.0621306449174881,-0.8358292579650879,-0.5489355325698853,-0.007687853649258614,0.02769423276185989,-0.05614578723907471,0.9980384111404419],"scale":1.200000047683716,"type":"jerseybarrier_end"}
{"pos":[-876.6497802734375,-480.3516845703125,103.6223907470703],"rotationMatrix":[-0.7009841203689575,0.7126734256744385,-0.02679437771439552,-0.713100790977478,-0.7009633779525757,0.01173321530222893,-0.01041992474347353,0.0273318886756897,0.9995720982551575],"scale":1.200000047683716,"type":"jerseybarrier_end"}
{"pos":[-996.274658203125,-488.518798828125,99.19279479980469],"rotationMatrix":[0.6902053356170654,-0.7218168973922729,-0.05096142739057541,0.7233296632766724,0.6901940703392029,0.02064815163612366,0.02026909403502941,-0.05111337453126907,0.9984871745109558],"scale":1,"type":"jerseybarrier_end"}
{"pos":[-930.8809814453125,-544.1746215820313,104.8941116333008],"rotationMatrix":[0.4916334748268127,-0.8705085515975952,0.02261586487293243,0.8707910776138306,0.4915932416915894,-0.007690815255045891,-0.004422887228429317,0.02347475476562977,0.9997146725654602],"scale":1,"type":"jerseybarrier_end"}
{"pos":[940.3597412109375,-656.37158203125,166.0382232666016],"rotationMatrix":[-0.9434071779251099,-0.3266907632350922,-0.0570603534579277,0.3272105157375336,-0.9449514150619507,0.0002480298280715942,-0.05400028824806213,-0.01843675412237644,0.9983707070350647],"scale":1,"type":"jerseybarrier_end"}
{"pos":[935.3128662109375,-509.8247375488281,163.4192504882813],"rotationMatrix":[0.9818395376205444,-0.1811825931072235,0.05624974146485329,0.1834312677383423,0.9823077321052551,-0.03774261102080345,-0.04841625317931175,0.0473751462996006,0.9977030754089355],"scale":1,"type":"jerseybarrier_end"}
{"pos":[-210.318359375,366.0036315917969,102.0719299316406],"rotationMatrix":[-0.1897447109222412,0.9816268682479858,0.0201383363455534,-0.9818215370178223,-0.1898036003112793,0.001038814894855022,0.004842057824134827,-0.01957514137029648,0.9997966885566711],"scale":1.50000011920929,"type":"jerseybarrier_end"}
{"pos":[-229.4658966064453,343.4290161132813,101.6989822387695],"rotationMatrix":[0.3064570426940918,-0.951621413230896,0.0223779734224081,0.951884388923645,0.3063810467720032,-0.006833852268755436,-0.0003529470413923264,0.02339552715420723,0.9997262358665466],"scale":1.50000011920929,"type":"jerseybarrier_end"}
{"pos":[317.2709045410156,630.9591064453125,116.1775665283203],"rotationMatrix":[0.5994075536727905,-0.8003864884376526,-0.009595632553100586,0.8003936409950256,0.5994612574577332,-0.004029841627925634,0.008977640420198441,-0.005264765117317438,0.9999458193778992],"scale":1,"type":"jerseybarrier_end"}
{"pos":[784.0869140625,833.0811767578125,119.9428329467773],"rotationMatrix":[0.1694803237915039,-0.9855162501335144,-0.005850451067090034,0.98326176404953,0.1686837673187256,0.0688641369342804,-0.06687984615564346,-0.01742364093661308,0.9976089000701904],"scale":1,"type":"jerseybarrier_end"}
{"pos":[320.6881408691406,573.2273559570313,117.1273040771484],"rotationMatrix":[0.6140856742858887,-0.7892394065856934,0,0.7892394065856934,0.6140856742858887,0,0,0,1],"scale":1,"type":"jerseybarrier_end"}
{"pos":[250.7265625,519.155517578125,117.1275863647461],"rotationMatrix":[-0.6229432821273804,0.7822669744491577,0,-0.7822669744491577,-0.6229432821273804,0,0,0,1],"scale":1,"type":"jerseybarrier_end"}
{"pos":[193.0948638916016,-689.8550415039063,139.9105987548828],"rotationMatrix":[0.9066280722618103,0.4218220114707947,-0.009577333927154541,-0.4193809032440186,0.8984252214431763,-0.1301992386579514,-0.04631638154387474,0.1220588311553001,0.9914416074752808],"scale":1,"type":"jerseybarrier_end"}
{"pos":[186.3917694091797,-746.7259521484375,143.3804321289063],"rotationMatrix":[-0.7109413146972656,0.6997408270835876,-0.07017788290977478,-0.7026947140693665,-0.7108017206192017,0.03131763637065887,-0.02796833589673042,0.07157863676548004,0.9970427751541138],"scale":1,"type":"jerseybarrier_end"}
{"pos":[545.3258056640625,-919.3030395507813,152.6403350830078],"rotationMatrix":[0.9121446013450623,0.4049493670463562,0.06331103295087814,-0.405289351940155,0.9141538739204407,-0.007953321561217308,-0.06109671667218208,-0.01840470917522907,0.9979621767997742],"scale":1.500000238418579,"type":"jerseybarrier_end"}
{"pos":[575.8677978515625,-964.1240844726563,152.6870422363281],"rotationMatrix":[-0.9044946432113647,-0.4222165048122406,0.06018967926502228,0.4228493869304657,-0.9061968326568604,-0.002429923042654991,0.05556964129209518,0.02325331419706345,0.9981840252876282],"scale":1.500000238418579,"type":"jerseybarrier_end"}
{"pos":[-489.0217590332031,55.16852951049805,99.56712341308594],"rotationMatrix":[0.9784506559371948,-0.2060194313526154,-0.01379352901130915,0.206127792596817,0.9785004258155823,0.006943319924175739,0.01206651609390974,-0.009636926464736462,0.9998807311058044],"scale":1.500000238418579,"type":"jerseybarrier_end"}
{"pos":[-468.544921875,61.65115356445313,99.37812042236328],"rotationMatrix":[0.98480623960495,-0.1731081902980804,-0.01379352901130915,0.1732148230075836,0.9848595857620239,0.006943328306078911,0.01238274294883013,-0.009227076545357704,0.9998807311058044],"scale":1.500000238418579,"type":"jerseybarrier_end"}
{"pos":[-467.8124084472656,77.34302520751953,99.4969482421875],"rotationMatrix":[0.9698916673660278,-0.2433172017335892,-0.01033922657370567,0.2433884292840958,0.9699085354804993,0.006283751223236322,0.008499160408973694,-0.008611005730926991,0.9999268054962158],"scale":1.500000238418579,"type":"jerseybarrier_end"}
{"pos":[175.1840972900391,731.815673828125,101.160041809082],"rotationMatrix":[0.9995670318603516,0.02505949325859547,0.01541831903159618,-0.02526702173054218,0.9995906949043274,0.01341568026691675,-0.01507581770420074,-0.01379944663494825,0.999791145324707],"scale":1.000000715255737,"type":"jerseybarrier_end"}
{"pos":[300.0579223632813,629.0471801757813,115.2587356567383],"rotationMatrix":[0.2555037140846252,-0.9640207290649414,0.07336101680994034,0.9631190299987793,0.2604173421859741,0.06770937889814377,-0.08437772840261459,0.05335539579391479,0.9950042963027954],"scale":1.500000238418579,"type":"jerseybarrier_end"}
{"pos":[895.6409301757813,942.2632446289063,126.6668853759766],"rotationMatrix":[0.8060446977615356,0.5876399278640747,0.07050638645887375,-0.5850036144256592,0.8091142177581787,-0.05572206526994705,-0.08979222923517227,0.003667986020445824,0.9959537386894226],"scale":1.500000238418579,"type":"jerseybarrier_end"}
{"pos":[954.4944458007813,876.07275390625,132.8491668701172],"rotationMatrix":[-0.9029155969619751,-0.4240968823432922,-0.06989398598670959,0.4210344552993774,-0.9053982496261597,0.05462523549795151,-0.08644828200340271,0.01989420503377914,0.9960576891899109],"scale":1.500000238418579,"type":"jerseybarrier_end"}
{"pos":[-82.61272430419922,472.6841430664063,74.6512451171875],"rotationMatrix":[-0.03985285758972168,-0.9991958141326904,-0.004430789966136217,0.9992052316665649,-0.0398486852645874,-0.00103304220829159,0.0008556506363674998,-0.004468438215553761,0.9999896287918091],"scale":1.500000238418579,"type":"jerseybarrier_end"}
{"pos":[-155.1407623291016,477.076171875,74.79969787597656],"rotationMatrix":[0.4399674534797668,0.8980028033256531,-0.004430789966136217,-0.898013174533844,0.4399674534797668,-0.00103304348886013,0.00102172780316323,0.004433413036167622,0.9999896287918091],"scale":1.500000238418579,"type":"jerseybarrier_end"}
{"pos":[-146.6493377685547,494.6439819335938,74.72071838378906],"rotationMatrix":[0.4399674534797668,0.8980028033256531,-0.004430789966136217,-0.898013174533844,0.4399674534797668,-0.00103304348886013,0.00102172780316323,0.004433413036167622,0.9999896287918091],"scale":1.500000238418579,"type":"jerseybarrier_end"}
{"pos":[-356.6973266601563,208.89208984375,104.5998306274414],"rotationMatrix":[-0.8416808843612671,0.5373868346214294,-0.05280967056751251,-0.5306826233863831,-0.8412963151931763,-0.102939561009407,-0.0997469425201416,-0.05861708149313927,0.9932847619056702],"scale":1.500000238418579,"type":"jerseybarrier_end"}
{"pos":[-623.94873046875,-302.1819152832031,106.131103515625],"rotationMatrix":[-0.7175955772399902,0.6964592337608337,0.001095679588615894,-0.6964593529701233,-0.7175915241241455,-0.002620557555928826,-0.00103886122815311,-0.002643596613779664,0.9999959468841553],"scale":1.00000011920929,"type":"jerseybarrier_end"}
{"pos":[-624.5617065429688,-340.1982727050781,113.6598587036133],"rotationMatrix":[-0.6664276123046875,0.7455695271492004,-0.0004807114601135254,-0.7446971535682678,-0.6656787395477295,-0.04793660715222359,-0.03606007248163223,-0.03158829733729362,0.9988502860069275],"scale":1.50000011920929,"type":"jerseybarrier_end"}
{"pos":[-57.00004577636719,-900.5670166015625,132.5286560058594],"rotationMatrix":[-0.8463140726089478,0.5310547351837158,-0.0416346862912178,-0.5315021276473999,-0.8470569849014282,-0.0003803307190537453,-0.03546892106533051,0.02180704474449158,0.9991328120231628],"scale":1.50000011920929,"type":"jerseybarrier_end"}
{"pos":[-18.36853790283203,-815.3700561523438,132.2221069335938],"rotationMatrix":[0.747657299041748,-0.6640591621398926,-0.00584014318883419,0.6640797853469849,0.7475883960723877,0.01047090440988541,-0.00258727534674108,-0.01170696876943111,0.9999281167984009],"scale":1.50000011920929,"type":"jerseybarrier_end"}
{"pos":[878.5194091796875,-430.7636413574219,161.9747161865234],"rotationMatrix":[-0.8427772521972656,-0.5362380743026733,0.04664221405982971,0.5367770195007324,-0.8437234163284302,-0.001140056177973747,0.0399644672870636,0.02407565526664257,0.9989110231399536],"scale":1,"type":"jerseybarrier_end"}
{"pos":[764.246337890625,-420.4555358886719,162.8453063964844],"rotationMatrix":[-0.7728152275085449,0.6345730423927307,-0.008583443239331245,-0.6344740986824036,-0.772854208946228,-0.01179153192788363,-0.01411633752286434,-0.003666703589260578,0.9998936653137207],"scale":1,"type":"jerseybarrier_end"}
{"pos":[-457.8267517089844,-139.9659881591797,98.09365844726563],"rotationMatrix":[0.9991888403892517,0.03792497888207436,-0.01353916898369789,-0.0378875695168972,0.9992774724960327,0.003009111620485783,0.01364350691437721,-0.002493704669177532,0.9999037981033325],"scale":1,"type":"jerseybarrier_end"}
{"pos":[-347.5694885253906,-435.9439392089844,104.8352584838867],"rotationMatrix":[-0.8320702314376831,-0.5535732507705688,0.03486984968185425,0.5546078681945801,-0.8312747478485107,0.03731439262628555,0.008330179378390312,0.05038728564977646,0.9986950159072876],"scale":1,"type":"jerseybarrier_end"}
{"pos":[-356.4076538085938,-492.6070556640625,108.1837005615234],"rotationMatrix":[-0.8450471162796021,-0.5346567034721375,-0.006126340478658676,0.534096896648407,-0.8445917367935181,0.03748644888401031,-0.02521663904190063,0.02840575575828552,0.9992783665657043],"scale":1,"type":"jerseybarrier_end"}
{"pos":[940.305908203125,539.5916748046875,143.6546020507813],"rotationMatrix":[0.9735668897628784,-0.2177442461252213,-0.0689564123749733,0.2184431105852127,0.9758460521697998,0.002670244313776493,0.06670940667390823,-0.01766271516680717,0.9976161122322083],"scale":1,"type":"jerseybarrier_end"}
{"pos":[995.2781982421875,231.8851470947266,153.9480590820313],"rotationMatrix":[-0.9978171586990356,-0.06603581458330154,0.0003976041043642908,0.0660361722111702,-0.997816801071167,0.0009627752588130534,0.000333158386638388,0.0009869299829006195,0.999999463558197],"scale":1,"type":"jerseybarrier_end"}
{"pos":[918.40576171875,507.3217163085938,145.1163482666016],"rotationMatrix":[0.9968725442886353,-0.02650359645485878,-0.07444911450147629,0.02523185312747955,0.9995200634002686,-0.01797114871442318,0.07488968223333359,0.01603645645081997,0.9970628619194031],"scale":1,"type":"jerseybarrier_end"}
{"pos":[953.166015625,354.9908752441406,151.650390625],"rotationMatrix":[-0.9597542285919189,-0.2786898612976074,0.03469472378492355,0.2799371480941772,-0.9592409133911133,0.03862696141004562,0.02251565642654896,0.04678472876548767,0.9986512064933777],"scale":1,"type":"jerseybarrier_end"}
