{"pos":[45.00010681152344,31.34271240234375,119.431884765625],"rotationMatrix":[0.5855321884155273,-0.8106491565704346,1.58122219318102e-07,0.8106491565704346,0.5855321884155273,1.359786594434809e-08,-1.036087482475523e-07,1.202196528993227e-07,1],"scale":0.9999998211860657,"type":"jerseybarrier_3m"}
{"pos":[42.54953002929688,29.572021484375,119.4318771362305],"rotationMatrix":[0.5854836702346802,-0.8106842041015625,2.642568119881616e-07,0.8106842041015625,0.5854836702346802,6.787786333006807e-08,-2.097455649163749e-07,1.744874396081286e-07,1],"scale":0.9999998807907104,"type":"jerseybarrier_3m"}
{"pos":[40.09892272949219,27.80142211914063,119.4318771362305],"rotationMatrix":[0.5854474902153015,-0.8107103109359741,3.580369138944661e-07,0.8107103109359741,0.5854474902153015,1.542186112146737e-08,-2.221144654868112e-07,2.81235543297953e-07,1],"scale":0.9999998211860657,"type":"jerseybarrier_3m"}
{"pos":[37.64826965332031,26.03086853027344,119.4318771362305],"rotationMatrix":[0.5854314565658569,-0.8107219338417053,3.308941245450114e-07,0.8107219338417053,0.5854314565658569,6.848832612149636e-08,-2.492408270882152e-07,2.281678916915553e-07,1],"scale":0.9999998211860657,"type":"jerseybarrier_3m"}
{"pos":[35.19760131835938,24.26039123535156,119.4318771362305],"rotationMatrix":[0.5854204297065735,-0.8107299208641052,4.900903149973601e-07,0.8107299208641052,0.5854204297065735,1.499198276633251e-07,-4.084533600234863e-07,3.095646832207422e-07,1],"scale":0.9999998211860657,"type":"jerseybarrier_3m"}
{"pos":[32.74693298339844,22.48989868164063,119.4318771362305],"rotationMatrix":[0.5854117274284363,-0.8107361793518066,4.234526898017066e-07,0.8107361793518066,0.5854117274284363,1.493096988269826e-07,-3.689449670218892e-07,2.559007441504946e-07,1],"scale":0.9999998807907104,"type":"jerseybarrier_3m"}
{"pos":[30.29615783691406,20.71943664550781,119.4318771362305],"rotationMatrix":[0.5854047536849976,-0.8107411861419678,4.234523487411934e-07,0.8107411861419678,0.5854047536849976,1.49310380948009e-07,-3.689430911890668e-07,2.55903216839215e-07,1],"scale":0.9999998211860657,"type":"jerseybarrier_3m"}
{"pos":[27.845458984375,18.94900512695313,119.4318771362305],"rotationMatrix":[0.5853992104530334,-0.8107452392578125,2.111919599201428e-07,0.8107452392578125,0.5853992104530334,4.073336512533388e-08,-1.566559859611516e-07,1.473775768090491e-07,1],"scale":0.9999998807907104,"type":"jerseybarrier_3m"}
{"pos":[25.39469909667969,17.17861938476563,119.4318771362305],"rotationMatrix":[0.5853937864303589,-0.8107491135597229,2.642569825184182e-07,0.8107491135597229,0.5853937864303589,6.787776385408506e-08,-2.097262381539622e-07,1.745109017292634e-07,1],"scale":0.9999998211860657,"type":"jerseybarrier_3m"}
{"pos":[22.94395446777344,15.40818786621094,119.4318771362305],"rotationMatrix":[0.5853893160820007,-0.8107523322105408,2.642569825184182e-07,0.8107523322105408,0.5853893160820007,6.787774964323035e-08,-2.097252718158416e-07,1.745120528084954e-07,1],"scale":0.9999998211860657,"type":"jerseybarrier_3m"}
{"pos":[20.49320983886719,13.6378173828125,119.4318771362305],"rotationMatrix":[0.5853854417800903,-0.8107551336288452,2.642569825184182e-07,0.8107551336288452,0.5853854417800903,6.787774253780299e-08,-2.097244333754134e-07,1.745130475683254e-07,1],"scale":0.9999998211860657,"type":"jerseybarrier_3m"}
{"pos":[18.04243469238281,11.86741638183594,119.4318771362305],"rotationMatrix":[0.5853819847106934,-0.8107576370239258,1.828222053745776e-07,0.8107576370239258,0.5853819847106934,2.270719789976283e-07,-2.911211538503267e-07,1.530063542531934e-08,1],"scale":0.9999998807907104,"type":"jerseybarrier_3m"}
{"pos":[15.5916748046875,10.09707641601563,119.4318771362305],"rotationMatrix":[0.5853792428970337,-0.8107596039772034,2.642569825184182e-07,0.8107596039772034,0.5853792428970337,6.787773543237563e-08,-2.097230833442154e-07,1.745146533949082e-07,1],"scale":0.9999998211860657,"type":"jerseybarrier_3m"}
{"pos":[13.14091491699219,8.326690673828125,119.4318771362305],"rotationMatrix":[0.5853767395019531,-0.8107613921165466,4.234509276557219e-07,0.8107613921165466,0.5853767395019531,1.493130525886954e-07,-3.689355878577771e-07,2.55913249702644e-07,1],"scale":0.9999998211860657,"type":"jerseybarrier_3m"}
{"pos":[10.69013977050781,6.556350708007813,119.4318771362305],"rotationMatrix":[0.5853738784790039,-0.8107634782791138,2.901764446505695e-07,0.8107634782791138,0.5853738784790039,1.480875653214753e-07,-2.899257083299744e-07,1.485778966525686e-07,1],"scale":0.9999998807907104,"type":"jerseybarrier_3m"}
{"pos":[8.239303588867188,4.78594970703125,119.4318771362305],"rotationMatrix":[0.5853714942932129,-0.8107651472091675,2.901763025420223e-07,0.8107651472091675,0.5853714942932129,1.4808757953233e-07,-2.899252251609141e-07,1.485785929844496e-07,1],"scale":0.9999998211860657,"type":"jerseybarrier_3m"}
{"pos":[5.78851318359375,3.015640258789063,119.4318771362305],"rotationMatrix":[0.5853692293167114,-0.8107668161392212,4.234505581734993e-07,0.8107668161392212,0.5853692293167114,1.493137773422859e-07,-3.689335699164076e-07,2.559159781867493e-07,1],"scale":0.9999998211860657,"type":"jerseybarrier_3m"}
{"pos":[3.33770751953125,1.24530029296875,119.4318771362305],"rotationMatrix":[0.5853670835494995,-0.8107683658599854,3.173215077367786e-07,0.8107683658599854,0.5853670835494995,9.502316089537999e-08,-2.627913318065112e-07,2.016508346969204e-07,1],"scale":0.9999998211860657,"type":"jerseybarrier_3m"}
{"pos":[0.88690185546875,-0.5250701904296875,119.4318771362305],"rotationMatrix":[0.5853651762008667,-0.8107697367668152,2.642570393618371e-07,0.8107697367668152,0.5853651762008667,6.787773543237563e-08,-2.097200706430158e-07,1.745183482171342e-07,1],"scale":0.9999998211860657,"type":"jerseybarrier_3m"}
{"pos":[-1.56390380859375,-2.295364379882813,119.4318771362305],"rotationMatrix":[0.5853632092475891,-0.8107711672782898,3.173215077367786e-07,0.8107711672782898,0.5853632092475891,9.50233101093545e-08,-2.627904791552282e-07,2.016519857761523e-07,1],"scale":0.9999998211860657,"type":"jerseybarrier_3m"}
{"pos":[-4.014739990234375,-4.065704345703125,119.4318771362305],"rotationMatrix":[0.5853614807128906,-0.8107724189758301,2.642570393618371e-07,0.8107724189758301,0.5853614807128906,6.787772122152091e-08,-2.097192748351517e-07,1.745193287661095e-07,1],"scale":0.9999998211860657,"type":"jerseybarrier_3m"}
{"pos":[-6.465591430664063,-5.836029052734375,119.4318771362305],"rotationMatrix":[0.5853597521781921,-0.8107737302780151,3.173214224716503e-07,0.8107737302780151,0.5853597521781921,9.502336695277336e-08,-2.627896549256548e-07,2.016530089576918e-07,1],"scale":0.9999998807907104,"type":"jerseybarrier_3m"}
{"pos":[-8.916397094726563,-7.606338500976563,119.4318771362305],"rotationMatrix":[0.5853578448295593,-0.8107750415802002,2.642570677835465e-07,0.8107750415802002,0.5853578448295593,6.78777070106662e-08,-2.097184932381424e-07,1.745202808933755e-07,1],"scale":0.9999998807907104,"type":"jerseybarrier_3m"}
{"pos":[-11.36720275878906,-9.376632690429688,119.4318771362305],"rotationMatrix":[0.5853560566902161,-0.8107763528823853,2.642570109401277e-07,0.8107763528823853,0.5853560566902161,6.787769279981148e-08,-2.097180669125009e-07,1.745207214298716e-07,1],"scale":0.9999998807907104,"type":"jerseybarrier_3m"}
{"pos":[-13.81803894042969,-11.14694213867188,119.4318771362305],"rotationMatrix":[0.5853543281555176,-0.8107776045799255,2.642570393618371e-07,0.8107776045799255,0.5853543281555176,6.78777070106662e-08,-2.097177258519878e-07,1.745211619663678e-07,1],"scale":0.9999998807907104,"type":"jerseybarrier_3m"}
{"pos":[-16.26884460449219,-12.91722106933594,119.4318771362305],"rotationMatrix":[0.5853525400161743,-0.8107788562774658,2.111928125714257e-07,0.8107788562774658,0.5853525400161743,4.073180903674256e-08,-1.566467489055867e-07,1.47388206528376e-07,1],"scale":0.9999998211860657,"type":"jerseybarrier_3m"}
{"pos":[-18.7197265625,-14.6875,119.4318771362305],"rotationMatrix":[0.5853508710861206,-0.8107801079750061,3.049760266549129e-07,0.8107801079750061,0.5853508710861206,-1.171864028037817e-08,-1.690167437118362e-07,2.54127996868192e-07,1],"scale":0.9999998807907104,"type":"jerseybarrier_3m"}
{"pos":[-21.17054748535156,-16.457763671875,119.4318771362305],"rotationMatrix":[0.5853490829467773,-0.8107813596725464,3.0497616876346e-07,0.8107813596725464,0.5853490829467773,-1.171861185866874e-08,-1.690162889644853e-07,2.541284516155429e-07,1],"scale":0.9999998807907104,"type":"jerseybarrier_3m"}
{"pos":[-23.62139892578125,-18.22807312011719,119.4318771362305],"rotationMatrix":[0.585347592830658,-0.8107824325561523,2.642570677835465e-07,0.8107824325561523,0.585347592830658,6.787767858895677e-08,-2.097162621339521e-07,1.745229525340619e-07,1],"scale":0.9999998211860657,"type":"jerseybarrier_3m"}
{"pos":[-26.07223510742188,-19.99833679199219,119.4318771362305],"rotationMatrix":[0.585345983505249,-0.8107836246490479,3.703853224124032e-07,0.8107836246490479,0.585345983505249,1.221699363895823e-07,-3.158569654715393e-07,2.287906539777396e-07,1],"scale":0.9999998807907104,"type":"jerseybarrier_3m"}
{"pos":[-28.52311706542969,-21.76860046386719,119.431884765625],"rotationMatrix":[0.5853444933891296,-0.8107846975326538,2.642570677835465e-07,0.8107846975326538,0.5853444933891296,6.787769279981148e-08,-2.097156084346352e-07,1.745237625527807e-07,1],"scale":0.9999998807907104,"type":"jerseybarrier_3m"}
{"pos":[-30.97395324707031,-23.53887939453125,119.431884765625],"rotationMatrix":[0.5853428840637207,-0.8107858896255493,1.05064813737954e-07,0.8107858896255493,0.5853428840637207,-1.356096746008006e-08,-5.050390328165122e-08,9.312287829743582e-08,1],"scale":0.9999998807907104,"type":"jerseybarrier_3m"}
{"pos":[-33.42483520507813,-25.30914306640625,119.4318771362305],"rotationMatrix":[0.5853413939476013,-0.8107869029045105,1.297542127076667e-07,0.8107869029045105,0.5853413939476013,1.999236189931253e-07,-2.380459562800752e-07,-1.182053921411352e-08,1],"scale":0.9999998807907104,"type":"jerseybarrier_3m"}
{"pos":[-35.87570190429688,-27.07937622070313,119.4318771362305],"rotationMatrix":[0.5853397846221924,-0.810788094997406,4.954380017352378e-08,0.810788094997406,0.5853397846221924,2.258411484490352e-07,-2.121092705920091e-07,-9.202429396282241e-08,1],"scale":0.9999998211860657,"type":"jerseybarrier_3m"}
{"pos":[-38.32650756835938,-28.84959411621094,119.4318771362305],"rotationMatrix":[0.5853378772735596,-0.8107894659042358,1.42098372180044e-07,0.8107894659042358,0.5853378772735596,3.066656972805504e-07,-3.318168921850884e-07,-6.429119991935295e-08,1],"scale":0.9999998807907104,"type":"jerseybarrier_3m"}
{"pos":[-40.77738952636719,-30.61985778808594,119.4318771362305],"rotationMatrix":[0.5853363275527954,-0.8107905983924866,2.506838825411251e-07,0.8107905983924866,0.5853363275527954,9.440965698104264e-08,-2.232808640201256e-07,1.479907183465912e-07,1],"scale":0.9999997615814209,"type":"jerseybarrier_3m"}
{"pos":[-43.22824096679688,-32.39009094238281,119.4318771362305],"rotationMatrix":[0.5853342413902283,-0.8107921481132507,2.642570962052559e-07,0.8107921481132507,0.5853342413902283,6.787769279981148e-08,-2.097134341738638e-07,1.745264341934671e-07,1],"scale":0.9999997615814209,"type":"jerseybarrier_3m"}
{"pos":[-45.67916870117188,-34.16032409667969,119.4318771362305],"rotationMatrix":[0.5853325128555298,-0.8107933402061462,2.642570962052559e-07,0.8107933402061462,0.5853325128555298,6.787766437810205e-08,-2.09713022059077e-07,1.74526888940818e-07,1],"scale":0.9999997615814209,"type":"jerseybarrier_3m"}
{"pos":[-48.13002014160156,-35.93055725097656,119.431884765625],"rotationMatrix":[0.5853303670883179,-0.8107948899269104,6.43455564386386e-08,0.8107948899269104,0.5853303670883179,6.603357860512915e-08,-9.120309130139503e-08,1.351959078021991e-08,1],"scale":0.9999998211860657,"type":"jerseybarrier_3m"}
{"pos":[-50.58091735839844,-37.70079040527344,119.431884765625],"rotationMatrix":[0.5853288173675537,-0.8107960224151611,2.642570962052559e-07,0.8107960224151611,0.5853288173675537,6.787766437810205e-08,-2.09712226251213e-07,1.745278552789387e-07,1],"scale":0.9999998211860657,"type":"jerseybarrier_3m"}
{"pos":[-53.03181457519531,-39.47099304199219,119.4318771362305],"rotationMatrix":[0.5853272676467896,-0.8107971549034119,1.050656663892369e-07,0.8107971549034119,0.5853272676467896,-1.356255907580817e-08,-5.050131335337937e-08,9.31254788838487e-08,1],"scale":0.9999998807907104,"type":"jerseybarrier_3m"}
{"pos":[-55.48268127441406,-41.2412109375,119.4318771362305],"rotationMatrix":[0.5853253602981567,-0.8107985258102417,1.050657445489378e-07,0.8107985258102417,0.5853253602981567,-1.356270828978268e-08,-5.050102203085771e-08,9.312574889008829e-08,1],"scale":0.9999998211860657,"type":"jerseybarrier_3m"}
{"pos":[-57.93359375,-43.01141357421875,119.4318771362305],"rotationMatrix":[0.5853238105773926,-0.8107995986938477,2.642570962052559e-07,0.8107995986938477,0.5853238105773926,6.787766437810205e-08,-2.097111462262546e-07,1.745291626775725e-07,1],"scale":0.9999998211860657,"type":"jerseybarrier_3m"}
{"pos":[-60.38449096679688,-44.7816162109375,119.4318771362305],"rotationMatrix":[0.585321843624115,-0.8108010292053223,1.988500173411012e-07,0.8108010292053223,0.585321843624115,-6.601177204856867e-08,-6.286884968176309e-08,1.998659229229816e-07,1],"scale":0.9999998807907104,"type":"jerseybarrier_3m"}
{"pos":[-62.83540344238281,-46.55181884765625,119.4318771362305],"rotationMatrix":[0.5853197574615479,-0.8108025789260864,2.111934236381785e-07,0.8108025789260864,0.5853197574615479,4.073065440479695e-08,-1.56640197701563e-07,1.473957098596657e-07,1],"scale":0.9999998807907104,"type":"jerseybarrier_3m"}
{"pos":[-65.28631591796875,-48.32196044921875,119.4318771362305],"rotationMatrix":[0.5853176116943359,-0.8108040690422058,1.581298079145199e-07,0.8108040690422058,0.5853176116943359,1.358355916636356e-08,-1.035697607676411e-07,1.20261603342442e-07,1],"scale":0.9999998211860657,"type":"jerseybarrier_3m"}
{"pos":[-67.73722839355469,-50.09217834472656,119.4318771362305],"rotationMatrix":[0.585315465927124,-0.81080561876297,2.642571530486748e-07,0.81080561876297,0.585315465927124,6.787767858895677e-08,-2.097094125019794e-07,1.745313369383439e-07,1],"scale":0.9999998807907104,"type":"jerseybarrier_3m"}
{"pos":[-70.18814086914063,-51.86235046386719,119.4318771362305],"rotationMatrix":[0.5853132009506226,-0.8108072876930237,2.642570962052559e-07,0.8108072876930237,0.5853132009506226,6.787766437810205e-08,-2.097088582786455e-07,1.745318911616778e-07,1],"scale":0.9999998807907104,"type":"jerseybarrier_3m"}
{"pos":[-72.63906860351563,-53.63250732421875,119.4318771362305],"rotationMatrix":[0.5853111743927002,-0.8108087182044983,6.434562749291217e-08,0.8108087182044983,0.5853111743927002,6.603120539239171e-08,-9.120088861891418e-08,1.352319145553338e-08,1],"scale":0.9999998211860657,"type":"jerseybarrier_3m"}
{"pos":[-75.08999633789063,-55.40266418457031,119.4318771362305],"rotationMatrix":[0.5853089094161987,-0.8108103275299072,2.642571246269654e-07,0.8108103275299072,0.5853089094161987,6.787763595639262e-08,-2.09707934573089e-07,1.74533028030055e-07,1],"scale":0.9999998211860657,"type":"jerseybarrier_3m"}
{"pos":[-77.54095458984375,-57.17283630371094,119.4318771362305],"rotationMatrix":[0.5853066444396973,-0.8108120560646057,2.642571530486748e-07,0.8108120560646057,0.5853066444396973,6.787760753468319e-08,-2.09707437193174e-07,1.745336533076625e-07,1],"scale":0.9999998807907104,"type":"jerseybarrier_3m"}
{"pos":[-79.99185180664063,-58.94296264648438,119.4318771362305],"rotationMatrix":[0.5853039026260376,-0.8108140230178833,1.963884415090433e-07,0.8108140230178833,0.5853039026260376,2.005362631507523e-07,-2.775445295810641e-07,4.185982049875747e-08,1],"scale":0.9999998807907104,"type":"jerseybarrier_3m"}
{"pos":[-82.44279479980469,-60.71310424804688,119.4318771362305],"rotationMatrix":[0.5853011608123779,-0.8108159899711609,3.049785846087616e-07,0.8108159899711609,0.5853011608123779,-1.171743235772738e-08,-1.69003627092934e-07,2.541397066124773e-07,1],"scale":0.9999998211860657,"type":"jerseybarrier_3m"}
{"pos":[-84.893798828125,-62.48326110839844,119.4318771362305],"rotationMatrix":[0.5852982997894287,-0.8108180165290833,2.642571530486748e-07,0.8108180165290833,0.5852982997894287,6.787763595639262e-08,-2.097056608363346e-07,1.745358133575792e-07,1],"scale":0.9999998211860657,"type":"jerseybarrier_3m"}
{"pos":[-87.34469604492188,-64.25335693359375,119.4318771362305],"rotationMatrix":[0.5852949619293213,-0.810820460319519,3.173204561335297e-07,0.810820460319519,0.5852949619293213,9.502544884298914e-08,-2.627746482630755e-07,2.016719804487366e-07,1],"scale":0.9999998211860657,"type":"jerseybarrier_3m"}
{"pos":[-89.79568481445313,-66.02348327636719,119.4318771362305],"rotationMatrix":[0.585291862487793,-0.8108226656913757,2.642572098920937e-07,0.8108226656913757,0.585291862487793,6.787762174553791e-08,-2.097043108051366e-07,1.745375044492903e-07,1],"scale":0.9999998807907104,"type":"jerseybarrier_3m"}
{"pos":[-92.24667358398438,-67.79359436035156,119.4318771362305],"rotationMatrix":[0.5852890014648438,-0.8108246922492981,1.963872335863925e-07,0.8108246922492981,0.5852890014648438,2.00535581029726e-07,-2.775424832179851e-07,4.186436797226634e-08,1],"scale":0.9999998211860657,"type":"jerseybarrier_3m"}
{"pos":[-94.69766235351563,-69.56369018554688,119.4318771362305],"rotationMatrix":[0.5852856636047363,-0.8108271360397339,1.568978689192591e-07,0.8108271360397339,0.5852856636047363,1.468557542239068e-07,-2.109047159137845e-07,4.12644709513188e-08,1],"scale":0.9999998807907104,"type":"jerseybarrier_3m"}
{"pos":[-97.14862060546875,-71.33377075195313,119.4318771362305],"rotationMatrix":[0.5852820873260498,-0.810829758644104,1.568977268107119e-07,0.810829758644104,0.5852820873260498,1.468555268502314e-07,-2.109042611664336e-07,4.126543373672575e-08,1],"scale":0.9999998211860657,"type":"jerseybarrier_3m"}
{"pos":[-99.599609375,-73.10385131835938,119.4318771362305],"rotationMatrix":[0.585277795791626,-0.8108328580856323,2.642572098920937e-07,0.8108328580856323,0.585277795791626,6.787759332382848e-08,-2.097012554713729e-07,1.745411708498068e-07,1],"scale":0.9999998807907104,"type":"jerseybarrier_3m"}
{"pos":[-102.0506134033203,-74.8739013671875,119.4318771362305],"rotationMatrix":[0.5852731466293335,-0.8108361959457397,2.642572098920937e-07,0.8108361959457397,0.5852731466293335,6.787759332382848e-08,-2.097002607115428e-07,1.745423645616029e-07,1],"scale":0.9999998807907104,"type":"jerseybarrier_3m"}
{"pos":[-104.5016326904297,-76.64395141601563,119.4318771362305],"rotationMatrix":[0.585267961025238,-0.8108399510383606,2.642571814703842e-07,0.8108399510383606,0.585267961025238,6.787757200754641e-08,-2.096991096323109e-07,1.745437145928008e-07,1],"scale":0.9999998807907104,"type":"jerseybarrier_3m"}
{"pos":[-106.9526824951172,-78.41397094726563,119.4318771362305],"rotationMatrix":[0.5852622985839844,-0.8108440637588501,2.642572383138031e-07,0.8108440637588501,0.5852622985839844,6.787759332382848e-08,-2.096979301313695e-07,1.745452067325459e-07,1],"scale":0.9999998211860657,"type":"jerseybarrier_3m"}
{"pos":[-109.4037017822266,-80.1839599609375,119.4318771362305],"rotationMatrix":[0.5852564573287964,-0.8108481764793396,2.111946173499746e-07,0.8108481764793396,0.5852564573287964,4.072854764558542e-08,-1.566276921494136e-07,1.474101338772016e-07,1],"scale":0.9999998211860657,"type":"jerseybarrier_3m"}
{"pos":[-111.8547515869141,-81.95396423339844,119.4318771362305],"rotationMatrix":[0.5852504968643188,-0.8108525276184082,1.581321953381121e-07,0.8108525276184082,0.5852504968643188,1.357908985255563e-08,-1.035575891705776e-07,1.202747341721988e-07,1],"scale":0.9999997615814209,"type":"jerseybarrier_3m"}
{"pos":[-114.3057861328125,-83.72393798828125,119.4318771362305],"rotationMatrix":[0.5852433443069458,-0.8108577132225037,3.049814836231235e-07,0.8108577132225037,0.5852433443069458,-1.171606811567472e-08,-1.689883220024058e-07,2.541533490330039e-07,1],"scale":0.9999998211860657,"type":"jerseybarrier_3m"}
{"pos":[-116.7569122314453,-85.49388885498047,119.4318771362305],"rotationMatrix":[0.5852360725402832,-0.8108630180358887,3.568070212622843e-07,0.8108630180358887,0.5852360725402832,1.487081533468881e-07,-3.293982615559798e-07,2.022922274136363e-07,1],"scale":0.9999998211860657,"type":"jerseybarrier_3m"}
{"pos":[-119.2079772949219,-87.26380920410156,119.4318771362305],"rotationMatrix":[0.5852263569831848,-0.8108699321746826,1.963822313655328e-07,0.8108699321746826,0.5852263569831848,2.005328809673301e-07,-2.77534155657122e-07,4.188332525245642e-08,1],"scale":0.9999998211860657,"type":"jerseybarrier_3m"}
{"pos":[-121.6591186523438,-89.03370666503906,119.4318771362305],"rotationMatrix":[0.5852159261703491,-0.8108774423599243,2.642573235789314e-07,0.8108774423599243,0.5852159261703491,6.78775222695549e-08,-2.096879399005047e-07,1.745573001699086e-07,1],"scale":0.9999998211860657,"type":"jerseybarrier_3m"}
{"pos":[-124.1102752685547,-90.80358123779297,119.4318771362305],"rotationMatrix":[0.5852039456367493,-0.8108861446380615,1.568940604101954e-07,0.8108861446380615,0.5852039456367493,1.468502546231321e-07,-2.10893858820782e-07,4.128587249851989e-08,1],"scale":0.9999998807907104,"type":"jerseybarrier_3m"}
{"pos":[-126.5614929199219,-92.57341003417969,119.4318771362305],"rotationMatrix":[0.5851891040802002,-0.8108968734741211,2.642573804223503e-07,0.8108968734741211,0.5851891040802002,6.787749384784547e-08,-2.096821845043451e-07,1.745643203321379e-07,1],"scale":0.9999998211860657,"type":"jerseybarrier_3m"}
{"pos":[-129.0126037597656,-94.34319305419922,119.4318771362305],"rotationMatrix":[0.5851724147796631,-0.8109089136123657,3.839557223273005e-07,0.8109089136123657,0.5851724147796631,9.565043512793636e-08,-3.02244103522753e-07,2.553811100369785e-07,1],"scale":0.9999998211860657,"type":"jerseybarrier_3m"}
{"pos":[-131.4638977050781,-96.11287689208984,119.4318771362305],"rotationMatrix":[0.5851482152938843,-0.8109263181686401,4.777450612891698e-07,0.8109263181686401,0.5851482152938843,4.321358915149176e-08,-3.145947005123162e-07,3.621296968958632e-07,1],"scale":0.9999998211860657,"type":"jerseybarrier_3m"}
{"pos":[-133.9152069091797,-97.88249969482422,119.4318771362305],"rotationMatrix":[0.5851185321807861,-0.8109477758407593,2.64257494109188e-07,0.8109477758407593,0.5851185321807861,6.78774227935719e-08,-2.096669931006545e-07,1.745827233889941e-07,1],"scale":0.9999998211860657,"type":"jerseybarrier_3m"}
{"pos":[-136.3666076660156,-99.65205383300781,119.4318771362305],"rotationMatrix":[0.5850843191146851,-0.8109725117683411,2.642575793743163e-07,0.8109725117683411,0.5850843191146851,6.787735173929832e-08,-2.09659631877912e-07,1.745916620166099e-07,1],"scale":0.9999998211860657,"type":"jerseybarrier_3m"}
{"pos":[-138.8180847167969,-101.4214782714844,119.4318771362305],"rotationMatrix":[0.5850668549537659,-0.8109850883483887,2.642576077960257e-07,0.8109850883483887,0.5850668549537659,6.78773375284436e-08,-2.096558802122672e-07,1.745961952792641e-07,1],"scale":0.9999998807907104,"type":"jerseybarrier_3m"}
{"pos":[-141.26953125,-103.1908721923828,119.4318771362305],"rotationMatrix":[0.5850604772567749,-0.8109896779060364,2.642576646394446e-07,0.8109896779060364,0.5850604772567749,6.787732331758889e-08,-2.096545301810693e-07,1.745978863709752e-07,1],"scale":0.9999998807907104,"type":"jerseybarrier_3m"}
{"pos":[-143.7210083007813,-104.9602966308594,119.4318771362305],"rotationMatrix":[0.5850771069526672,-0.8109776377677917,2.642575793743163e-07,0.8109776377677917,0.5850771069526672,6.78773375284436e-08,-2.096580544730386e-07,1.745935236385776e-07,1],"scale":0.9999998211860657,"type":"jerseybarrier_3m"}
{"pos":[-146.1723785400391,-106.7297973632813,119.4318771362305],"rotationMatrix":[0.5850968360900879,-0.8109634518623352,2.642575509526068e-07,0.8109634518623352,0.5850968360900879,6.787738726643511e-08,-2.096623319403079e-07,1.74588365098316e-07,1],"scale":0.9999998211860657,"type":"jerseybarrier_3m"}
{"pos":[-148.6237945556641,-108.4993209838867,119.4318771362305],"rotationMatrix":[0.5851188898086548,-0.8109475374221802,4.234385357904102e-07,0.8109475374221802,0.5851188898086548,1.493380636929942e-07,-3.688672052248876e-07,2.560059044753871e-07,1],"scale":0.9999998807907104,"type":"jerseybarrier_3m"}
{"pos":[-151.0750885009766,-110.2689743041992,119.4318771362305],"rotationMatrix":[0.5851428508758545,-0.8109302520751953,2.506810972136009e-07,0.8109302520751953,0.5851428508758545,9.44078379916391e-08,-2.232424094472663e-07,1.480428153399771e-07,1],"scale":0.9999998807907104,"type":"jerseybarrier_3m"}
{"pos":[-153.5263519287109,-112.0386581420898,119.4318771362305],"rotationMatrix":[0.5851666927337646,-0.8109130859375,2.506814098524046e-07,0.8109130859375,0.5851666927337646,9.440799431104097e-08,-2.232470706076128e-07,1.480364062445005e-07,1],"scale":0.9999998807907104,"type":"jerseybarrier_3m"}
{"pos":[-155.9775695800781,-113.8083724975586,119.4318771362305],"rotationMatrix":[0.5851904153823853,-0.8108959197998047,2.642573520006408e-07,0.8108959197998047,0.5851904153823853,6.787749384784547e-08,-2.096824545105846e-07,1.745639508499153e-07,1],"scale":0.9999998211860657,"type":"jerseybarrier_3m"}
{"pos":[-158.4287414550781,-115.5782775878906,119.4318771362305],"rotationMatrix":[0.5852150917053223,-0.8108780980110168,2.642573520006408e-07,0.8108780980110168,0.5852150917053223,6.787755069126433e-08,-2.09687826213667e-07,1.74557527543584e-07,1],"scale":0.9999998211860657,"type":"jerseybarrier_3m"}
{"pos":[-160.8798522949219,-117.3481674194336,119.4318771362305],"rotationMatrix":[0.5852404832839966,-0.8108597993850708,2.09958173513769e-07,0.8108597993850708,0.5852404832839966,1.740023378715705e-07,-2.63967535829579e-07,6.841340649543781e-08,1],"scale":0.9999997615814209,"type":"jerseybarrier_3m"}
{"pos":[-163.3308715820313,-119.1181182861328,119.4318771362305],"rotationMatrix":[0.5852669477462769,-0.8108406662940979,3.049803467547463e-07,0.8108406662940979,0.5852669477462769,-1.171666497157275e-08,-1.689945747784805e-07,2.541478352213744e-07,1],"scale":0.9999998807907104,"type":"jerseybarrier_3m"}
{"pos":[-165.7818756103516,-120.8882293701172,119.4318771362305],"rotationMatrix":[0.585294246673584,-0.810820996761322,2.642571814703842e-07,0.810820996761322,0.585294246673584,6.787765016724734e-08,-2.097048223959064e-07,1.745368791716828e-07,1],"scale":0.9999998211860657,"type":"jerseybarrier_3m"}
{"pos":[-168.2328338623047,-122.6583480834961,119.4318771362305],"rotationMatrix":[0.5853228569030762,-0.810800313949585,3.97531550788699e-07,0.810800313949585,0.5853228569030762,6.910767780254901e-08,-2.887168193410616e-07,2.818684095018398e-07,1],"scale":0.9999998807907104,"type":"jerseybarrier_3m"}
{"pos":[-170.6836700439453,-124.4286193847656,119.4318771362305],"rotationMatrix":[0.5853516459465027,-0.8107795715332031,2.642570677835465e-07,0.8107795715332031,0.5853516459465027,6.787767858895677e-08,-2.097171432069445e-07,1.74521900930813e-07,1],"scale":0.9999998807907104,"type":"jerseybarrier_3m"}
{"pos":[-173.1345062255859,-126.1989440917969,119.4318771362305],"rotationMatrix":[0.585381031036377,-0.8107583522796631,2.642569825184182e-07,0.8107583522796631,0.585381031036377,6.78777567486577e-08,-2.097234812481474e-07,1.745142128584121e-07,1],"scale":0.9999998211860657,"type":"jerseybarrier_3m"}
{"pos":[-175.5852203369141,-127.969367980957,119.4318771362305],"rotationMatrix":[0.5854113698005676,-0.8107364177703857,1.050612894459846e-07,0.8107364177703857,0.5854113698005676,-1.355417822423988e-08,-5.051520801657716e-08,9.31117867253306e-08,1],"scale":0.9999998211860657,"type":"jerseybarrier_3m"}
{"pos":[-178.0359039306641,-129.7398986816406,119.4318771362305],"rotationMatrix":[0.5854430198669434,-0.810713529586792,2.111911356905694e-07,0.810713529586792,0.5854430198669434,4.073486437050633e-08,-1.566646830042373e-07,1.473675723673296e-07,1],"scale":0.9999998211860657,"type":"jerseybarrier_3m"}
{"pos":[-180.4865570068359,-131.510498046875,119.4318771362305],"rotationMatrix":[0.585474967956543,-0.8106904625892639,1.581242230486168e-07,0.8106904625892639,0.585474967956543,1.359405743528441e-08,-1.035983387964734e-07,1.202308226311288e-07,1],"scale":0.9999998807907104,"type":"jerseybarrier_3m"}
{"pos":[-182.9370574951172,-133.2812042236328,119.4318771362305],"rotationMatrix":[0.5855078101158142,-0.8106667399406433,1.976194852204571e-07,0.8106667399406433,0.5855078101158142,6.727049139954033e-08,-1.702417051774319e-07,1.20816167736848e-07,1],"scale":0.9999998211860657,"type":"jerseybarrier_3m"}
{"pos":[-185.3875579833984,-135.0520172119141,119.4318771362305],"rotationMatrix":[0.5855410695075989,-0.8106427192687988,3.720512253835295e-08,0.8106427192687988,0.5855410695075989,1.191272289702283e-07,-1.18354748224192e-07,-3.959382155471758e-08,1],"scale":0.9999998807907104,"type":"jerseybarrier_3m"}
{"pos":[-187.8379211425781,-136.8229064941406,119.4318771362305],"rotationMatrix":[0.5855751037597656,-0.8106181621551514,2.642566130361956e-07,0.8106181621551514,0.5855751037597656,6.78779912277605e-08,-2.097652043175913e-07,1.744635511613524e-07,1],"scale":0.9999998807907104,"type":"jerseybarrier_3m"}
{"pos":[-190.2882080078125,-138.5939331054688,119.4318771362305],"rotationMatrix":[0.5856090784072876,-0.8105936050415039,2.642565846144862e-07,0.8105936050415039,0.5856090784072876,6.787802675489729e-08,-2.097725371186243e-07,1.744546977988648e-07,1],"scale":0.9999998807907104,"type":"jerseybarrier_3m"}
{"pos":[-192.7384490966797,-140.3650512695313,119.4318771362305],"rotationMatrix":[0.5856436491012573,-0.8105685710906982,1.581182402787817e-07,0.8105685710906982,0.5856436491012573,1.360531953764621e-08,-1.036289916100941e-07,1.201978250264801e-07,1],"scale":0.9999998211860657,"type":"jerseybarrier_3m"}
{"pos":[-195.1886138916016,-142.1362762451172,119.4318771362305],"rotationMatrix":[0.5856801867485046,-0.8105422258377075,2.506888279185659e-07,0.8105422258377075,0.5856801867485046,9.4412982321046e-08,-2.233491898095963e-07,1.47898063573848e-07,1],"scale":0.9999998211860657,"type":"jerseybarrier_3m"}
{"pos":[-197.6387023925781,-143.9076232910156,119.4318771362305],"rotationMatrix":[0.5857169628143311,-0.8105156421661377,2.371223928321342e-07,0.8105156421661377,0.5857169628143311,1.209485134268107e-07,-2.36917273355175e-07,1.21349827963968e-07,1],"scale":0.9999998211860657,"type":"jerseybarrier_3m"}
{"pos":[-200.0887298583984,-145.6790466308594,119.4318771362305],"rotationMatrix":[0.5857537984848022,-0.8104889988899231,2.37123501278802e-07,0.8104889988899231,0.5857537984848022,1.209491671261276e-07,-2.369239524568911e-07,1.213395677268636e-07,1],"scale":0.9999998807907104,"type":"jerseybarrier_3m"}
{"pos":[-202.5386047363281,-147.4506072998047,119.4318771362305],"rotationMatrix":[0.5857928991317749,-0.8104608058929443,2.364689422051924e-08,0.8104608058929443,0.5857928991317749,1.456986211678668e-07,-1.319352094242277e-07,-6.618434156280273e-08,1],"scale":0.9999997615814209,"type":"jerseybarrier_3m"}
{"pos":[-204.9884643554688,-149.2223052978516,119.4318771362305],"rotationMatrix":[0.585831880569458,-0.8104326128959656,2.506910448119015e-07,0.8104326128959656,0.585831880569458,9.441441761737224e-08,-2.233793452433019e-07,1.478572073665418e-07,1],"scale":0.9999998211860657,"type":"jerseybarrier_3m"}
{"pos":[-207.4381866455078,-150.9940948486328,119.4318771362305],"rotationMatrix":[0.5858714580535889,-0.8104039430618286,4.370393185126886e-07,0.8104039430618286,0.5858714580535889,1.227286645644199e-07,-3.55508689153794e-07,2.822751810072077e-07,1],"scale":0.9999998211860657,"type":"jerseybarrier_3m"}
{"pos":[-209.8878479003906,-152.7660522460938,119.4318771362305],"rotationMatrix":[0.5859120488166809,-0.8103746771812439,2.642559877585882e-07,0.8103746771812439,0.5859120488166809,6.787840334254724e-08,-2.098377223092029e-07,1.743755717598106e-07,1],"scale":0.9999998211860657,"type":"jerseybarrier_3m"}
{"pos":[-212.33740234375,-154.5380401611328,119.4318771362305],"rotationMatrix":[0.5859529972076416,-0.8103449940681458,2.902039000218792e-07,0.8103449940681458,0.5859529972076416,1.48078996176082e-07,-2.900409299400053e-07,1.483979730210194e-07,1],"scale":0.9999998211860657,"type":"jerseybarrier_3m"}
{"pos":[-214.7869262695313,-156.3101959228516,119.4318771362305],"rotationMatrix":[0.5859951972961426,-0.8103145360946655,2.642558172283316e-07,0.8103145360946655,0.5859951972961426,6.787851702938497e-08,-2.098555711427252e-07,1.743538575738057e-07,1],"scale":0.9999997615814209,"type":"jerseybarrier_3m"}
{"pos":[-217.2362823486328,-158.0825347900391,119.4318771362305],"rotationMatrix":[0.5860376358032227,-0.8102837800979614,2.642557035414939e-07,0.8102837800979614,0.5860376358032227,6.787855966194911e-08,-2.098646945114524e-07,1.743427304745637e-07,1],"scale":0.9999997615814209,"type":"jerseybarrier_3m"}
{"pos":[-219.6855926513672,-159.8549194335938,119.4318771362305],"rotationMatrix":[0.5860803723335266,-0.8102529048919678,2.64255646698075e-07,0.8102529048919678,0.5860803723335266,6.787861650536797e-08,-2.098738889344531e-07,1.74331589164467e-07,1],"scale":0.9999997615814209,"type":"jerseybarrier_3m"}
{"pos":[-222.1347808837891,-161.6275177001953,119.4318771362305],"rotationMatrix":[0.5861234068870544,-0.810221791267395,2.902120854741952e-07,0.810221791267395,0.5861234068870544,1.480764950656521e-07,-2.900749223044841e-07,1.4834505179806e-07,1],"scale":0.9999998211860657,"type":"jerseybarrier_3m"}
{"pos":[-224.5839080810547,-163.4001922607422,119.4318771362305],"rotationMatrix":[0.5861678123474121,-0.8101896643638611,1.433795802086024e-07,0.8101896643638611,0.5861678123474121,1.734542536269146e-07,-2.245753449869881e-07,1.449134856557066e-08,1],"scale":0.9999998211860657,"type":"jerseybarrier_3m"}
{"pos":[-227.0328979492188,-165.1729888916016,119.4318771362305],"rotationMatrix":[0.5862126350402832,-0.8101571798324585,1.050194455842757e-07,0.8101571798324585,0.5862126350402832,-1.347446243471495e-08,-5.064729435844129e-08,9.298116765421582e-08,1],"scale":0.9999998807907104,"type":"jerseybarrier_3m"}
{"pos":[-228.8468017578125,-167.4741821289063,119.388542175293],"rotationMatrix":[0.9242216348648071,-0.3818564414978027,1.050170155281194e-07,0.3818564414978027,0.9242216348648071,-1.346971068016956e-08,-9.191550276455018e-08,5.255042623275585e-08,1],"scale":0.9999998211860657,"type":"jerseybarrier_3m"}
{"pos":[-230.0005493164063,-170.2686920166016,119.388542175293],"rotationMatrix":[0.9242440462112427,-0.3818022608757019,-1.421085386816906e-14,0.3818022608757019,0.9242440462112427,1.058791184067875e-21,1.313429701506547e-14,-5.425737306273201e-15,1],"scale":0.9999997615814209,"type":"jerseybarrier_3m"}
{"pos":[-231.1541748046875,-173.0633392333984,119.388542175293],"rotationMatrix":[0.9242660403251648,-0.3817489147186279,1.4210854715202e-14,0.3817489147186279,0.9242660403251648,-8.881794784913093e-16,-1.279554905770069e-14,6.245893051078175e-15,1],"scale":0.9999998807907104,"type":"jerseybarrier_3m"}
{"pos":[-232.3075866699219,-175.8580322265625,119.388542175293],"rotationMatrix":[0.9242889881134033,-0.3816933631896973,-6.352747104407253e-22,0.3816933631896973,0.9242889881134033,-7.105426934084528e-15,2.712095100297521e-15,6.56746783895385e-15,1],"scale":0.9999997615814209,"type":"jerseybarrier_3m"}
{"pos":[51.6566162109375,10.5618896484375,119.431884765625],"rotationMatrix":[0.585496187210083,-0.8106752038002014,3.720107955018648e-08,0.8106752038002014,0.585496187210083,1.653069148233044e-07,-1.557912980842957e-07,-6.662857288119994e-08,1],"scale":0.9999997019767761,"type":"jerseybarrier_3m"}
{"pos":[49.21148681640625,8.795944213867188,119.431884765625],"rotationMatrix":[0.5854382514953613,-0.810716986656189,9.026994973737601e-08,0.810716986656189,0.5854382514953613,1.924438635114711e-07,-2.088649893039474e-07,-3.948061078062892e-08,1],"scale":0.9999998211860657,"type":"jerseybarrier_3m"}
{"pos":[46.76631164550781,7.030120849609375,119.4318771362305],"rotationMatrix":[0.5853986144065857,-0.8107456564903259,1.421247475263954e-07,0.8107456564903259,0.5853986144065857,3.528584215928277e-07,-3.692780410347041e-07,-9.133580647358031e-08,1],"scale":0.9999998211860657,"type":"jerseybarrier_3m"}
{"pos":[44.32107543945313,5.264312744140625,119.431884765625],"rotationMatrix":[0.5853738784790039,-0.8107634782791138,1.03840164911162e-07,0.8107634782791138,0.5853738784790039,1.659107056184439e-07,-1.952996626641834e-07,-1.292997353630199e-08,1],"scale":0.9999997615814209,"type":"jerseybarrier_3m"}
{"pos":[41.87580871582031,3.498626708984375,119.431884765625],"rotationMatrix":[0.5853586196899414,-0.8107745051383972,1.038404064956922e-07,0.8107745051383972,0.5853586196899414,1.659108903595552e-07,-1.953001884658079e-07,-1.292620765980246e-08,1],"scale":0.9999997615814209,"type":"jerseybarrier_3m"}
{"pos":[39.43043518066406,1.732955932617188,119.431884765625],"rotationMatrix":[0.5853458642959595,-0.8107836842536926,1.03840562815094e-07,0.8107836842536926,0.5853458642959595,1.659110751006665e-07,-1.95300629002304e-07,-1.29231167989019e-08,1],"scale":0.9999997615814209,"type":"jerseybarrier_3m"}
{"pos":[36.98507690429688,-0.0326690673828125,119.4318771362305],"rotationMatrix":[0.5853351950645447,-0.8107913732528687,7.791643952259619e-08,0.8107913732528687,0.5853351950645447,8.570297893584211e-08,-1.150944797245756e-07,1.300901075751426e-08,1],"scale":0.9999998211860657,"type":"jerseybarrier_3m"}
{"pos":[34.53970336914063,-1.79833984375,119.4318771362305],"rotationMatrix":[0.5853269100189209,-0.810797393321991,-4.300472511431508e-08,0.810797393321991,0.5853269100189209,1.912260643166519e-07,-1.298737686283857e-07,-1.467978734126518e-07,1],"scale":0.9999998211860657,"type":"jerseybarrier_3m"}
{"pos":[32.09429931640625,-3.563919067382813,119.431884765625],"rotationMatrix":[0.5853203535079956,-0.810802161693573,1.038409749298808e-07,0.810802161693573,0.5853203535079956,1.659114019503249e-07,-1.953015527078605e-07,-1.291682849569042e-08,1],"scale":0.9999998211860657,"type":"jerseybarrier_3m"}
{"pos":[29.64889526367188,-5.329483032226563,119.431884765625],"rotationMatrix":[0.5853145122528076,-0.8108063340187073,-3.510116641791683e-09,0.8108063340187073,0.5853145122528076,2.449006899496453e-07,-1.96512502270707e-07,-1.461899614696449e-07,1],"scale":0.9999997615814209,"type":"jerseybarrier_3m"}
{"pos":[27.20346069335938,-7.095077514648438,119.431884765625],"rotationMatrix":[0.5853089094161987,-0.8108103275299072,-3.510322699185053e-09,0.8108103275299072,0.5853089094161987,2.449004341542604e-07,-1.965131843917334e-07,-1.46188611438447e-07,1],"scale":0.9999997019767761,"type":"jerseybarrier_3m"}
{"pos":[24.75804138183594,-8.860580444335938,119.4318771362305],"rotationMatrix":[0.5853042602539063,-0.8108137249946594,-5.657621571231175e-08,0.8108137249946594,0.5853042602539063,2.177571616357454e-07,-1.434462006955073e-07,-1.733269527903758e-07,1],"scale":0.9999998211860657,"type":"jerseybarrier_3m"}
{"pos":[22.3126220703125,-10.62606811523438,119.431884765625],"rotationMatrix":[0.5852998495101929,-0.8108169436454773,4.955502674874879e-08,0.8108169436454773,0.5852998495101929,2.720430529734585e-07,-2.495816602277046e-07,-1.190466889511299e-07,1],"scale":0.9999997615814209,"type":"jerseybarrier_3m"}
{"pos":[19.86717224121094,-12.39161682128906,119.4318771362305],"rotationMatrix":[0.5852957367897034,-0.8108198642730713,-2.943314925119012e-08,0.8108198642730713,0.5852957367897034,1.646908742714004e-07,-1.1630753249392e-07,-1.202578516767971e-07,1],"scale":0.9999998211860657,"type":"jerseybarrier_3m"}
{"pos":[17.42170715332031,-14.15711975097656,119.431884765625],"rotationMatrix":[0.5852922797203064,-0.8108224272727966,4.955465726652619e-08,0.8108224272727966,0.5852922797203064,2.720429108649114e-07,-2.495824560355686e-07,-1.190445857446321e-07,1],"scale":0.9999998211860657,"type":"jerseybarrier_3m"}
