{"pos":[-625.4382934570313,597.66748046875,107.7980575561523],"rotationMatrix":[-0.7071070671081543,-0.707106351852417,-3.086134459096002e-09,0.707106351852417,-0.7071070671081543,7.450579708745408e-09,-7.450580152834618e-09,3.086133126828372e-09,1],"scale":0.9999999403953552,"type":"light_city"}
{"pos":[-603.824951171875,608.7671508789063,102.0993194580078],"rotationMatrix":[0.7071069478988647,0.7071065902709961,-3.086134459096002e-09,-0.7071065902709961,0.7071069478988647,7.450579708745408e-09,7.450580596923828e-09,-3.086130684337718e-09,1],"scale":0.9999999403953552,"type":"light_city"}
{"pos":[-637.416259765625,576.0330200195313,113.6618347167969],"rotationMatrix":[0.7071069478988647,0.7071065902709961,-3.086134459096002e-09,-0.7071065902709961,0.7071069478988647,7.450579708745408e-09,7.450580596923828e-09,-3.086130684337718e-09,1],"scale":0.9999999403953552,"type":"light_city"}
{"pos":[990.4027709960938,-736.6566162109375,176.2017517089844],"rotationMatrix":[-0.9415713548660278,0.3368134796619415,0,-0.3368134796619415,-0.9415713548660278,0,0,0,1],"scale":1,"type":"light_city"}
{"pos":[989.4357299804688,-808.8504028320313,176.6787109375],"rotationMatrix":[0.8659979701042175,-0.500047504901886,0,0.500047504901886,0.8659979701042175,0,0,0,1],"scale":1,"type":"light_city"}
{"pos":[880.4810791015625,984.4837036132813,135.6892242431641],"rotationMatrix":[-0.9939942359924316,-0.1094320267438889,0,0.1094320267438889,-0.9939942359924316,0,0,0,1],"scale":1,"type":"light_city"}
{"pos":[941.8067626953125,860.572021484375,142.205322265625],"rotationMatrix":[0.9706866145133972,-0.240348681807518,0,0.240348681807518,0.9706866145133972,0,0,0,1],"scale":1,"type":"light_city"}
{"pos":[482.5925903320313,-369.14794921875,161.3621215820313],"rotationMatrix":[-0.7758715152740479,0.6308910250663757,0,-0.6308910250663757,-0.7758715152740479,0,0,0,1],"scale":1,"type":"light_city"}
{"pos":[472.1969604492188,-434.7462463378906,161.2640533447266],"rotationMatrix":[0.7507612705230713,-0.6605736613273621,0,0.6605736613273621,0.7507612705230713,0,0,0,1],"scale":1,"type":"light_city"}
{"pos":[64.09553527832031,-767.9033813476563,143.5657501220703],"rotationMatrix":[0.002983331680297852,0.9999955296516418,0,-0.9999955296516418,0.002983331680297852,0,0,0,1],"scale":1,"type":"light_city"}
{"pos":[26.9469108581543,-768.5228881835938,142.7359466552734],"rotationMatrix":[-0.002983331680297852,-0.9999955296516418,0,0.9999955296516418,-0.002983331680297852,0,0,0,1],"scale":1,"type":"light_city"}
{"pos":[44.65113830566406,-751.1114501953125,142.8855285644531],"rotationMatrix":[-0.9791052341461182,-0.2033537328243256,0,0.2033537328243256,-0.9791052341461182,0,0,0,1],"scale":1,"type":"light_city"}
{"pos":[172.1531066894531,638.160888671875,110.1312942504883],"rotationMatrix":[-0.1616696119308472,-0.9868448972702026,0,0.9868448972702026,-0.1616696119308472,0,0,0,1],"scale":1,"type":"light_city"}
{"pos":[-306.0066223144531,330.3712463378906,111.7669296264648],"rotationMatrix":[-0.8436366319656372,-0.5369147062301636,0,0.5369147062301636,-0.8436366319656372,0,0,0,1],"scale":1,"type":"light_city"}
{"pos":[-283.4652099609375,322.5479125976563,111.4853973388672],"rotationMatrix":[0.8934955596923828,0.4490720629692078,0,-0.4490720629692078,0.8934955596923828,0,0,0,1],"scale":1,"type":"light_city"}
{"pos":[-458.5753173828125,159.1280212402344,109.5181884765625],"rotationMatrix":[-0.9090360403060913,-0.4167172312736511,0,0.4167172312736511,-0.9090360403060913,0,0,0,1],"scale":1,"type":"light_city"}
{"pos":[-435.4603271484375,136.2102966308594,109.0186157226563],"rotationMatrix":[0.8799169063568115,0.4751275479793549,0,-0.4751275479793549,0.8799169063568115,0,0,0,1],"scale":1,"type":"light_city"}
{"pos":[-428.1316223144531,156.9614562988281,109.9962997436523],"rotationMatrix":[0.3383572101593018,0.9410176873207092,0,-0.9410176873207092,0.3383572101593018,0,0,0,1],"scale":1,"type":"light_city"}
{"pos":[-464.5469055175781,144.0909881591797,110.1895751953125],"rotationMatrix":[-0.3619258403778076,-0.932206928730011,0,0.932206928730011,-0.3619258403778076,0,0,0,1],"scale":1,"type":"light_city"}
{"pos":[-31.78514862060547,394.1360473632813,111.27197265625],"rotationMatrix":[0.664539098739624,-0.74725341796875,0,0.74725341796875,0.664539098739624,0,0,0,1],"scale":1,"type":"light_city"}
{"pos":[-42.473388671875,405.8890991210938,111.2978439331055],"rotationMatrix":[-0.7472531795501709,-0.6645393967628479,0,0.6645393967628479,-0.7472531795501709,0,0,0,1],"scale":1,"type":"light_city"}
{"pos":[-19.75756454467773,404.746337890625,111.2978439331055],"rotationMatrix":[0.7472530007362366,0.664539635181427,0,-0.664539635181427,0.7472530007362366,0,0,0,1],"scale":1,"type":"light_city"}
{"pos":[-95.09636688232422,-981.9175415039063,142.0941467285156],"rotationMatrix":[0.9535189270973206,-0.3013331592082977,0,0.3013331592082977,0.9535189270973206,0,0,0,1],"scale":1,"type":"light_city"}
{"pos":[-108.1952819824219,-953.55712890625,142.3095703125],"rotationMatrix":[-0.9297075271606445,0.3682987093925476,0,-0.3682987093925476,-0.9297075271606445,0,0,0,1],"scale":1,"type":"light_city"}
{"pos":[-713.2584838867188,407.1473693847656,144.7631683349609],"rotationMatrix":[0.7071069478988647,0.7071065902709961,-3.086134459096002e-09,-0.7071065902709961,0.7071069478988647,7.450579708745408e-09,7.450580596923828e-09,-3.086130684337718e-09,1],"scale":0.9999999403953552,"type":"light_city"}
{"pos":[-691.9361572265625,428.4696960449219,138.1952362060547],"rotationMatrix":[0.7071069478988647,0.7071065902709961,-3.086134459096002e-09,-0.7071065902709961,0.7071069478988647,7.450579708745408e-09,7.450580596923828e-09,-3.086130684337718e-09,1],"scale":0.9999999403953552,"type":"light_city"}
{"pos":[-671.8309936523438,448.5748596191406,132.0194396972656],"rotationMatrix":[0.7071069478988647,0.7071065902709961,-3.086134459096002e-09,-0.7071065902709961,0.7071069478988647,7.450579708745408e-09,7.450580596923828e-09,-3.086130684337718e-09,1],"scale":0.9999999403953552,"type":"light_city"}
{"pos":[-579.66015625,564.0693969726563,105.3194046020508],"rotationMatrix":[-0.7071073055267334,-0.707106351852417,-1.798729876156813e-08,0.707106351852417,-0.7071073055267334,-7.450599248670642e-09,-7.450584149637507e-09,-1.798730409063864e-08,1],"scale":1,"type":"light_city"}
{"pos":[-603.1016845703125,540.5708618164063,112.398681640625],"rotationMatrix":[-0.7071073055267334,-0.707106351852417,-1.798729876156813e-08,0.707106351852417,-0.7071073055267334,-7.450599248670642e-09,-7.450584149637507e-09,-1.798730409063864e-08,1],"scale":1,"type":"light_city"}
{"pos":[-624.3424072265625,519.2471313476563,118.8855895996094],"rotationMatrix":[-0.7071073055267334,-0.707106351852417,-1.798729876156813e-08,0.707106351852417,-0.7071073055267334,-7.450599248670642e-09,-7.450584149637507e-09,-1.798730409063864e-08,1],"scale":1,"type":"light_city"}
{"pos":[-560.8248901367188,559.55712890625,103.1464157104492],"rotationMatrix":[0.7071069478988647,0.7071065902709961,-3.086134459096002e-09,-0.7071065902709961,0.7071069478988647,7.450579708745408e-09,7.450580596923828e-09,-3.086130684337718e-09,1],"scale":0.9999999403953552,"type":"light_city"}
{"pos":[-580.06298828125,540.19140625,108.9749450683594],"rotationMatrix":[0.7071069478988647,0.7071065902709961,-3.086134459096002e-09,-0.7071065902709961,0.7071069478988647,7.450579708745408e-09,7.450580596923828e-09,-3.086130684337718e-09,1],"scale":0.9999999403953552,"type":"light_city"}
{"pos":[-602.3626098632813,518.015869140625,115.6905899047852],"rotationMatrix":[0.7071069478988647,0.7071065902709961,-3.086134459096002e-09,-0.7071065902709961,0.7071069478988647,7.450579708745408e-09,7.450580596923828e-09,-3.086130684337718e-09,1],"scale":0.9999999403953552,"type":"light_city"}
{"pos":[-623.6817626953125,496.7240905761719,122.2216720581055],"rotationMatrix":[0.7071069478988647,0.7071065902709961,-3.086134459096002e-09,-0.7071065902709961,0.7071069478988647,7.450579708745408e-09,7.450580596923828e-09,-3.086130684337718e-09,1],"scale":0.9999999403953552,"type":"light_city"}
{"pos":[-666.3665161132813,588.3406372070313,118.5318984985352],"rotationMatrix":[-0.7134455442428589,0.7007105350494385,0,-0.7007105350494385,-0.7134455442428589,0,0,0,1],"scale":1,"type":"light_city"}
{"pos":[-695.7950439453125,579.2180786132813,123.718635559082],"rotationMatrix":[0.700710654258728,0.7134456038475037,0,-0.7134456038475037,0.700710654258728,0,0,0,1],"scale":1,"type":"light_city"}
{"pos":[-700.3925170898438,598.50341796875,121.2137298583984],"rotationMatrix":[-0.7007105350494385,-0.7134456038475037,0,0.7134456038475037,-0.7007105350494385,0,0,0,1],"scale":1,"type":"light_city"}
{"pos":[-712.4619140625,586.2146606445313,125.3354644775391],"rotationMatrix":[-0.7007105350494385,-0.7134456038475037,0,0.7134456038475037,-0.7007105350494385,0,0,0,1],"scale":1,"type":"light_city"}
{"pos":[-729.22509765625,569.1467895507813,129.2923126220703],"rotationMatrix":[-0.7007105350494385,-0.7134456038475037,0,0.7134456038475037,-0.7007105350494385,0,0,0,1],"scale":1,"type":"light_city"}
{"pos":[-775.0780029296875,862.7913818359375,83.619384765625],"rotationMatrix":[5.960464477539063e-08,-0.9999999403953552,0,0.9999999403953552,5.960464477539063e-08,0,0,0,1],"scale":1,"type":"light_city"}
{"pos":[-775.3986206054688,819.5619506835938,90.00951385498047],"rotationMatrix":[0.009004473686218262,-0.9999594688415527,0,0.9999594688415527,0.009004473686218262,0,0,0,1],"scale":1,"type":"light_city"}
{"pos":[-762.7037963867188,690.93896484375,111.5600128173828],"rotationMatrix":[-0.009004831314086914,0.9999594688415527,0,-0.9999594688415527,-0.009004831314086914,0,0,0,1],"scale":1,"type":"light_city"}
{"pos":[-762.7037963867188,719.5360717773438,105.3723220825195],"rotationMatrix":[-0.009004831314086914,0.9999594688415527,0,-0.9999594688415527,-0.009004831314086914,0,0,0,1],"scale":1,"type":"light_city"}
{"pos":[-775.2181396484375,760.1508178710938,95.90488433837891],"rotationMatrix":[5.960464477539063e-08,-0.9999999403953552,0,0.9999999403953552,5.960464477539063e-08,0,0,0,1],"scale":1,"type":"light_city"}
{"pos":[-775.2181396484375,733.898681640625,101.8018798828125],"rotationMatrix":[5.960464477539063e-08,-0.9999999403953552,0,0.9999999403953552,5.960464477539063e-08,0,0,0,1],"scale":1,"type":"light_city"}
{"pos":[-775.0780029296875,705.54736328125,107.8371963500977],"rotationMatrix":[5.960464477539063e-08,-0.9999999403953552,0,0.9999999403953552,5.960464477539063e-08,0,0,0,1],"scale":1,"type":"light_city"}
{"pos":[-775.4287109375,675.0704345703125,114.2627334594727],"rotationMatrix":[5.960464477539063e-08,-0.9999999403953552,0,0.9999999403953552,5.960464477539063e-08,0,0,0,1],"scale":1,"type":"light_city"}
{"pos":[-173.7954406738281,542.9952392578125,83.9046630859375],"rotationMatrix":[-1.192092895507813e-07,-0.9999999403953552,0,0.9999999403953552,-1.192092895507813e-07,0,0,0,1],"scale":1,"type":"light_city"}
{"pos":[-173.7954406738281,522.5591430664063,83.9046630859375],"rotationMatrix":[-1.192092895507813e-07,-0.9999999403953552,0,0.9999999403953552,-1.192092895507813e-07,0,0,0,1],"scale":1,"type":"light_city"}
{"pos":[-248.3456115722656,520.2800903320313,83.9046630859375],"rotationMatrix":[-0.7071064710617065,0.7071070075035095,0,-0.7071070075035095,-0.7071064710617065,0,0,0,1],"scale":1,"type":"light_city"}
{"pos":[-264.0553894042969,535.9898681640625,83.9046630859375],"rotationMatrix":[-0.7071064710617065,0.7071070075035095,0,-0.7071070075035095,-0.7071064710617065,0,0,0,1],"scale":1,"type":"light_city"}
{"pos":[-211.0600280761719,507.8141479492188,83.9046630859375],"rotationMatrix":[-1,2.384185791015625e-07,0,-2.384185791015625e-07,-1,0,0,0,1],"scale":1,"type":"light_city"}
{"pos":[-181.6477813720703,507.8141479492188,83.9046630859375],"rotationMatrix":[-1,2.384185791015625e-07,0,-2.384185791015625e-07,-1,0,0,0,1],"scale":1,"type":"light_city"}
{"pos":[-398.2591247558594,221.3200073242188,109.774040222168],"rotationMatrix":[0.5370042324066162,0.8435795903205872,0,-0.8435795903205872,0.5370042324066162,0,0,0,1],"scale":1,"type":"light_city"}
{"pos":[-413.90869140625,191.7624053955078,109.6089935302734],"rotationMatrix":[0.4659523367881775,0.8848097920417786,0,-0.8848097920417786,0.4659523367881775,0,0,0,1],"scale":1,"type":"light_city"}
{"pos":[-425.150146484375,165.5927429199219,109.3237609863281],"rotationMatrix":[0.4037354588508606,0.9148758053779602,0,-0.9148758053779602,0.4037354588508606,0,0,0,1],"scale":1,"type":"light_city"}
{"pos":[-766.7929077148438,43.126220703125,127.0352172851563],"rotationMatrix":[0.7071069478988647,0.7071065902709961,0,-0.7071065902709961,0.7071069478988647,0,0,0,1],"scale":1,"type":"light_city"}
{"pos":[-651.302490234375,316.8610229492188,135.6354675292969],"rotationMatrix":[0.7071069478988647,0.7071065902709961,0,-0.7071065902709961,0.7071069478988647,0,0,0,1],"scale":1,"type":"light_city"}
{"pos":[-590.27587890625,377.8145141601563,121.3168334960938],"rotationMatrix":[0.7071069478988647,0.7071065902709961,0,-0.7071065902709961,0.7071069478988647,0,0,0,1],"scale":1,"type":"light_city"}
{"pos":[-623.2955322265625,344.8789672851563,129.0117492675781],"rotationMatrix":[0.7071069478988647,0.7071065902709961,0,-0.7071065902709961,0.7071069478988647,0,0,0,1],"scale":1,"type":"light_city"}
{"pos":[-521.1138916015625,447.1007080078125,112.6065979003906],"rotationMatrix":[0.7071069478988647,0.7071065902709961,0,-0.7071065902709961,0.7071069478988647,0,0,0,1],"scale":1,"type":"light_city"}
{"pos":[-545.7307739257813,440.1422729492188,114.8309555053711],"rotationMatrix":[-0.7071069478988647,-0.7071067094802856,0,0.7071067094802856,-0.7071069478988647,0,0,0,1],"scale":1,"type":"light_city"}
{"pos":[-433.4722595214844,399.7128295898438,105.5431518554688],"rotationMatrix":[-0.7071069478988647,-0.7071067094802856,0,0.7071067094802856,-0.7071069478988647,0,0,0,1],"scale":1,"type":"light_city"}
{"pos":[-459.4407348632813,373.7151184082031,105.8136596679688],"rotationMatrix":[-0.7071069478988647,-0.7071067094802856,0,0.7071067094802856,-0.7071069478988647,0,0,0,1],"scale":1,"type":"light_city"}
{"pos":[-483.5122985839844,350.149169921875,106.0435028076172],"rotationMatrix":[-0.7071069478988647,-0.7071067094802856,0,0.7071067094802856,-0.7071069478988647,0,0,0,1],"scale":1,"type":"light_city"}
{"pos":[-414.8035888671875,395.0214233398438,105.4547424316406],"rotationMatrix":[0.7071068286895752,0.7071067690849304,0,-0.7071067690849304,0.7071068286895752,0,0,0,1],"scale":1,"type":"light_city"}
{"pos":[-438.6223449707031,371.2026672363281,105.7171249389648],"rotationMatrix":[0.7071068286895752,0.7071067690849304,0,-0.7071067690849304,0.7071068286895752,0,0,0,1],"scale":1,"type":"light_city"}
{"pos":[-464.6054382324219,345.2195739746094,105.954833984375],"rotationMatrix":[0.7071068286895752,0.7071067690849304,0,-0.7071067690849304,0.7071068286895752,0,0,0,1],"scale":1,"type":"light_city"}
{"pos":[-490.7288818359375,313.1202392578125,106.1394729614258],"rotationMatrix":[1,3.894143674187944e-07,0,-3.894143674187944e-07,1,0,0,0,1],"scale":1,"type":"light_city"}
{"pos":[-499.5907287597656,339.5487976074219,106.1394729614258],"rotationMatrix":[-1,-4.132641606702236e-07,0,4.132641606702236e-07,-1,0,0,0,1],"scale":1,"type":"light_city"}
{"pos":[-508.4238891601563,324.8805236816406,106.1924285888672],"rotationMatrix":[-1.192092895507813e-07,-0.9999999403953552,0,0.9999999403953552,-1.192092895507813e-07,0,0,0,1],"scale":1,"type":"light_city"}
{"pos":[-482.0293579101563,327.9419860839844,106.1682052612305],"rotationMatrix":[-1.192092895507813e-07,1,0,-1,-1.192092895507813e-07,0,0,0,1],"scale":1,"type":"light_city"}
{"pos":[-550.4403076171875,161.3380279541016,110.2108764648438],"rotationMatrix":[-1.192092895507813e-06,-0.9999999403953552,0,0.9999999403953552,-1.192092895507813e-06,0,0,0,1],"scale":1,"type":"light_city"}
{"pos":[-596.5225830078125,207.4998474121094,121.4140930175781],"rotationMatrix":[1,3.894143674187944e-07,0,-3.894143674187944e-07,1,0,0,0,1],"scale":1,"type":"light_city"}
{"pos":[-605.23388671875,233.8435974121094,121.58837890625],"rotationMatrix":[-1,-4.132641606702236e-07,0,4.132641606702236e-07,-1,0,0,0,1],"scale":1,"type":"light_city"}
{"pos":[-614.1077270507813,219.1225738525391,121.5557479858398],"rotationMatrix":[-1.192092895507813e-07,-0.9999999403953552,0,0.9999999403953552,-1.192092895507813e-07,0,0,0,1],"scale":1,"type":"light_city"}
{"pos":[-587.6715698242188,222.1616973876953,121.5791320800781],"rotationMatrix":[-1.192092895507813e-07,1,0,-1,-1.192092895507813e-07,0,0,0,1],"scale":1,"type":"light_city"}
{"pos":[-780.571533203125,205.2673187255859,147.8902282714844],"rotationMatrix":[-1,8.901013188733486e-07,0,-8.901013188733486e-07,-1,0,0,0,1],"scale":1,"type":"light_city"}
{"pos":[-779.4492797851563,435.9768981933594,149.1439819335938],"rotationMatrix":[0.7071064114570618,-0.7071071267127991,0,0.7071071267127991,0.7071064114570618,0,0,0,1],"scale":1,"type":"light_city"}
{"pos":[-758.2595825195313,388.0524597167969,152.3633880615234],"rotationMatrix":[-1,2.384185791015625e-07,0,-2.384185791015625e-07,-1,0,0,0,1],"scale":1,"type":"light_city"}
{"pos":[-751.7537841796875,362.4867553710938,152.2874145507813],"rotationMatrix":[1,-8.742277657347586e-08,0,8.742277657347586e-08,1,0,0,0,1],"scale":1,"type":"light_city"}
{"pos":[-778.185546875,365.5179138183594,152.5682830810547],"rotationMatrix":[1.788139343261719e-07,-0.9999999403953552,0,0.9999999403953552,1.788139343261719e-07,0,0,0,1],"scale":1,"type":"light_city"}
{"pos":[-743.0062255859375,377.2860717773438,152.396240234375],"rotationMatrix":[-1.192092895507813e-07,1,0,-1,-1.192092895507813e-07,0,0,0,1],"scale":1,"type":"light_city"}
{"pos":[-859.41650390625,284.2388305664063,168.6089935302734],"rotationMatrix":[-0.7007098197937012,-0.7134461998939514,0,0.7134461998939514,-0.7007098197937012,0,0,0,1],"scale":1,"type":"light_city"}
{"pos":[-874.368896484375,275.144775390625,168.7230682373047],"rotationMatrix":[0.7134462594985962,-0.7007099390029907,0,0.7007099390029907,0.7134462594985962,0,0,0,1],"scale":1,"type":"light_city"}
{"pos":[-862.7841796875,257.6004638671875,168.6787719726563],"rotationMatrix":[0.7007102966308594,0.7134459018707275,0,-0.7134459018707275,0.7007102966308594,0,0,0,1],"scale":1,"type":"light_city"}
{"pos":[-847.9109497070313,266.3117370605469,168.4816436767578],"rotationMatrix":[-0.713445782661438,0.7007104754447937,0,-0.7007104754447937,-0.713445782661438,0,0,0,1],"scale":1,"type":"light_city"}
{"pos":[-913.9126586914063,862.979736328125,83.95323181152344],"rotationMatrix":[-0.009004831314086914,0.9999594688415527,0,-0.9999594688415527,-0.009004831314086914,0,0,0,1],"scale":1,"type":"light_city"}
{"pos":[-930.605712890625,867.3196411132813,83.97718048095703],"rotationMatrix":[0.9999594688415527,0.009004621766507626,0,-0.009004621766507626,0.9999594688415527,0,0,0,1],"scale":1,"type":"light_city"}
{"pos":[-909.3324584960938,887.755859375,84.04595947265625],"rotationMatrix":[-0.9999594688415527,-0.009004407562315464,0,0.009004407562315464,-0.9999594688415527,0,0,0,1],"scale":1,"type":"light_city"}
{"pos":[-762.7037963867188,760.4255981445313,96.92761993408203],"rotationMatrix":[-0.009004831314086914,0.9999594688415527,0,-0.9999594688415527,-0.009004831314086914,0,0,0,1],"scale":1,"type":"light_city"}
{"pos":[-779.37744140625,764.6920776367188,96.93112945556641],"rotationMatrix":[0.9999594688415527,0.009004621766507626,0,-0.009004621766507626,0.9999594688415527,0,0,0,1],"scale":1,"type":"light_city"}
{"pos":[-775.1757202148438,778.3291015625,96.85357666015625],"rotationMatrix":[0.009004473686218262,-0.9999594688415527,0,0.9999594688415527,0.009004473686218262,0,0,0,1],"scale":1,"type":"light_city"}
{"pos":[-758.3291015625,774.258544921875,96.78373718261719],"rotationMatrix":[-0.9999594688415527,-0.009004407562315464,0,0.009004407562315464,-0.9999594688415527,0,0,0,1],"scale":1,"type":"light_city"}
{"pos":[-337.8804321289063,623.8098754882813,84.04417419433594],"rotationMatrix":[0.7071069478988647,0.7071065902709961,0,-0.7071065902709961,0.7071069478988647,0,0,0,1],"scale":1,"type":"light_city"}
{"pos":[-374.5496520996094,611.183349609375,84.17643737792969],"rotationMatrix":[-0.7071070671081543,-0.707106351852417,0,0.707106351852417,-0.7071070671081543,0,0,0,1],"scale":1,"type":"light_city"}
{"pos":[-374.5456848144531,617.2867431640625,84.11087799072266],"rotationMatrix":[0.7071070671081543,-0.7071064710617065,0,0.7071064710617065,0.7071070671081543,0,0,0,1],"scale":1,"type":"light_city"}
{"pos":[-356.5348205566406,635.179931640625,84.90998077392578],"rotationMatrix":[-0.7071067094802856,0.7071068286895752,0,-0.7071068286895752,-0.7071067094802856,0,0,0,1],"scale":1,"type":"light_city"}
{"pos":[-359.5070495605469,602.17529296875,84.93046569824219],"rotationMatrix":[0.7071064114570618,-0.7071071267127991,0,0.7071071267127991,0.7071064114570618,0,0,0,1],"scale":1,"type":"light_city"}
{"pos":[-453.6814270019531,689.8975830078125,84.21125030517578],"rotationMatrix":[-0.7071070671081543,-0.707106351852417,0,0.707106351852417,-0.7071070671081543,0,0,0,1],"scale":1,"type":"light_city"}
{"pos":[-420.2414245605469,699.9984130859375,83.90541076660156],"rotationMatrix":[0.7071069478988647,0.7071065902709961,0,-0.7071065902709961,0.7071069478988647,0,0,0,1],"scale":1,"type":"light_city"}
{"pos":[-453.6111755371094,696.2597045898438,84.11087799072266],"rotationMatrix":[0.7071070671081543,-0.7071064710617065,0,0.7071064710617065,0.7071070671081543,0,0,0,1],"scale":1,"type":"light_city"}
{"pos":[-436.3111572265625,678.034423828125,84.85079193115234],"rotationMatrix":[0.7071064114570618,-0.7071071267127991,0,0.7071071267127991,0.7071064114570618,0,0,0,1],"scale":1,"type":"light_city"}
{"pos":[-438.4119262695313,711.6441650390625,84.83036041259766],"rotationMatrix":[-0.7071067094802856,0.7071068286895752,0,-0.7071068286895752,-0.7071067094802856,0,0,0,1],"scale":1,"type":"light_city"}
{"pos":[-913.8887329101563,431.8363647460938,162.3721771240234],"rotationMatrix":[0.7071069478988647,0.7071065902709961,0,-0.7071065902709961,0.7071069478988647,0,0,0,1],"scale":1,"type":"light_city"}
{"pos":[-909.468994140625,445.5408325195313,162.3721771240234],"rotationMatrix":[-0.7071067094802856,0.7071068286895752,0,-0.7071068286895752,-0.7071067094802856,0,0,0,1],"scale":1,"type":"light_city"}
{"pos":[-930.5686645507813,436.0524597167969,162.4522094726563],"rotationMatrix":[0.7071068286895752,-0.7071067690849304,0,0.7071067690849304,0.7071068286895752,0,0,0,1],"scale":1,"type":"light_city"}
{"pos":[-913.8280029296875,544.5377807617188,141.2670135498047],"rotationMatrix":[0.7071069478988647,0.7071065902709961,0,-0.7071065902709961,0.7071069478988647,0,0,0,1],"scale":1,"type":"light_city"}
{"pos":[-909.4846801757813,561.5654907226563,141.2670135498047],"rotationMatrix":[-0.7071067094802856,0.7071068286895752,0,-0.7071068286895752,-0.7071067094802856,0,0,0,1],"scale":1,"type":"light_city"}
{"pos":[-930.6837158203125,548.7830200195313,141.2670135498047],"rotationMatrix":[0.7071068286895752,-0.7071067690849304,0,0.7071067690849304,0.7071068286895752,0,0,0,1],"scale":1,"type":"light_city"}
{"pos":[-926.4512939453125,778.4067993164063,101.3565826416016],"rotationMatrix":[-1.192092895507813e-07,-1,0,1,-1.192092895507813e-07,0,0,0,1],"scale":1,"type":"light_city"}
{"pos":[-926.4512939453125,805.0911865234375,96.01679229736328],"rotationMatrix":[-1.192092895507813e-07,-1,0,1,-1.192092895507813e-07,0,0,0,1],"scale":1,"type":"light_city"}
{"pos":[-926.4512939453125,831.7755126953125,90.19797515869141],"rotationMatrix":[-1.192092895507813e-07,-1,0,1,-1.192092895507813e-07,0,0,0,1],"scale":1,"type":"light_city"}
{"pos":[-926.4512939453125,863.090576171875,83.91929626464844],"rotationMatrix":[-1.192092895507813e-07,-1,0,1,-1.192092895507813e-07,0,0,0,1],"scale":1,"type":"light_city"}
{"pos":[-926.4512939453125,760.4255981445313,101.4478378295898],"rotationMatrix":[-1.192092895507813e-07,-1,0,1,-1.192092895507813e-07,0,0,0,1],"scale":1,"type":"light_city"}
{"pos":[-926.4512939453125,727.1543579101563,108.670768737793],"rotationMatrix":[-1.192092895507813e-07,-1,0,1,-1.192092895507813e-07,0,0,0,1],"scale":1,"type":"light_city"}
{"pos":[-926.4512939453125,698.8031616210938,115.2005310058594],"rotationMatrix":[-1.192092895507813e-07,-1,0,1,-1.192092895507813e-07,0,0,0,1],"scale":1,"type":"light_city"}
{"pos":[-926.4512939453125,670.451904296875,121.2471313476563],"rotationMatrix":[-1.192092895507813e-07,-1,0,1,-1.192092895507813e-07,0,0,0,1],"scale":1,"type":"light_city"}
{"pos":[-926.4512939453125,565.91845703125,141.0921478271484],"rotationMatrix":[-1.192092895507813e-07,-1,0,1,-1.192092895507813e-07,0,0,0,1],"scale":1,"type":"light_city"}
{"pos":[-926.4512939453125,593.2247314453125,135.0455627441406],"rotationMatrix":[-1.192092895507813e-07,-1,0,1,-1.192092895507813e-07,0,0,0,1],"scale":1,"type":"light_city"}
{"pos":[-926.4512939453125,620.5309448242188,128.5564270019531],"rotationMatrix":[-1.192092895507813e-07,-1,0,1,-1.192092895507813e-07,0,0,0,1],"scale":1,"type":"light_city"}
{"pos":[-926.4512939453125,652.5758056640625,121.3508224487305],"rotationMatrix":[-1.192092895507813e-07,-1,0,1,-1.192092895507813e-07,0,0,0,1],"scale":1,"type":"light_city"}
{"pos":[-926.4512939453125,544.5702514648438,141.3709259033203],"rotationMatrix":[-1.192092895507813e-07,-1,0,1,-1.192092895507813e-07,0,0,0,1],"scale":1,"type":"light_city"}
{"pos":[-926.4512939453125,509.3641967773438,149.2368011474609],"rotationMatrix":[-1.192092895507813e-07,-1,0,1,-1.192092895507813e-07,0,0,0,1],"scale":1,"type":"light_city"}
{"pos":[-926.4512939453125,479.3641967773438,156.1459503173828],"rotationMatrix":[-1.192092895507813e-07,-1,0,1,-1.192092895507813e-07,0,0,0,1],"scale":1,"type":"light_city"}
{"pos":[-926.4254150390625,449.090087890625,162.4448547363281],"rotationMatrix":[-0.7071069478988647,-0.7071067094802856,0,0.7071067094802856,-0.7071069478988647,0,0,0,1],"scale":1,"type":"light_city"}
{"pos":[-527.87939453125,350.2381896972656,109.5400695800781],"rotationMatrix":[0.7071068286895752,-0.7071067690849304,0,0.7071067690849304,0.7071068286895752,0,0,0,1],"scale":1,"type":"light_city"}
{"pos":[-546.45703125,368.8158264160156,113.3391876220703],"rotationMatrix":[0.7071068286895752,-0.7071067690849304,0,0.7071067690849304,0.7071068286895752,0,0,0,1],"scale":1,"type":"light_city"}
{"pos":[-567.6702270507813,390.0290222167969,117.7281951904297],"rotationMatrix":[0.7071068286895752,-0.7071067690849304,0,0.7071067690849304,0.7071068286895752,0,0,0,1],"scale":1,"type":"light_city"}
{"pos":[-603.508544921875,425.8673400878906,120.4957580566406],"rotationMatrix":[0.7071068286895752,-0.7071067690849304,0,0.7071067690849304,0.7071068286895752,0,0,0,1],"scale":1,"type":"light_city"}
{"pos":[-627.1709594726563,449.5297546386719,123.6746978759766],"rotationMatrix":[0.7071068286895752,-0.7071067690849304,0,0.7071067690849304,0.7071068286895752,0,0,0,1],"scale":1,"type":"light_city"}
{"pos":[-645.9025268554688,468.2613220214844,126.0808715820313],"rotationMatrix":[0.7071068286895752,-0.7071067690849304,0,0.7071067690849304,0.7071068286895752,0,0,0,1],"scale":1,"type":"light_city"}
{"pos":[-550.4412231445313,132.7481994628906,109.8018112182617],"rotationMatrix":[0.7071068286895752,0.7071067690849304,0,-0.7071067690849304,0.7071068286895752,0,0,0,1],"scale":1,"type":"light_city"}
{"pos":[-571.7999877929688,111.3894500732422,110.4391250610352],"rotationMatrix":[0.7071068286895752,0.7071067690849304,0,-0.7071067690849304,0.7071068286895752,0,0,0,1],"scale":1,"type":"light_city"}
{"pos":[-595.5399169921875,87.64951324462891,111.1304931640625],"rotationMatrix":[0.7071068286895752,0.7071067690849304,0,-0.7071067690849304,0.7071068286895752,0,0,0,1],"scale":1,"type":"light_city"}
{"pos":[-619.6550903320313,63.53435897827148,111.8977432250977],"rotationMatrix":[0.7071068286895752,0.7071067690849304,0,-0.7071067690849304,0.7071068286895752,0,0,0,1],"scale":1,"type":"light_city"}
{"pos":[-652.1082153320313,70.76533508300781,113.7498321533203],"rotationMatrix":[-0.7071069478988647,0.7071067094802856,0,-0.7071067094802856,-0.7071069478988647,0,0,0,1],"scale":1,"type":"light_city"}
{"pos":[-639.8953247070313,66.76755523681641,113.9788055419922],"rotationMatrix":[-0.7071069478988647,-0.7071067094802856,0,0.7071067094802856,-0.7071069478988647,0,0,0,1],"scale":1,"type":"light_city"}
{"pos":[-554.4085083007813,152.2561798095703,111.7268371582031],"rotationMatrix":[-0.7071069478988647,-0.7071067094802856,0,0.7071067094802856,-0.7071069478988647,0,0,0,1],"scale":1,"type":"light_city"}
{"pos":[-576.410888671875,130.2533874511719,113.0726547241211],"rotationMatrix":[-0.7071069478988647,-0.7071067094802856,0,0.7071067094802856,-0.7071069478988647,0,0,0,1],"scale":1,"type":"light_city"}
{"pos":[-596.0509643554688,110.6128997802734,112.6743621826172],"rotationMatrix":[-0.7071069478988647,-0.7071067094802856,0,0.7071067094802856,-0.7071069478988647,0,0,0,1],"scale":1,"type":"light_city"}
{"pos":[-617.6995849609375,88.96379089355469,113.3346633911133],"rotationMatrix":[-0.7071069478988647,-0.7071067094802856,0,0.7071067094802856,-0.7071069478988647,0,0,0,1],"scale":1,"type":"light_city"}
{"pos":[-631.37939453125,175.0684509277344,123.5644683837891],"rotationMatrix":[0.7071068286895752,0.7071067690849304,0,-0.7071067690849304,0.7071068286895752,0,0,0,1],"scale":1,"type":"light_city"}
{"pos":[-671.35302734375,135.0065612792969,126.3403549194336],"rotationMatrix":[0.7071068286895752,0.7071067690849304,0,-0.7071067690849304,0.7071068286895752,0,0,0,1],"scale":1,"type":"light_city"}
{"pos":[-637.3770141601563,196.5439605712891,125.5068435668945],"rotationMatrix":[-0.7071064710617065,-0.7071071267127991,0,0.7071071267127991,-0.7071064710617065,0,0,0,1],"scale":1,"type":"light_city"}
{"pos":[-677.0943603515625,157.3079071044922,127.4846115112305],"rotationMatrix":[-0.7071064710617065,-0.7071071267127991,0,0.7071071267127991,-0.7071064710617065,0,0,0,1],"scale":1,"type":"light_city"}
{"pos":[-479.651611328125,506.163818359375,105.7575073242188],"rotationMatrix":[5.960464477539063e-08,-0.9999999403953552,0,0.9999999403953552,5.960464477539063e-08,0,0,0,1],"scale":1,"type":"light_city"}
{"pos":[-464.8291625976563,497.294921875,105.6680526733398],"rotationMatrix":[1,-8.742277657347586e-08,0,8.742277657347586e-08,1,0,0,0,1],"scale":1,"type":"light_city"}
{"pos":[-469.9036560058594,525.907958984375,105.5619125366211],"rotationMatrix":[-1,-4.132641606702236e-07,0,4.132641606702236e-07,-1,0,0,0,1],"scale":1,"type":"light_city"}
{"pos":[-450.9830017089844,513.007080078125,105.6380081176758],"rotationMatrix":[-1.192092895507813e-07,0.9999999403953552,0,-0.9999999403953552,-1.192092895507813e-07,0,0,0,1],"scale":1,"type":"light_city"}
{"pos":[-515.3526611328125,470.9763793945313,110.5270690917969],"rotationMatrix":[-0.7071069478988647,-0.7071067094802856,0,0.7071067094802856,-0.7071069478988647,0,0,0,1],"scale":1,"type":"light_city"}
{"pos":[-615.77099609375,370.5580444335938,125.0967025756836],"rotationMatrix":[-0.7071069478988647,-0.7071067094802856,0,0.7071067094802856,-0.7071069478988647,0,0,0,1],"scale":1,"type":"light_city"}
{"pos":[-645.0801391601563,341.2489624023438,132.0926971435547],"rotationMatrix":[-0.7071069478988647,-0.7071067094802856,0,0.7071067094802856,-0.7071069478988647,0,0,0,1],"scale":1,"type":"light_city"}
{"pos":[-373.9774169921875,435.8589782714844,105.2636108398438],"rotationMatrix":[-1.192092895507813e-07,0.9999999403953552,0,-0.9999999403953552,-1.192092895507813e-07,0,0,0,1],"scale":1,"type":"light_city"}
{"pos":[-391.6286926269531,447.666748046875,105.211051940918],"rotationMatrix":[-1,-4.132641606702236e-07,0,4.132641606702236e-07,-1,0,0,0,1],"scale":1,"type":"light_city"}
{"pos":[-385.5528869628906,418.1850891113281,105.2521591186523],"rotationMatrix":[1,-8.742277657347586e-08,0,8.742277657347586e-08,1,0,0,0,1],"scale":1,"type":"light_city"}
{"pos":[-403.2357177734375,429.9660339355469,105.2578582763672],"rotationMatrix":[5.960464477539063e-08,-0.9999999403953552,0,0.9999999403953552,5.960464477539063e-08,0,0,0,1],"scale":1,"type":"light_city"}
{"pos":[-719.3408203125,113.9974670410156,127.6098327636719],"rotationMatrix":[5.960464477539063e-08,-0.9999999403953552,0,0.9999999403953552,5.960464477539063e-08,0,0,0,1],"scale":1,"type":"light_city"}
{"pos":[-707.50830078125,102.4521255493164,127.4880828857422],"rotationMatrix":[1,-8.742277657347586e-08,0,8.742277657347586e-08,1,0,0,0,1],"scale":1,"type":"light_city"}
{"pos":[-710.3294677734375,128.9177551269531,127.5938720703125],"rotationMatrix":[-1,-4.132641606702236e-07,0,4.132641606702236e-07,-1,0,0,0,1],"scale":1,"type":"light_city"}
{"pos":[-692.5150756835938,117.1969299316406,127.611457824707],"rotationMatrix":[-1.192092895507813e-07,0.9999999403953552,0,-0.9999999403953552,-1.192092895507813e-07,0,0,0,1],"scale":1,"type":"light_city"}
{"pos":[-666.80322265625,295.4184265136719,138.4536743164063],"rotationMatrix":[-1.192092895507813e-07,0.9999999403953552,0,-0.9999999403953552,-1.192092895507813e-07,0,0,0,1],"scale":1,"type":"light_city"}
{"pos":[-675.7044677734375,310.1654968261719,138.4536743164063],"rotationMatrix":[-1,-4.132641606702236e-07,0,4.132641606702236e-07,-1,0,0,0,1],"scale":1,"type":"light_city"}
{"pos":[-681.5576171875,286.5530395507813,138.4571533203125],"rotationMatrix":[1,-8.742277657347586e-08,0,8.742277657347586e-08,1,0,0,0,1],"scale":1,"type":"light_city"}
{"pos":[-690.417724609375,301.2826538085938,138.5789031982422],"rotationMatrix":[5.960464477539063e-08,-0.9999999403953552,0,0.9999999403953552,5.960464477539063e-08,0,0,0,1],"scale":1,"type":"light_city"}
{"pos":[-584.724609375,407.0112915039063,118.1674728393555],"rotationMatrix":[5.960464477539063e-08,-0.9999999403953552,0,0.9999999403953552,5.960464477539063e-08,0,0,0,1],"scale":1,"type":"light_city"}
{"pos":[-575.869140625,392.2353210449219,118.1641616821289],"rotationMatrix":[1,-8.742277657347586e-08,0,8.742277657347586e-08,1,0,0,0,1],"scale":1,"type":"light_city"}
{"pos":[-570.0169067382813,415.87744140625,118.0219650268555],"rotationMatrix":[-1,-4.132641606702236e-07,0,4.132641606702236e-07,-1,0,0,0,1],"scale":1,"type":"light_city"}
{"pos":[-561.1156616210938,401.1674499511719,118.0219650268555],"rotationMatrix":[-1.192092895507813e-07,0.9999999403953552,0,-0.9999999403953552,-1.192092895507813e-07,0,0,0,1],"scale":1,"type":"light_city"}
{"pos":[-529.2186889648438,591.1248779296875,99.13525390625],"rotationMatrix":[-1.192092895507813e-07,0.9999999403953552,0,-0.9999999403953552,-1.192092895507813e-07,0,0,0,1],"scale":1,"type":"light_city"}
{"pos":[-546.805908203125,602.8291015625,99.13525390625],"rotationMatrix":[-1,-4.132641606702236e-07,0,4.132641606702236e-07,-1,0,0,0,1],"scale":1,"type":"light_city"}
{"pos":[-540.932373046875,573.5542602539063,99.24786376953125],"rotationMatrix":[1,-8.742277657347586e-08,0,8.742277657347586e-08,1,0,0,0,1],"scale":1,"type":"light_city"}
{"pos":[-558.5602416992188,585.1384887695313,99.28076171875],"rotationMatrix":[5.960464477539063e-08,-0.9999999403953552,0,0.9999999403953552,5.960464477539063e-08,0,0,0,1],"scale":1,"type":"light_city"}
{"pos":[-663.6041870117188,485.8857116699219,126.2433471679688],"rotationMatrix":[5.960464477539063e-08,-0.9999999403953552,0,0.9999999403953552,5.960464477539063e-08,0,0,0,1],"scale":1,"type":"light_city"}
{"pos":[-651.9315185546875,468.3300476074219,126.2400360107422],"rotationMatrix":[1,-8.742277657347586e-08,0,8.742277657347586e-08,1,0,0,0,1],"scale":1,"type":"light_city"}
{"pos":[-648.9347534179688,494.8174438476563,126.0978393554688],"rotationMatrix":[-1,-4.132641606702236e-07,0,4.132641606702236e-07,-1,0,0,0,1],"scale":1,"type":"light_city"}
{"pos":[-637.195556640625,477.2463989257813,126.0978393554688],"rotationMatrix":[-1.192092895507813e-07,0.9999999403953552,0,-0.9999999403953552,-1.192092895507813e-07,0,0,0,1],"scale":1,"type":"light_city"}
{"pos":[-758.4559326171875,666.4351196289063,115.4664306640625],"rotationMatrix":[-0.7071070671081543,0.7071065902709961,0,-0.7071065902709961,-0.7071070671081543,0,0,0,1],"scale":1,"type":"light_city"}
{"pos":[-775.1921997070313,670.6292724609375,115.4664306640625],"rotationMatrix":[-0.7071067094802856,-0.7071069478988647,0,0.7071069478988647,-0.7071067094802856,0,0,0,1],"scale":1,"type":"light_city"}
{"pos":[-762.48291015625,652.6177368164063,115.6086349487305],"rotationMatrix":[0.7071068286895752,0.7071067690849304,0,-0.7071067690849304,0.7071068286895752,0,0,0,1],"scale":1,"type":"light_city"}
{"pos":[-778.9509887695313,656.6307373046875,115.6119384765625],"rotationMatrix":[0.7071068286895752,-0.7071067690849304,0,0.7071067690849304,0.7071068286895752,0,0,0,1],"scale":1,"type":"light_city"}
{"pos":[-778.1854858398438,548.5911865234375,132.9386901855469],"rotationMatrix":[0.7071068286895752,-0.7071067690849304,0,0.7071067690849304,0.7071068286895752,0,0,0,1],"scale":1,"type":"light_city"}
{"pos":[-762.458984375,545.2958374023438,132.9353790283203],"rotationMatrix":[0.7071068286895752,0.7071067690849304,0,-0.7071067690849304,0.7071068286895752,0,0,0,1],"scale":1,"type":"light_city"}
{"pos":[-775.3836059570313,565.22119140625,132.7931823730469],"rotationMatrix":[-0.7071067094802856,-0.7071069478988647,0,0.7071069478988647,-0.7071067094802856,0,0,0,1],"scale":1,"type":"light_city"}
{"pos":[-758.8386840820313,561.6968383789063,132.7931823730469],"rotationMatrix":[-0.7071070671081543,0.7071065902709961,0,-0.7071065902709961,-0.7071070671081543,0,0,0,1],"scale":1,"type":"light_city"}
