{"pos":[-23.88349914550781,696.7059936523438,74.84980010986328],"rotationMatrix":[0.9958412647247314,0.09110529720783234,0,-0.09110529720783234,0.9958412647247314,0,0,0,1],"scale":1,"type":"pallet"}
{"pos":[-23.88349914550781,696.7059936523438,74.997802734375],"rotationMatrix":[0.9998687505722046,0.01620128564536572,0,-0.01620128564536572,0.9998687505722046,0,0,0,1],"scale":1,"type":"pallet"}
{"pos":[-23.88349914550781,696.7059936523438,75.14279937744141],"rotationMatrix":[0.9955253601074219,0.09449474513530731,0,-0.09449474513530731,0.9955253601074219,0,0,0,1],"scale":1,"type":"pallet"}
{"pos":[-23.88349914550781,696.7059936523438,75.29239654541016],"rotationMatrix":[-0.9956023693084717,-0.09367989003658295,0,0.09367989003658295,-0.9956023693084717,0,0,0,1],"scale":1,"type":"pallet"}
{"pos":[-23.88349914550781,696.7059936523438,75.3406982421875],"rotationMatrix":[0.9955253601074219,0.09449505805969238,-1.154796700575389e-05,0.09449505805969238,-0.9955253005027771,0.0002438673545839265,1.154796700575389e-05,-0.0002438673545839265,-1],"scale":1,"type":"pallet"}
{"pos":[-23.88349914550781,696.7059936523438,75.49089813232422],"rotationMatrix":[0.9990319013595581,0.04399226605892181,-5.371449788071914e-06,0.04399226605892181,-0.9990318417549133,0.0002440815296722576,5.371449788071914e-06,-0.0002440815296722576,-1],"scale":1,"type":"pallet"}
{"pos":[-23.88349914550781,696.7059936523438,75.635498046875],"rotationMatrix":[0.9885087013244629,0.1511604785919189,-0.00102770107332617,0.1511604785919189,-0.9884167909622192,0.01351873204112053,0.00102770107332617,-0.01351873204112053,-0.9999080896377563],"scale":1,"type":"pallet"}
{"pos":[-23.88349914550781,696.7059936523438,75.88700103759766],"rotationMatrix":[-0.9992002248764038,0.03998637944459915,0,-0.03998637944459915,-0.9992002248764038,0,0,0,1],"scale":1,"type":"pallet"}
{"pos":[-23.88349914550781,696.7059936523438,76.01899719238281],"rotationMatrix":[-0.9995999336242676,-0.02828378789126873,0,0.02828378789126873,-0.9995999336242676,0,0,0,1],"scale":1,"type":"pallet"}
{"pos":[-23.88349914550781,696.7059936523438,76.17500305175781],"rotationMatrix":[-0.9960020780563354,-0.08933006227016449,0,0.08933006227016449,-0.9960020780563354,0,0,0,1],"scale":1,"type":"pallet"}
{"pos":[-23.88349914550781,696.7059936523438,76.32839965820313],"rotationMatrix":[-1,0,0,0,-1,0,0,0,1],"scale":1,"type":"pallet"}
{"pos":[-23.88349914550781,696.7059936523438,76.47560119628906],"rotationMatrix":[-0.9988002777099609,-0.04896943271160126,0,0.04896943271160126,-0.9988002777099609,0,0,0,1],"scale":1,"type":"pallet"}
{"pos":[-23.88349914550781,696.7059936523438,76.62120056152344],"rotationMatrix":[-0.9988002777099609,-0.04896943271160126,0,0.04896943271160126,-0.9988002777099609,0,0,0,1],"scale":1,"type":"pallet"}
{"pos":[-23.88349914550781,696.7059936523438,76.64779663085938],"rotationMatrix":[0.9990319013595581,0.04399226605892181,-5.371449788071914e-06,0.04399226605892181,-0.9990318417549133,0.0002440815296722576,5.371449788071914e-06,-0.0002440815296722576,-1],"scale":1,"type":"pallet"}
{"pos":[-23.88349914550781,696.7059936523438,76.90280151367188],"rotationMatrix":[0.9958412647247314,0.09110529720783234,0,-0.09110529720783234,0.9958412647247314,0,0,0,1],"scale":1,"type":"pallet"}
{"pos":[-23.90519905090332,696.9450073242188,77.04109954833984],"rotationMatrix":[0.9692976474761963,0.2458903640508652,0,-0.2458903640508652,0.9692976474761963,0,0,0,1],"scale":1,"type":"pallet"}
{"pos":[-23.86820030212402,699.0700073242188,77.04109954833984],"rotationMatrix":[-0.6031240224838257,0.7976474165916443,0,-0.7976474165916443,-0.6031240224838257,0,0,0,1],"scale":1,"type":"pallet"}
{"pos":[-23.86820030212402,699.0700073242188,76.90280151367188],"rotationMatrix":[-0.4709553718566895,0.882157027721405,0,-0.882157027721405,-0.4709553718566895,0,0,0,1],"scale":1,"type":"pallet"}
{"pos":[-23.86820030212402,699.0700073242188,76.64779663085938],"rotationMatrix":[-0.4287260770797729,0.9033522605895996,-0.01219290867447853,0.9033471941947937,0.4288332462310791,0.008117769844830036,0.01256193034350872,-0.007534130476415157,-0.9998927116394043],"scale":1,"type":"pallet"}
{"pos":[-23.86820030212402,699.0700073242188,76.62120056152344],"rotationMatrix":[0.433739185333252,-0.9010384678840637,0,0.9010384678840637,0.433739185333252,0,0,0,1],"scale":1,"type":"pallet"}
{"pos":[-23.86820030212402,699.0700073242188,76.47560119628906],"rotationMatrix":[0.433739185333252,-0.9010384678840637,0,0.9010384678840637,0.433739185333252,0,0,0,1],"scale":1,"type":"pallet"}
{"pos":[-23.86820030212402,699.0700073242188,76.32839965820313],"rotationMatrix":[0.4070395231246948,-0.9134105443954468,0,0.9134105443954468,0.4070395231246948,0,0,0,1],"scale":1,"type":"pallet"}
{"pos":[-23.86820030212402,699.0700073242188,76.17500305175781],"rotationMatrix":[0.4695500135421753,-0.882905900478363,0,0.882905900478363,0.4695500135421753,0,0,0,1],"scale":1,"type":"pallet"}
{"pos":[-23.86820030212402,699.0700073242188,76.01899719238281],"rotationMatrix":[0.4148544073104858,-0.9098877906799316,0,0.9098877906799316,0.4148544073104858,0,0,0,1],"scale":1,"type":"pallet"}
{"pos":[-23.86820030212402,699.0700073242188,75.88700103759766],"rotationMatrix":[0.3486030101776123,-0.93727046251297,0,0.93727046251297,0.3486030101776123,0,0,0,1],"scale":1,"type":"pallet"}
{"pos":[-23.86820030212402,699.0700073242188,75.635498046875],"rotationMatrix":[-0.523542582988739,0.8519994616508484,-0.0002130847424268723,0.8519994616508484,0.5235426425933838,0.0001191618066513911,0.0002130847424268723,-0.0001191618066513911,-1],"scale":1,"type":"pallet"}
{"pos":[-23.86820030212402,699.0700073242188,75.49089813232422],"rotationMatrix":[-0.4287260770797729,0.9033522605895996,-0.01219290867447853,0.9033471941947937,0.4288332462310791,0.008117769844830036,0.01256193034350872,-0.007534130476415157,-0.9998927116394043],"scale":1,"type":"pallet"}
{"pos":[-23.86820030212402,699.0700073242188,75.3406982421875],"rotationMatrix":[-0.4739826321601868,0.8805341720581055,-0.0001252059882972389,0.8805341720581055,0.473982572555542,-0.0002095903182635084,-0.0001252059882972389,-0.0002095903182635084,-1],"scale":1,"type":"pallet"}
{"pos":[-23.86820030212402,699.0700073242188,75.29239654541016],"rotationMatrix":[0.4738671779632568,-0.8805963397026062,0,0.8805963397026062,0.4738671779632568,0,0,0,1],"scale":1,"type":"pallet"}
{"pos":[-23.86820030212402,699.0700073242188,75.14279937744141],"rotationMatrix":[-0.4740445613861084,0.880500853061676,0,-0.880500853061676,-0.4740445613861084,0,0,0,1],"scale":1,"type":"pallet"}
{"pos":[-23.86820030212402,699.0700073242188,74.997802734375],"rotationMatrix":[-0.4034825563430786,0.914987325668335,0,-0.914987325668335,-0.4034825563430786,0,0,0,1],"scale":1,"type":"pallet"}
{"pos":[-23.86820030212402,699.0700073242188,74.84980010986328],"rotationMatrix":[-0.4709553718566895,0.882157027721405,0,-0.882157027721405,-0.4709553718566895,0,0,0,1],"scale":1,"type":"pallet"}
{"pos":[-23.86650085449219,699.0659790039063,77.19139862060547],"rotationMatrix":[-0.6543805599212646,0.7561653852462769,0,-0.7561653852462769,-0.6543805599212646,0,0,0,1],"scale":1,"type":"pallet"}
{"pos":[-23.86650085449219,699.0659790039063,77.33950042724609],"rotationMatrix":[-0.5956124067306519,0.8032719492912292,0,-0.8032719492912292,-0.5956124067306519,0,0,0,1],"scale":1,"type":"pallet"}
{"pos":[-23.86650085449219,699.0659790039063,77.4844970703125],"rotationMatrix":[-0.6569280624389648,0.7539532780647278,0,-0.7539532780647278,-0.6569280624389648,0,0,0,1],"scale":1,"type":"pallet"}
{"pos":[-23.86650085449219,699.0659790039063,77.63400268554688],"rotationMatrix":[0.6567111015319824,-0.7541422247886658,0,0.7541422247886658,0.6567111015319824,0,0,0,1],"scale":1,"type":"pallet"}
{"pos":[-23.86650085449219,699.0659790039063,77.68229675292969],"rotationMatrix":[-0.6568099856376648,0.7540560960769653,-0.0002222088805865496,0.7540560960769653,0.6568100452423096,0.0001011328713502735,0.0002222088805865496,-0.0001011328713502735,-1],"scale":1,"type":"pallet"}
{"pos":[-23.86650085449219,699.0659790039063,77.83260345458984],"rotationMatrix":[-0.6178406476974487,0.786255419254303,-0.008678275160491467,0.786255419254303,0.6178872585296631,0.004217560868710279,0.008678275160491467,-0.004217560868710279,-0.9999535083770752],"scale":1,"type":"pallet"}
{"pos":[-23.86650085449219,699.0659790039063,77.97709655761719],"rotationMatrix":[-0.6986930370330811,0.7153458595275879,-0.01040853001177311,0.7153458595275879,0.6987568140029907,0.004383192397654057,0.01040853001177311,-0.004383192397654057,-0.9999362230300903],"scale":1,"type":"pallet"}
{"pos":[-23.86650085449219,699.0659790039063,78.22859954833984],"rotationMatrix":[0.3169533014297485,-0.9484411478042603,0,0.9484411478042603,0.3169533014297485,0,0,0,1],"scale":1,"type":"pallet"}
{"pos":[-23.86650085449219,699.0659790039063,78.36070251464844],"rotationMatrix":[0.3841719627380371,-0.9232615828514099,0,0.9232615828514099,0.3841719627380371,0,0,0,1],"scale":1,"type":"pallet"}
{"pos":[-22.74810028076172,699.6820068359375,75.28600311279297],"rotationMatrix":[0.1944522857666016,0.1046459600329399,-0.9753140807151794,-0.4624810814857483,0.8866243362426758,0.002923315856605768,0.8650431036949158,0.4504958391189575,0.220802903175354],"scale":1,"type":"pallet"}
{"pos":[-22.88839912414551,699.6019897460938,75.27539825439453],"rotationMatrix":[0.2167327404022217,0.08059096336364746,-0.9728987812995911,-0.491496741771698,0.8700752258300781,-0.03741728886961937,0.8434796333312988,0.4862861335277557,0.2281839847564697],"scale":1,"type":"pallet"}
{"pos":[-9.190899848937988,672.416015625,75.31620025634766],"rotationMatrix":[-0.2253673076629639,0.974161684513092,-0.01478401478379965,-0.8152690529823303,-0.1968730688095093,-0.5445892214775085,-0.5334284901618958,-0.1106796488165855,0.83857262134552],"scale":1,"type":"pallet"}
{"pos":[-8.430999755859375,672.5540161132813,74.88210296630859],"rotationMatrix":[-1,0,0,0,-1,0,0,0,1],"scale":1,"type":"pallet"}
{"pos":[-8.430999755859375,672.5540161132813,74.90869903564453],"rotationMatrix":[0.9999725818634033,0.007397047709673643,-0.0003452646196819842,0.007397047709673643,-0.9999727010726929,-1.276986836273863e-06,-0.0003452646196819842,-1.276986836273863e-06,-1],"scale":1,"type":"pallet"}
{"pos":[-8.430999755859375,672.5540161132813,75.1636962890625],"rotationMatrix":[0.9992079734802246,0.03979228064417839,0,-0.03979228064417839,0.9992079734802246,0,0,0,1],"scale":1,"type":"pallet"}
{"pos":[-8.430999755859375,672.5540161132813,75.302001953125],"rotationMatrix":[0.9806742668151855,0.1956475973129272,0,-0.1956475973129272,0.9806742668151855,0,0,0,1],"scale":1,"type":"pallet"}
{"pos":[-69.37000274658203,650.5819702148438,75.27539825439453],"rotationMatrix":[0.04460477828979492,-0.2267652451992035,-0.9729275107383728,0.937808096408844,0.3451285362243652,-0.03744619339704514,0.3442765474319458,-0.9107490181922913,0.2280566692352295],"scale":1,"type":"pallet"}
{"pos":[-69.31369781494141,650.4299926757813,75.28600311279297],"rotationMatrix":[0.07203066349029541,-0.2088480591773987,-0.9752917885780334,0.9494712948799133,0.3138402700424194,0.002918218960985541,0.3054763674736023,-0.9262217879295349,0.2209013700485229],"scale":1,"type":"pallet"}
{"pos":[-69.74150085449219,651.6329956054688,78.36070251464844],"rotationMatrix":[-0.9728925228118896,-0.2312577366828918,0,0.2312577366828918,-0.9728925228118896,0,0,0,1],"scale":1,"type":"pallet"}
{"pos":[-69.74150085449219,651.6329956054688,78.22859954833984],"rotationMatrix":[-0.9872205257415771,-0.1593600809574127,0,0.1593600809574127,-0.9872205257415771,0,0,0,1],"scale":1,"type":"pallet"}
{"pos":[-69.74150085449219,651.6329956054688,77.97709655761719],"rotationMatrix":[0.8185460567474365,0.5744408369064331,-0.0002328022674191743,0.5744408369064331,-0.8185461163520813,-7.35373905627057e-05,-0.0002328022674191743,-7.35373905627057e-05,-1],"scale":1,"type":"pallet"}
{"pos":[-69.74150085449219,651.6329956054688,77.83260345458984],"rotationMatrix":[0.8754942417144775,0.4832286536693573,-8.614594844402745e-05,0.4832286536693573,-0.875494122505188,0.000334347365424037,8.614594844402745e-05,-0.000334347365424037,-1],"scale":1,"type":"pallet"}
{"pos":[-69.74150085449219,651.6329956054688,77.68229675292969],"rotationMatrix":[0.8499473333358765,0.5268676280975342,-0.0002348035923205316,0.5268676280975342,-0.8499473929405212,-6.687239510938525e-05,-0.0002348035923205316,-6.687239510938525e-05,-1],"scale":1,"type":"pallet"}
{"pos":[-69.74150085449219,651.6329956054688,77.63400268554688],"rotationMatrix":[-0.8501183986663818,-0.5265915989875793,0,0.5265915989875793,-0.8501183986663818,0,0,0,1],"scale":1,"type":"pallet"}
{"pos":[-69.74150085449219,651.6329956054688,77.4844970703125],"rotationMatrix":[0.8499575853347778,0.5268511176109314,0,-0.5268511176109314,0.8499575853347778,0,0,0,1],"scale":1,"type":"pallet"}
{"pos":[-69.74150085449219,651.6329956054688,77.33950042724609],"rotationMatrix":[0.8886079788208008,0.4586674869060516,0,-0.4586674869060516,0.8886079788208008,0,0,0,1],"scale":1,"type":"pallet"}
{"pos":[-69.74150085449219,651.6329956054688,77.19139862060547],"rotationMatrix":[0.8517054319381714,0.5240208506584167,0,-0.5240208506584167,0.8517054319381714,0,0,0,1],"scale":1,"type":"pallet"}
{"pos":[-69.73739624023438,651.6339721679688,74.84980010986328],"rotationMatrix":[0.9464700222015381,0.32279172539711,0,-0.32279172539711,0.9464700222015381,0,0,0,1],"scale":1,"type":"pallet"}
{"pos":[-69.73739624023438,651.6339721679688,74.997802734375],"rotationMatrix":[0.9679955244064331,0.2509674429893494,0,-0.2509674429893494,0.9679955244064331,0,0,0,1],"scale":1,"type":"pallet"}
{"pos":[-69.73739624023438,651.6339721679688,75.14279937744141],"rotationMatrix":[0.9453518390655518,0.3260519802570343,0,-0.3260519802570343,0.9453518390655518,0,0,0,1],"scale":1,"type":"pallet"}
{"pos":[-69.73739624023438,651.6339721679688,75.29239654541016],"rotationMatrix":[-0.9451807737350464,-0.3265475630760193,0,0.3265475630760193,-0.9451807737350464,0,0,0,1],"scale":1,"type":"pallet"}
{"pos":[-69.73739624023438,651.6339721679688,75.3406982421875],"rotationMatrix":[0.9453518390655518,0.3260376453399658,-0.003057516179978848,0.3260376453399658,-0.9451807737350464,0.01824151910841465,0.003057516179978848,-0.01824151910841465,-0.9998289346694946],"scale":1,"type":"pallet"}
{"pos":[-69.73739624023438,651.6339721679688,75.49089813232422],"rotationMatrix":[0.9606318473815918,0.277821958065033,-0.001186555833555758,0.277821958065033,-0.9605960845947266,0.00837355200201273,0.001186555833555758,-0.00837355200201273,-0.9999642372131348],"scale":1,"type":"pallet"}
{"pos":[-69.73739624023438,651.6339721679688,75.635498046875],"rotationMatrix":[0.9251928329467773,0.3794896006584167,-0.002420502947643399,0.3794896006584167,-0.9251145124435425,0.01227908954024315,0.00242054439149797,-0.01227908115833998,-0.9999216794967651],"scale":1,"type":"pallet"}
{"pos":[-69.73739624023438,651.6339721679688,75.88700103759766],"rotationMatrix":[-0.9812442064285278,-0.1927687972784042,0,0.1927687972784042,-0.9812442064285278,0,0,0,1],"scale":1,"type":"pallet"}
{"pos":[-69.73739624023438,651.6339721679688,76.01899719238281],"rotationMatrix":[-0.9649547338485718,-0.2624163925647736,0,0.2624163925647736,-0.9649547338485718,0,0,0,1],"scale":1,"type":"pallet"}
{"pos":[-69.73739624023438,651.6339721679688,76.17500305175781],"rotationMatrix":[-0.9471538066864014,-0.3207797706127167,0,0.3207797706127167,-0.9471538066864014,0,0,0,1],"scale":1,"type":"pallet"}
{"pos":[-69.73739624023438,651.6339721679688,76.32839965820313],"rotationMatrix":[-0.966937780380249,-0.2550124228000641,0,0.2550124228000641,-0.966937780380249,0,0,0,1],"scale":1,"type":"pallet"}
{"pos":[-69.73739624023438,651.6339721679688,76.47560119628906],"rotationMatrix":[-0.9590122699737549,-0.2833645343780518,0,0.2833645343780518,-0.9590122699737549,0,0,0,1],"scale":1,"type":"pallet"}
{"pos":[-69.73739624023438,651.6339721679688,76.62120056152344],"rotationMatrix":[-0.9590122699737549,-0.2833645343780518,0,0.2833645343780518,-0.9590122699737549,0,0,0,1],"scale":1,"type":"pallet"}
{"pos":[-69.73739624023438,651.6339721679688,76.64779663085938],"rotationMatrix":[0.9606318473815918,0.277821958065033,-0.001186555833555758,0.277821958065033,-0.9605960845947266,0.00837355200201273,0.001186555833555758,-0.00837355200201273,-0.9999642372131348],"scale":1,"type":"pallet"}
{"pos":[-69.73739624023438,651.6339721679688,76.90280151367188],"rotationMatrix":[0.9464700222015381,0.32279172539711,0,-0.32279172539711,0.9464700222015381,0,0,0,1],"scale":1,"type":"pallet"}
{"pos":[-69.73739624023438,651.6339721679688,77.04109954833984],"rotationMatrix":[0.8842232227325439,0.4670645594596863,0,-0.4670645594596863,0.8842232227325439,0,0,0,1],"scale":1,"type":"pallet"}
{"pos":[-71.82890319824219,652.0130004882813,77.04109954833984],"rotationMatrix":[0.08658862113952637,-0.9962441325187683,0,0.9962441325187683,0.08658862113952637,0,0,0,1],"scale":1,"type":"pallet"}
{"pos":[-72.06800079345703,652.030029296875,76.90280151367188],"rotationMatrix":[-0.07047712802886963,-0.9975134134292603,0,0.9975134134292603,-0.07047712802886963,0,0,0,1],"scale":1,"type":"pallet"}
{"pos":[-72.06800079345703,652.030029296875,76.64779663085938],"rotationMatrix":[-0.1172134876251221,0.9929956793785095,-0.01485090795904398,0.9929956793785095,0.1174108982086182,0.01319972425699234,0.01485092751681805,-0.01319970190525055,-0.9998025894165039],"scale":1,"type":"pallet"}
{"pos":[-72.06800079345703,652.030029296875,76.62120056152344],"rotationMatrix":[0.112088680267334,0.9936981797218323,0,-0.9936981797218323,0.112088680267334,0,0,0,1],"scale":1,"type":"pallet"}
{"pos":[-72.06800079345703,652.030029296875,76.47560119628906],"rotationMatrix":[0.112088680267334,0.9936981797218323,0,-0.9936981797218323,0.112088680267334,0,0,0,1],"scale":1,"type":"pallet"}
{"pos":[-72.06800079345703,652.030029296875,76.32839965820313],"rotationMatrix":[0.1411638259887695,0.9899862408638,0,-0.9899862408638,0.1411638259887695,0,0,0,1],"scale":1,"type":"pallet"}
{"pos":[-72.06800079345703,652.030029296875,76.17500305175781],"rotationMatrix":[0.07193303108215332,0.997409462928772,0,-0.997409462928772,0.07193303108215332,0,0,0,1],"scale":1,"type":"pallet"}
{"pos":[-72.06800079345703,652.030029296875,76.01899719238281],"rotationMatrix":[0.1324920654296875,0.9911840558052063,0,-0.9911840558052063,0.1324920654296875,0,0,0,1],"scale":1,"type":"pallet"}
{"pos":[-72.06800079345703,652.030029296875,75.88700103759766],"rotationMatrix":[0.2031731605529785,0.9791428446769714,0,-0.9791428446769714,0.2031731605529785,0,0,0,1],"scale":1,"type":"pallet"}
{"pos":[-72.06800079345703,652.030029296875,75.635498046875],"rotationMatrix":[-0.009904682636260986,-0.9999509453773499,0.0001734863180899993,-0.9999509453773499,0.009904742240905762,0.0001717764243949205,-0.0001734863180899993,-0.0001717764243949205,-1],"scale":1,"type":"pallet"}
{"pos":[-72.06800079345703,652.030029296875,75.49089813232422],"rotationMatrix":[-0.1172134876251221,0.9929956793785095,-0.01485090795904398,0.9929956793785095,0.1174108982086182,0.01319972425699234,0.01485092751681805,-0.01319970190525055,-0.9998025894165039],"scale":1,"type":"pallet"}
{"pos":[-72.06800079345703,652.030029296875,75.3406982421875],"rotationMatrix":[-0.06696844100952148,0.9977265596389771,-0.007548649329692125,0.9977265596389771,0.06702184677124023,0.007058793213218451,0.007548669818788767,-0.007058771327137947,-0.9999465942382813],"scale":1,"type":"pallet"}
{"pos":[-72.06800079345703,652.030029296875,75.29239654541016],"rotationMatrix":[0.06702184677124023,0.9977515339851379,0,-0.9977515339851379,0.06702184677124023,0,0,0,1],"scale":1,"type":"pallet"}
{"pos":[-72.06800079345703,652.030029296875,75.14279937744141],"rotationMatrix":[-0.06696844100952148,-0.9977551102638245,0,0.9977551102638245,-0.06696844100952148,0,0,0,1],"scale":1,"type":"pallet"}
{"pos":[-72.06800079345703,652.030029296875,74.997802734375],"rotationMatrix":[-0.1448872089385986,-0.9894481897354126,0,0.9894481897354126,-0.1448872089385986,0,0,0,1],"scale":1,"type":"pallet"}
{"pos":[-72.06800079345703,652.030029296875,74.84980010986328],"rotationMatrix":[-0.07047712802886963,-0.9975134134292603,0,0.9975134134292603,-0.07047712802886963,0,0,0,1],"scale":1,"type":"pallet"}
{"pos":[-817.2429809570313,846.364990234375,75.15670013427734],"rotationMatrix":[0.5073726177215576,-0.8617267608642578,0,0.8617267608642578,0.5073726177215576,0,0,0,1],"scale":1,"type":"pallet"}
{"pos":[-817.5570068359375,844.3779907226563,75.15670013427734],"rotationMatrix":[-0.5277520418167114,-0.8493984937667847,0,0.8493984937667847,-0.5277520418167114,0,0,0,1],"scale":1,"type":"pallet"}
{"pos":[53.60020065307617,694.3140258789063,77.04109954833984],"rotationMatrix":[-0.9098395109176636,-0.4149603247642517,0,0.4149603247642517,-0.9098395109176636,0,0,0,1],"scale":1,"type":"pallet"}
{"pos":[53.60020065307617,694.3140258789063,76.90280151367188],"rotationMatrix":[-0.9637655019760132,-0.2667509317398071,0,0.2667509317398071,-0.9637655019760132,0,0,0,1],"scale":1,"type":"pallet"}
{"pos":[53.60020065307617,694.3140258789063,76.64779663085938],"rotationMatrix":[-0.9751406908035278,-0.2215866297483444,1.480826306021754e-08,-0.2215866297483444,0.9751406908035278,1.66130598167058e-09,-1.480826306021754e-08,-1.66130598167058e-09,-1],"scale":1,"type":"pallet"}
{"pos":[53.60020065307617,694.3140258789063,76.62120056152344],"rotationMatrix":[0.97391676902771,0.2269055396318436,0,-0.2269055396318436,0.97391676902771,0,0,0,1],"scale":1,"type":"pallet"}
{"pos":[53.60020065307617,694.3140258789063,76.47560119628906],"rotationMatrix":[0.97391676902771,0.2269055396318436,0,-0.2269055396318436,0.97391676902771,0,0,0,1],"scale":1,"type":"pallet"}
{"pos":[53.60020065307617,694.3140258789063,76.32839965820313],"rotationMatrix":[0.9801995754241943,0.1980120986700058,0,-0.1980120986700058,0.9801995754241943,0,0,0,1],"scale":1,"type":"pallet"}
{"pos":[53.60020065307617,694.3140258789063,76.17500305175781],"rotationMatrix":[0.9640343189239502,0.2657777965068817,0,-0.2657777965068817,0.9640343189239502,0,0,0,1],"scale":1,"type":"pallet"}
{"pos":[53.60020065307617,694.3140258789063,76.01909637451172],"rotationMatrix":[0.9784095287322998,0.2066755741834641,0,-0.2066755741834641,0.9784095287322998,0,0,0,1],"scale":1,"type":"pallet"}
{"pos":[53.60020065307617,694.3140258789063,75.88700103759766],"rotationMatrix":[0.9907248020172119,0.1358836442232132,0,-0.1358836442232132,0.9907248020172119,0,0,0,1],"scale":1,"type":"pallet"}
{"pos":[53.60020065307617,694.3140258789063,75.635498046875],"rotationMatrix":[-0.9455753564834595,0.3250844478607178,-0.01439951453357935,0.3250844478607178,0.9456819295883179,0.002406002022325993,0.01439951453357935,-0.002406002022325993,-0.9998934268951416],"scale":1,"type":"pallet"}
{"pos":[53.60020065307617,694.3140258789063,75.49099731445313],"rotationMatrix":[-0.9751406908035278,-0.2215866297483444,1.480826306021754e-08,-0.2215866297483444,0.9751406908035278,1.66130598167058e-09,-1.480826306021754e-08,-1.66130598167058e-09,-1],"scale":1,"type":"pallet"}
{"pos":[53.60020065307617,694.3140258789063,75.3406982421875],"rotationMatrix":[-0.9625766277313232,0.2706344127655029,-0.01425653230398893,0.2706294357776642,0.9626808166503906,0.0023144471924752,0.01435085944831371,-0.001630404382012784,-0.9998956918716431],"scale":1,"type":"pallet"}
{"pos":[53.60020065307617,694.3140258789063,75.29239654541016],"rotationMatrix":[0.9626808166503906,0.2706393301486969,0,-0.2706393301486969,0.9626808166503906,0,0,0,1],"scale":1,"type":"pallet"}
{"pos":[53.60020065307617,694.3140258789063,75.14279937744141],"rotationMatrix":[-0.9625766277313232,-0.2710096538066864,0,0.2710096538066864,-0.9625766277313232,0,0,0,1],"scale":1,"type":"pallet"}
{"pos":[53.60020065307617,694.3140258789063,74.99790191650391],"rotationMatrix":[-0.9808460474014282,-0.1947845816612244,0,0.1947845816612244,-0.9808460474014282,0,0,0,1],"scale":1,"type":"pallet"}
{"pos":[53.60020065307617,694.3140258789063,74.84980010986328],"rotationMatrix":[-0.9637655019760132,-0.2667509317398071,0,0.2667509317398071,-0.9637655019760132,0,0,0,1],"scale":1,"type":"pallet"}
{"pos":[53.60440063476563,694.3150024414063,77.19149780273438],"rotationMatrix":[-0.8806360960006714,-0.4737932682037354,0,0.4737932682037354,-0.8806360960006714,0,0,0,1],"scale":1,"type":"pallet"}
{"pos":[53.60440063476563,694.3150024414063,77.33950042724609],"rotationMatrix":[-0.9137505292892456,-0.4062757194042206,0,0.4062757194042206,-0.9137505292892456,0,0,0,1],"scale":1,"type":"pallet"}
{"pos":[53.60440063476563,694.3150024414063,77.4844970703125],"rotationMatrix":[-0.8790848255157471,-0.4766653776168823,0,0.4766653776168823,-0.8790848255157471,0,0,0,1],"scale":1,"type":"pallet"}
{"pos":[53.60440063476563,694.3150024414063,77.63410186767578],"rotationMatrix":[0.8791646957397461,0.4765180349349976,0,-0.4765180349349976,0.8791646957397461,0,0,0,1],"scale":1,"type":"pallet"}
{"pos":[51.70280075073242,694.2930297851563,74.75599670410156],"rotationMatrix":[-0.7521919012069702,0.6589439511299133,-0.0004570312448777258,0.6589439511299133,0.7521920204162598,0.0001718749990686774,0.0004570312448777258,-0.0001718749990686774,-0.9999998807907104],"scale":1,"type":"pallet"}
{"pos":[51.70280075073242,694.2930297851563,74.90619659423828],"rotationMatrix":[-0.7844682335853577,0.6201690435409546,-8.014579361770302e-05,0.6201690435409546,0.7844681739807129,-0.0002306107053300366,-8.014579361770302e-05,-0.0002306107053300366,-1],"scale":1,"type":"pallet"}
{"pos":[51.70280075073242,694.2930297851563,75.05069732666016],"rotationMatrix":[-0.7133811116218567,0.7007762789726257,-9.242245141649619e-05,0.7007762789726257,0.7133810520172119,-0.0002259706525364891,-9.242245141649619e-05,-0.0002259706525364891,-1],"scale":1,"type":"pallet"}
{"pos":[51.70280075073242,694.2930297851563,75.30229949951172],"rotationMatrix":[0.9475120306015015,0.3197201192378998,0,-0.3197201192378998,0.9475120306015015,0,0,0,1],"scale":1,"type":"pallet"}
{"pos":[51.70280075073242,694.2930297851563,75.43430328369141],"rotationMatrix":[0.9221453666687012,0.3868435323238373,0,-0.3868435323238373,0.9221453666687012,0,0,0,1],"scale":1,"type":"pallet"}
{"pos":[53.24710083007813,695.5399780273438,75.28600311279297],"rotationMatrix":[-0.05961799621582031,0.2126329690217972,-0.9753116965293884,-0.9660985469818115,-0.258158802986145,0.002772228326648474,-0.2511958479881287,0.9424124360084534,0.2208153009414673],"scale":1,"type":"pallet"}
{"pos":[53.29460144042969,695.385986328125,75.27549743652344],"rotationMatrix":[-0.03137803077697754,0.228981152176857,-0.9729250073432922,-0.9562704563140869,-0.2900789976119995,-0.03743016347289085,-0.2907959222793579,0.9292049407958984,0.2280700206756592],"scale":1,"type":"pallet"}
{"pos":[56.02389907836914,694.760009765625,74.84980010986328],"rotationMatrix":[0.946535587310791,0.3225994110107422,0,-0.3225994110107422,0.946535587310791,0,0,0,1],"scale":1,"type":"pallet"}
{"pos":[56.02389907836914,694.760009765625,74.99790191650391],"rotationMatrix":[0.9680460691452026,0.2507724165916443,0,-0.2507724165916443,0.9680460691452026,0,0,0,1],"scale":1,"type":"pallet"}
{"pos":[56.02389907836914,694.760009765625,75.14279937744141],"rotationMatrix":[0.3830616474151611,-0.9237228035926819,0,0.9237228035926819,0.3830616474151611,0,0,0,1],"scale":1,"type":"pallet"}
{"pos":[56.02389907836914,694.760009765625,75.29239654541016],"rotationMatrix":[-0.2083905935287476,0.9780457019805908,0,-0.9780457019805908,-0.2083905935287476,0,0,0,1],"scale":1,"type":"pallet"}
{"pos":[56.02389907836914,694.760009765625,75.3406982421875],"rotationMatrix":[0.9454138278961182,0.3258721232414246,-0.0002407858992228284,0.3258721232414246,-0.9454138875007629,-4.033353252452798e-05,-0.0002407858992228284,-4.033353252452798e-05,-1],"scale":1,"type":"pallet"}
{"pos":[56.02389907836914,694.760009765625,75.49099731445313],"rotationMatrix":[0.9606878757476807,0.2776241898536682,-0.001899606548249722,0.2776241898536682,-0.9605960845947266,0.01341511774808168,0.001899606548249722,-0.01341511774808168,-0.9999082088470459],"scale":1,"type":"pallet"}
{"pos":[56.02389907836914,694.760009765625,75.635498046875],"rotationMatrix":[0.9252701997756958,0.3792933225631714,-0.003410935867577791,0.3792933225631714,-0.9251145124435425,0.01731230691075325,0.003410935867577791,-0.01731230691075325,-0.9998443126678467],"scale":1,"type":"pallet"}
{"pos":[56.02389907836914,694.760009765625,75.88700103759766],"rotationMatrix":[-0.4266984462738037,0.9043939709663391,0,-0.9043939709663391,-0.4266984462738037,0,0,0,1],"scale":1,"type":"pallet"}
{"pos":[56.02389907836914,694.760009765625,76.01909637451172],"rotationMatrix":[-0.9649547338485718,-0.2624163925647736,0,0.2624163925647736,-0.9649547338485718,0,0,0,1],"scale":1,"type":"pallet"}
{"pos":[56.02389907836914,694.760009765625,76.17500305175781],"rotationMatrix":[-0.5424704551696777,0.840074896812439,0,-0.840074896812439,-0.5424704551696777,0,0,0,1],"scale":1,"type":"pallet"}
{"pos":[44.80199813842773,682.7650146484375,74.84980010986328],"rotationMatrix":[0.514296293258667,-0.8576125502586365,0,0.8576125502586365,0.514296293258667,0,0,0,1],"scale":1,"type":"pallet"}
{"pos":[44.80199813842773,682.7650146484375,74.99790191650391],"rotationMatrix":[0.4485399723052979,-0.8937627673149109,0,0.8937627673149109,0.4485399723052979,0,0,0,1],"scale":1,"type":"pallet"}
{"pos":[44.80199813842773,682.7650146484375,75.14279937744141],"rotationMatrix":[-0.822904109954834,-0.56818026304245,0,0.56818026304245,-0.822904109954834,0,0,0,1],"scale":1,"type":"pallet"}
{"pos":[44.80199813842773,682.7650146484375,75.29239654541016],"rotationMatrix":[0.9124706983566284,0.4091420471668243,0,-0.4091420471668243,0.9124706983566284,0,0,0,1],"scale":1,"type":"pallet"}
{"pos":[44.80199813842773,682.7650146484375,75.3406982421875],"rotationMatrix":[0.5172445774078369,0.8558376431465149,-0.0001199467951664701,0.8558376431465149,-0.5172445178031921,0.0002126438630511984,0.0001199467951664701,-0.0002126438630511984,-1],"scale":1,"type":"pallet"}
{"pos":[44.80199813842773,682.7650146484375,75.49099731445313],"rotationMatrix":[0.4732383489608765,0.8809344172477722,-0.0001771932293195277,0.8809344172477722,-0.4732382297515869,0.0002963306324090809,0.0001771932293195277,-0.0002963306324090809,-1],"scale":1,"type":"pallet"}
{"pos":[44.80199813842773,682.7650146484375,75.635498046875],"rotationMatrix":[0.5651285648345947,0.8249779939651489,-0.006403593346476555,0.8249779939651489,-0.5650342702865601,0.01214801240712404,0.006403593346476555,-0.01214801240712404,-0.9999057054519653],"scale":1,"type":"pallet"}
{"pos":[44.80199813842773,682.7650146484375,75.88700103759766],"rotationMatrix":[0.7946877479553223,0.6070184111595154,0,-0.6070184111595154,0.7946877479553223,0,0,0,1],"scale":1,"type":"pallet"}
{"pos":[44.80199813842773,682.7650146484375,76.01909637451172],"rotationMatrix":[-0.4596570730209351,0.8880965113639832,0,-0.8880965113639832,-0.4596570730209351,0,0,0,1],"scale":1,"type":"pallet"}
{"pos":[44.80199813842773,682.7650146484375,76.17500305175781],"rotationMatrix":[0.7073874473571777,0.7068260312080383,0,-0.7068260312080383,0.7073874473571777,0,0,0,1],"scale":1,"type":"pallet"}
{"pos":[46.3484992980957,678.0180053710938,75.27549743652344],"rotationMatrix":[-0.2123304605484009,-0.0916372612118721,-0.9728917479515076,0.5345154404640198,-0.844342827796936,-0.03712709993124008,-0.8180519342422485,-0.5279089212417603,0.2282612323760986],"scale":1,"type":"pallet"}
{"pos":[46.21239852905273,677.9320068359375,75.28600311279297],"rotationMatrix":[-0.1890050172805786,-0.1143202111124992,-0.9752989411354065,0.5062510967254639,-0.8623809814453125,0.002977113472297788,-0.8414195775985718,-0.4931834638118744,0.2208690643310547],"scale":1,"type":"pallet"}
{"pos":[47.29869842529297,678.6019897460938,78.36070251464844],"rotationMatrix":[-0.4297404289245605,0.9029524922370911,0,-0.9029524922370911,-0.4297404289245605,0,0,0,1],"scale":1,"type":"pallet"}
{"pos":[47.29869842529297,678.6019897460938,78.22869873046875],"rotationMatrix":[-0.3638912439346313,0.9314414262771606,0,-0.9314414262771606,-0.3638912439346313,0,0,0,1],"scale":1,"type":"pallet"}
{"pos":[47.29869842529297,678.6019897460938,77.97709655761719],"rotationMatrix":[0.733549952507019,0.6796300411224365,-0.002732101827859879,0.6796300411224365,-0.7335219383239746,0.006968730129301548,0.002732101827859879,-0.006968730129301548,-0.9999719858169556],"scale":1,"type":"pallet"}
{"pos":[47.29869842529297,678.6019897460938,77.83260345458984],"rotationMatrix":[0.656213641166687,0.7545720338821411,-0.002161482814699411,0.7545720338821411,-0.6562000513076782,0.004744209814816713,0.002161482814699411,-0.004744209814816713,-0.9999864101409912],"scale":1,"type":"pallet"}
{"pos":[47.29869842529297,678.6019897460938,77.68240356445313],"rotationMatrix":[0.6934469938278198,0.7205076813697815,-9.558238525642082e-05,0.7205076813697815,-0.693446934223175,0.0002246522926725447,9.558238525642082e-05,-0.0002246522926725447,-1],"scale":1,"type":"pallet"}
{"pos":[47.29869842529297,678.6019897460938,77.63410186767578],"rotationMatrix":[-0.6935360431671143,0.7204219102859497,0,-0.7204219102859497,-0.6935360431671143,0,0,0,1],"scale":1,"type":"pallet"}
{"pos":[47.29869842529297,678.6019897460938,77.4844970703125],"rotationMatrix":[0.6934554576873779,-0.7204995155334473,0,0.7204995155334473,0.6934554576873779,0,0,0,1],"scale":1,"type":"pallet"}
{"pos":[47.29869842529297,678.6019897460938,77.33950042724609],"rotationMatrix":[0.6350003480911255,-0.7725118398666382,0,0.7725118398666382,0.6350003480911255,0,0,0,1],"scale":1,"type":"pallet"}
{"pos":[47.29869842529297,678.6019897460938,77.19149780273438],"rotationMatrix":[0.6911020278930664,-0.7227572202682495,0,0.7227572202682495,0.6911020278930664,0,0,0,1],"scale":1,"type":"pallet"}
{"pos":[47.30059814453125,678.5989990234375,74.84980010986328],"rotationMatrix":[0.514296293258667,-0.8576125502586365,0,0.8576125502586365,0.514296293258667,0,0,0,1],"scale":1,"type":"pallet"}
{"pos":[47.30059814453125,678.5989990234375,74.99790191650391],"rotationMatrix":[0.4485399723052979,-0.8937627673149109,0,0.8937627673149109,0.4485399723052979,0,0,0,1],"scale":1,"type":"pallet"}
{"pos":[47.30059814453125,678.5989990234375,75.14279937744141],"rotationMatrix":[0.5172486305236816,-0.8558351993560791,0,0.8558351993560791,0.5172486305236816,0,0,0,1],"scale":1,"type":"pallet"}
{"pos":[47.30059814453125,678.5989990234375,75.29239654541016],"rotationMatrix":[-0.5172820091247559,0.8558149933815002,0,-0.8558149933815002,-0.5172820091247559,0,0,0,1],"scale":1,"type":"pallet"}
{"pos":[47.30059814453125,678.5989990234375,75.3406982421875],"rotationMatrix":[0.5172445774078369,0.8558376431465149,-0.0001199467951664701,0.8558376431465149,-0.5172445178031921,0.0002126438630511984,0.0001199467951664701,-0.0002126438630511984,-1],"scale":1,"type":"pallet"}
{"pos":[47.30059814453125,678.5989990234375,75.49099731445313],"rotationMatrix":[0.4732383489608765,0.8809344172477722,-0.0001771932293195277,0.8809344172477722,-0.4732382297515869,0.0002963306324090809,0.0001771932293195277,-0.0002963306324090809,-1],"scale":1,"type":"pallet"}
{"pos":[47.30059814453125,678.5989990234375,75.635498046875],"rotationMatrix":[0.5651285648345947,0.8249779939651489,-0.006403593346476555,0.8249779939651489,-0.5650342702865601,0.01214801240712404,0.006403593346476555,-0.01214801240712404,-0.9999057054519653],"scale":1,"type":"pallet"}
{"pos":[47.30059814453125,678.5989990234375,75.88700103759766],"rotationMatrix":[-0.3947839736938477,0.9187739491462708,0,-0.9187739491462708,-0.3947839736938477,0,0,0,1],"scale":1,"type":"pallet"}
{"pos":[47.30059814453125,678.5989990234375,76.01909637451172],"rotationMatrix":[-0.4596570730209351,0.8880965113639832,0,-0.8880965113639832,-0.4596570730209351,0,0,0,1],"scale":1,"type":"pallet"}
{"pos":[47.30059814453125,678.5989990234375,76.17500305175781],"rotationMatrix":[-0.5127562284469604,0.8585342168807983,0,-0.8585342168807983,-0.5127562284469604,0,0,0,1],"scale":1,"type":"pallet"}
{"pos":[47.30059814453125,678.5989990234375,76.32839965820313],"rotationMatrix":[-0.451807975769043,0.8921152353286743,0,-0.8921152353286743,-0.451807975769043,0,0,0,1],"scale":1,"type":"pallet"}
{"pos":[47.30059814453125,678.5989990234375,76.47560119628906],"rotationMatrix":[-0.478168249130249,0.8782682418823242,0,-0.8782682418823242,-0.478168249130249,0,0,0,1],"scale":1,"type":"pallet"}
{"pos":[47.30059814453125,678.5989990234375,76.62120056152344],"rotationMatrix":[-0.478168249130249,0.8782682418823242,0,-0.8782682418823242,-0.478168249130249,0,0,0,1],"scale":1,"type":"pallet"}
{"pos":[47.30059814453125,678.5989990234375,76.64779663085938],"rotationMatrix":[0.4732383489608765,0.8809344172477722,-0.0001771932293195277,0.8809344172477722,-0.4732382297515869,0.0002963306324090809,0.0001771932293195277,-0.0002963306324090809,-1],"scale":1,"type":"pallet"}
{"pos":[47.30059814453125,678.5989990234375,76.90280151367188],"rotationMatrix":[0.514296293258667,-0.8576125502586365,0,0.8576125502586365,0.514296293258667,0,0,0,1],"scale":1,"type":"pallet"}
{"pos":[47.30059814453125,678.5989990234375,77.04109954833984],"rotationMatrix":[0.6421420574188232,-0.766585648059845,0,0.766585648059845,0.6421420574188232,0,0,0,1],"scale":1,"type":"pallet"}
{"pos":[46.16730117797852,681.0780029296875,75.61599731445313],"rotationMatrix":[-0.8739159107208252,-0.4860532879829407,-0.004816244821995497,0.05511211231350899,-0.108925461769104,0.9925209879875183,-0.482942670583725,0.8671144247055054,0.1219791173934937],"scale":1,"type":"pallet"}
{"pos":[46.52050018310547,680.3660278320313,77.04109954833984],"rotationMatrix":[0.6421420574188232,-0.766585648059845,0,0.766585648059845,0.6421420574188232,0,0,0,1],"scale":1,"type":"pallet"}
{"pos":[46.31480026245117,680.2420043945313,76.90280151367188],"rotationMatrix":[0.514296293258667,-0.8576125502586365,0,0.8576125502586365,0.514296293258667,0,0,0,1],"scale":1,"type":"pallet"}
{"pos":[46.31480026245117,680.2420043945313,76.64779663085938],"rotationMatrix":[0.4732383489608765,0.8809344172477722,-0.0001771932293195277,0.8809344172477722,-0.4732382297515869,0.0002963306324090809,0.0001771932293195277,-0.0002963306324090809,-1],"scale":1,"type":"pallet"}
{"pos":[46.31480026245117,680.2420043945313,76.62120056152344],"rotationMatrix":[-0.478168249130249,0.8782682418823242,0,-0.8782682418823242,-0.478168249130249,0,0,0,1],"scale":1,"type":"pallet"}
{"pos":[46.31480026245117,680.2420043945313,76.47560119628906],"rotationMatrix":[-0.478168249130249,0.8782682418823242,0,-0.8782682418823242,-0.478168249130249,0,0,0,1],"scale":1,"type":"pallet"}
{"pos":[46.31480026245117,680.2420043945313,76.32839965820313],"rotationMatrix":[-0.451807975769043,0.8921152353286743,0,-0.8921152353286743,-0.451807975769043,0,0,0,1],"scale":1,"type":"pallet"}
{"pos":[46.31480026245117,680.2420043945313,76.17500305175781],"rotationMatrix":[-0.5127562284469604,0.8585342168807983,0,-0.8585342168807983,-0.5127562284469604,0,0,0,1],"scale":1,"type":"pallet"}
{"pos":[46.31480026245117,680.2420043945313,76.01909637451172],"rotationMatrix":[-0.4596570730209351,0.8880965113639832,0,-0.8880965113639832,-0.4596570730209351,0,0,0,1],"scale":1,"type":"pallet"}
{"pos":[46.31480026245117,680.2420043945313,75.88700103759766],"rotationMatrix":[-0.3947839736938477,0.9187739491462708,0,-0.9187739491462708,-0.3947839736938477,0,0,0,1],"scale":1,"type":"pallet"}
{"pos":[46.31480026245117,680.2420043945313,75.635498046875],"rotationMatrix":[0.5651285648345947,0.8249779939651489,-0.006403593346476555,0.8249779939651489,-0.5650342702865601,0.01214801240712404,0.006403593346476555,-0.01214801240712404,-0.9999057054519653],"scale":1,"type":"pallet"}
