{"pos":[-436.1650085449219,-25.1151008605957,108.677001953125],"rotationMatrix":[0.721287727355957,-0.6926355361938477,6.058080543880351e-05,0.6926038265228271,0.7212555408477783,0.009505520574748516,-0.006627555936574936,-0.006814257241785526,0.9999548196792603],"scale":1,"type":"pipeline_support2"}
{"pos":[-469.6159973144531,-59.94469833374023,108.2229995727539],"rotationMatrix":[0.721287727355957,-0.6926355361938477,6.058080543880351e-05,0.6926038265228271,0.7212555408477783,0.009505520574748516,-0.006627555936574936,-0.006814257241785526,0.9999548196792603],"scale":1,"type":"pipeline_support2"}
{"pos":[-440.0459899902344,-29.15640068054199,108.6240005493164],"rotationMatrix":[0.721287727355957,-0.6926355361938477,6.058080543880351e-05,0.6926038265228271,0.7212555408477783,0.009505520574748516,-0.006627555936574936,-0.006814257241785526,0.9999548196792603],"scale":1,"type":"pipeline_support2"}
{"pos":[-447.8259887695313,-37.25690078735352,108.5179977416992],"rotationMatrix":[0.721287727355957,-0.6926355361938477,6.058080543880351e-05,0.6926038265228271,0.7212555408477783,0.009505520574748516,-0.006627555936574936,-0.006814257241785526,0.9999548196792603],"scale":1,"type":"pipeline_support2"}
{"pos":[-443.9450073242188,-33.21559906005859,108.5709991455078],"rotationMatrix":[0.721287727355957,-0.6926355361938477,6.058080543880351e-05,0.6926038265228271,0.7212555408477783,0.009505520574748516,-0.006627555936574936,-0.006814257241785526,0.9999548196792603],"scale":1,"type":"pipeline_support2"}
{"pos":[-451.7229919433594,-41.31420135498047,108.4660034179688],"rotationMatrix":[0.721287727355957,-0.6926355361938477,6.058080543880351e-05,0.6926038265228271,0.7212555408477783,0.009505520574748516,-0.006627555936574936,-0.006814257241785526,0.9999548196792603],"scale":1,"type":"pipeline_support2"}
{"pos":[-455.6050109863281,-45.35549926757813,108.4130020141602],"rotationMatrix":[0.721287727355957,-0.6926355361938477,6.058080543880351e-05,0.6926038265228271,0.7212555408477783,0.009505520574748516,-0.006627555936574936,-0.006814257241785526,0.9999548196792603],"scale":1,"type":"pipeline_support2"}
{"pos":[-463.3770141601563,-53.44760131835938,108.306999206543],"rotationMatrix":[0.721287727355957,-0.6926355361938477,6.058080543880351e-05,0.6926038265228271,0.7212555408477783,0.009505520574748516,-0.006627555936574936,-0.006814257241785526,0.9999548196792603],"scale":1,"type":"pipeline_support2"}
{"pos":[-459.4949951171875,-49.40629959106445,108.3600006103516],"rotationMatrix":[0.721287727355957,-0.6926355361938477,6.058080543880351e-05,0.6926038265228271,0.7212555408477783,0.009505520574748516,-0.006627555936574936,-0.006814257241785526,0.9999548196792603],"scale":1,"type":"pipeline_support2"}
{"pos":[-492.9469909667969,-84.23590087890625,107.9059982299805],"rotationMatrix":[0.721287727355957,-0.6926355361938477,6.058080543880351e-05,0.6926038265228271,0.7212555408477783,0.009505520574748516,-0.006627555936574936,-0.006814257241785526,0.9999548196792603],"scale":1,"type":"pipeline_support2"}
{"pos":[-496.8280029296875,-88.27729797363281,107.8529968261719],"rotationMatrix":[0.721287727355957,-0.6926355361938477,6.058080543880351e-05,0.6926038265228271,0.7212555408477783,0.009505520574748516,-0.006627555936574936,-0.006814257241785526,0.9999548196792603],"scale":1,"type":"pipeline_support2"}
{"pos":[-489.0559997558594,-80.18520355224609,107.9589996337891],"rotationMatrix":[0.721287727355957,-0.6926355361938477,6.058080543880351e-05,0.6926038265228271,0.7212555408477783,0.009505520574748516,-0.006627555936574936,-0.006814257241785526,0.9999548196792603],"scale":1,"type":"pipeline_support2"}
{"pos":[-485.1749877929688,-76.143798828125,108.0110015869141],"rotationMatrix":[0.721287727355957,-0.6926355361938477,6.058080543880351e-05,0.6926038265228271,0.7212555408477783,0.009505520574748516,-0.006627555936574936,-0.006814257241785526,0.9999548196792603],"scale":1,"type":"pipeline_support2"}
{"pos":[-477.39599609375,-68.04519653320313,108.1169967651367],"rotationMatrix":[0.721287727355957,-0.6926355361938477,6.058080543880351e-05,0.6926038265228271,0.7212555408477783,0.009505520574748516,-0.006627555936574936,-0.006814257241785526,0.9999548196792603],"scale":1,"type":"pipeline_support2"}
{"pos":[-481.2780151367188,-72.08650207519531,108.0640029907227],"rotationMatrix":[0.721287727355957,-0.6926355361938477,6.058080543880351e-05,0.6926038265228271,0.7212555408477783,0.009505520574748516,-0.006627555936574936,-0.006814257241785526,0.9999548196792603],"scale":1,"type":"pipeline_support2"}
{"pos":[-473.4979858398438,-63.98600006103516,108.1699981689453],"rotationMatrix":[0.721287727355957,-0.6926355361938477,6.058080543880351e-05,0.6926038265228271,0.7212555408477783,0.009505520574748516,-0.006627555936574936,-0.006814257241785526,0.9999548196792603],"scale":1,"type":"pipeline_support2"}
{"pos":[-521.802978515625,-109.4550018310547,107.4300003051758],"rotationMatrix":[0.02418398857116699,-0.9997075200080872,-8.224378689192235e-05,0.9996843934059143,0.02418398857116699,-0.006800434086471796,0.006800434086471796,8.224378689192235e-05,0.9999768733978271],"scale":1,"type":"pipeline_support2"}
{"pos":[-527.405029296875,-109.5910034179688,107.4680023193359],"rotationMatrix":[0.02418398857116699,-0.9997075200080872,-8.224378689192235e-05,0.9996843934059143,0.02418398857116699,-0.006800434086471796,0.006800434086471796,8.224378689192235e-05,0.9999768733978271],"scale":1,"type":"pipeline_support2"}
{"pos":[-538.6339721679688,-109.8619995117188,107.5439987182617],"rotationMatrix":[0.02418398857116699,-0.9997075200080872,-8.224378689192235e-05,0.9996843934059143,0.02418398857116699,-0.006800434086471796,0.006800434086471796,8.224378689192235e-05,0.9999768733978271],"scale":1,"type":"pipeline_support2"}
{"pos":[-533.031982421875,-109.7269973754883,107.5059967041016],"rotationMatrix":[0.02418398857116699,-0.9997075200080872,-8.224378689192235e-05,0.9996843934059143,0.02418398857116699,-0.006800434086471796,0.006800434086471796,8.224378689192235e-05,0.9999768733978271],"scale":1,"type":"pipeline_support2"}
{"pos":[-544.2579956054688,-109.9980010986328,107.5820007324219],"rotationMatrix":[0.02418398857116699,-0.9997075200080872,-8.224378689192235e-05,0.9996843934059143,0.02418398857116699,-0.006800434086471796,0.006800434086471796,8.224378689192235e-05,0.9999768733978271],"scale":1,"type":"pipeline_support2"}
{"pos":[-508.5979919433594,-100.5319976806641,107.463996887207],"rotationMatrix":[0.721287727355957,-0.6926355361938477,6.058080543880351e-05,0.6926038265228271,0.7212555408477783,0.009505520574748516,-0.006627555936574936,-0.006814257241785526,0.9999548196792603],"scale":1,"type":"pipeline_support2"}
{"pos":[-512.47900390625,-104.572998046875,107.411003112793],"rotationMatrix":[0.721287727355957,-0.6926355361938477,6.058080543880351e-05,0.6926038265228271,0.7212555408477783,0.009505520574748516,-0.006627555936574936,-0.006814257241785526,0.9999548196792603],"scale":1,"type":"pipeline_support2"}
{"pos":[-504.6990051269531,-96.47219848632813,107.5169982910156],"rotationMatrix":[0.721287727355957,-0.6926355361938477,6.058080543880351e-05,0.6926038265228271,0.7212555408477783,0.009505520574748516,-0.006627555936574936,-0.006814257241785526,0.9999548196792603],"scale":1,"type":"pipeline_support2"}
{"pos":[-500.8179931640625,-92.43090057373047,107.5699996948242],"rotationMatrix":[0.721287727355957,-0.6926355361938477,6.058080543880351e-05,0.6926038265228271,0.7212555408477783,0.009505520574748516,-0.006627555936574936,-0.006814257241785526,0.9999548196792603],"scale":1,"type":"pipeline_support2"}
{"pos":[-606.5910034179688,-185.4900054931641,104.3720016479492],"rotationMatrix":[0.7653875350952148,-0.6435696482658386,0,0.6435696482658386,0.7653875350952148,0,0,0,1],"scale":1,"type":"pipeline_support2"}
{"pos":[-602.968994140625,-181.1829986572266,104.3720016479492],"rotationMatrix":[0.7653875350952148,-0.6435696482658386,0,0.6435696482658386,0.7653875350952148,0,0,0,1],"scale":1,"type":"pipeline_support2"}
{"pos":[-599.3619995117188,-176.8939971923828,104.3720016479492],"rotationMatrix":[0.7653875350952148,-0.6435696482658386,0,0.6435696482658386,0.7653875350952148,0,0,0,1],"scale":1,"type":"pipeline_support2"}
{"pos":[-617.4320068359375,-198.3829956054688,104.3710021972656],"rotationMatrix":[0.7653875350952148,-0.6435696482658386,0,0.6435696482658386,0.7653875350952148,0,0,0,1],"scale":1,"type":"pipeline_support2"}
{"pos":[-621.0380249023438,-202.6719970703125,104.3710021972656],"rotationMatrix":[0.7653875350952148,-0.6435696482658386,0,0.6435696482658386,0.7653875350952148,0,0,0,1],"scale":1,"type":"pipeline_support2"}
{"pos":[-624.6610107421875,-206.97900390625,104.3710021972656],"rotationMatrix":[0.7653875350952148,-0.6435696482658386,0,0.6435696482658386,0.7653875350952148,0,0,0,1],"scale":1,"type":"pipeline_support2"}
{"pos":[-613.8179931640625,-194.0850067138672,104.3710021972656],"rotationMatrix":[0.7653875350952148,-0.6435696482658386,0,0.6435696482658386,0.7653875350952148,0,0,0,1],"scale":1,"type":"pipeline_support2"}
{"pos":[-610.197021484375,-189.7790069580078,104.3710021972656],"rotationMatrix":[0.7653875350952148,-0.6435696482658386,0,0.6435696482658386,0.7653875350952148,0,0,0,1],"scale":1,"type":"pipeline_support2"}
{"pos":[-628.2670288085938,-211.2680053710938,104.370002746582],"rotationMatrix":[0.7653875350952148,-0.6435696482658386,0,0.6435696482658386,0.7653875350952148,0,0,0,1],"scale":1,"type":"pipeline_support2"}
{"pos":[-182.6569976806641,188.7949981689453,121.515998840332],"rotationMatrix":[-0.6987602710723877,-0.7153559327125549,6.832367944298312e-05,0.7153001427650452,-0.6987046003341675,0.01255323830991983,-0.008932295255362988,0.008820576593279839,0.9999212026596069],"scale":1,"type":"pipeline_support2"}
{"pos":[-186.6649932861328,192.7109985351563,121.4459991455078],"rotationMatrix":[-0.6987602710723877,-0.7153559327125549,6.832367944298312e-05,0.7153001427650452,-0.6987046003341675,0.01255323830991983,-0.008932295255362988,0.008820576593279839,0.9999212026596069],"scale":1,"type":"pipeline_support2"}
{"pos":[-178.6390075683594,184.8710021972656,121.5869979858398],"rotationMatrix":[-0.6987602710723877,-0.7153559327125549,6.832367944298312e-05,0.7153001427650452,-0.6987046003341675,0.01255323830991983,-0.008932295255362988,0.008820576593279839,0.9999212026596069],"scale":1,"type":"pipeline_support2"}
{"pos":[-174.6309967041016,180.9550018310547,121.6569976806641],"rotationMatrix":[-0.6987602710723877,-0.7153559327125549,6.832367944298312e-05,0.7153001427650452,-0.6987046003341675,0.01255323830991983,-0.008932295255362988,0.008820576593279839,0.9999212026596069],"scale":1,"type":"pipeline_support2"}
{"pos":[-166.5989990234375,173.1089935302734,121.7979965209961],"rotationMatrix":[-0.6987602710723877,-0.7153559327125549,6.832367944298312e-05,0.7153001427650452,-0.6987046003341675,0.01255323830991983,-0.008932295255362988,0.008820576593279839,0.9999212026596069],"scale":1,"type":"pipeline_support2"}
{"pos":[-170.6069946289063,177.0240020751953,121.7279968261719],"rotationMatrix":[-0.6987602710723877,-0.7153559327125549,6.832367944298312e-05,0.7153001427650452,-0.6987046003341675,0.01255323830991983,-0.008932295255362988,0.008820576593279839,0.9999212026596069],"scale":1,"type":"pipeline_support2"}
{"pos":[-162.572998046875,169.1759948730469,121.8679962158203],"rotationMatrix":[-0.6987602710723877,-0.7153559327125549,6.832367944298312e-05,0.7153001427650452,-0.6987046003341675,0.01255323830991983,-0.008932295255362988,0.008820576593279839,0.9999212026596069],"scale":1,"type":"pipeline_support2"}
{"pos":[-158.5639953613281,165.2610015869141,121.9390029907227],"rotationMatrix":[-0.6987602710723877,-0.7153559327125549,6.832367944298312e-05,0.7153001427650452,-0.6987046003341675,0.01255323830991983,-0.008932295255362988,0.008820576593279839,0.9999212026596069],"scale":1,"type":"pipeline_support2"}
{"pos":[-193.6790008544922,199.5780029296875,121.2809982299805],"rotationMatrix":[-0.7019411325454712,-0.7122349739074707,9.526507710688747e-06,0.7119860053062439,-0.701695442199707,0.02644612826406956,-0.01882917247712612,0.01857040822505951,0.999650239944458],"scale":1,"type":"pipeline_support2"}
{"pos":[-201.6779937744141,207.4579925537109,120.9850006103516],"rotationMatrix":[-0.7019411325454712,-0.7122349739074707,9.526507710688747e-06,0.7119860053062439,-0.701695442199707,0.02644612826406956,-0.01882917247712612,0.01857040822505951,0.999650239944458],"scale":1,"type":"pipeline_support2"}
{"pos":[-197.6869964599609,203.5269927978516,121.1330032348633],"rotationMatrix":[-0.7019411325454712,-0.7122349739074707,9.526507710688747e-06,0.7119860053062439,-0.701695442199707,0.02644612826406956,-0.01882917247712612,0.01857040822505951,0.999650239944458],"scale":1,"type":"pipeline_support2"}
{"pos":[-205.6840057373047,211.4040069580078,120.8369979858398],"rotationMatrix":[-0.7019411325454712,-0.7122349739074707,9.526507710688747e-06,0.7119860053062439,-0.701695442199707,0.02644612826406956,-0.01882917247712612,0.01857040822505951,0.999650239944458],"scale":1,"type":"pipeline_support2"}
{"pos":[-209.6750030517578,215.3350067138672,120.6890029907227],"rotationMatrix":[-0.7019411325454712,-0.7122349739074707,9.526507710688747e-06,0.7119860053062439,-0.701695442199707,0.02644612826406956,-0.01882917247712612,0.01857040822505951,0.999650239944458],"scale":1,"type":"pipeline_support2"}
{"pos":[509.4719848632813,716.9169921875,124.3899993896484],"rotationMatrix":[-0.8267272710800171,-0.5625419616699219,-0.008282076567411423,0.5625593662261963,-0.8267568349838257,0.0002656729193404317,-0.006996715441346169,-0.00443952064961195,0.9999656677246094],"scale":1,"type":"pipeline_support2"}
{"pos":[506.3210144042969,721.5499877929688,124.3880004882813],"rotationMatrix":[-0.8267272710800171,-0.5625419616699219,-0.008282076567411423,0.5625593662261963,-0.8267568349838257,0.0002656729193404317,-0.006996715441346169,-0.00443952064961195,0.9999656677246094],"scale":1,"type":"pipeline_support2"}
{"pos":[500.0050048828125,730.8389892578125,124.3850021362305],"rotationMatrix":[-0.8267272710800171,-0.5625419616699219,-0.008282076567411423,0.5625593662261963,-0.8267568349838257,0.0002656729193404317,-0.006996715441346169,-0.00443952064961195,0.9999656677246094],"scale":1,"type":"pipeline_support2"}
{"pos":[503.156005859375,726.2050170898438,124.3870010375977],"rotationMatrix":[-0.8267272710800171,-0.5625419616699219,-0.008282076567411423,0.5625593662261963,-0.8267568349838257,0.0002656729193404317,-0.006996715441346169,-0.00443952064961195,0.9999656677246094],"scale":1,"type":"pipeline_support2"}
{"pos":[472.7669982910156,776.1290283203125,130.1009979248047],"rotationMatrix":[-0.9984004497528076,0.05591049417853355,-0.008399909362196922,-0.05591339245438576,-0.9984356164932251,0.0001103834583773278,-0.008380596525967121,0.000579874322284013,0.999964714050293],"scale":1,"type":"pipeline_support2"}
{"pos":[473.0870056152344,781.7230224609375,130.0989990234375],"rotationMatrix":[-0.9984004497528076,0.05591049417853355,-0.008399909362196922,-0.05591339245438576,-0.9984356164932251,0.0001103834583773278,-0.008380596525967121,0.000579874322284013,0.999964714050293],"scale":1,"type":"pipeline_support2"}
{"pos":[473.7309875488281,792.9509887695313,130.0959930419922],"rotationMatrix":[-0.9984004497528076,0.05591049417853355,-0.008399909362196922,-0.05591339245438576,-0.9984356164932251,0.0001103834583773278,-0.008380596525967121,0.000579874322284013,0.999964714050293],"scale":1,"type":"pipeline_support2"}
{"pos":[473.4100036621094,787.3560180664063,130.0980072021484],"rotationMatrix":[-0.9984004497528076,0.05591049417853355,-0.008399909362196922,-0.05591339245438576,-0.9984356164932251,0.0001103834583773278,-0.008380596525967121,0.000579874322284013,0.999964714050293],"scale":1,"type":"pipeline_support2"}
{"pos":[484.2090148925781,754.0689697265625,124.3779983520508],"rotationMatrix":[-0.8267272710800171,-0.5625419616699219,-0.008282076567411423,0.5625593662261963,-0.8267568349838257,0.0002656729193404317,-0.006996715441346169,-0.00443952064961195,0.9999656677246094],"scale":1,"type":"pipeline_support2"}
{"pos":[481.0580139160156,758.7020263671875,124.3769989013672],"rotationMatrix":[-0.8267272710800171,-0.5625419616699219,-0.008282076567411423,0.5625593662261963,-0.8267568349838257,0.0002656729193404317,-0.006996715441346169,-0.00443952064961195,0.9999656677246094],"scale":1,"type":"pipeline_support2"}
{"pos":[496.8420104980469,735.4910278320313,124.3840026855469],"rotationMatrix":[-0.8267272710800171,-0.5625419616699219,-0.008282076567411423,0.5625593662261963,-0.8267568349838257,0.0002656729193404317,-0.006996715441346169,-0.00443952064961195,0.9999656677246094],"scale":1,"type":"pipeline_support2"}
{"pos":[493.6910095214844,740.125,124.3820037841797],"rotationMatrix":[-0.8267272710800171,-0.5625419616699219,-0.008282076567411423,0.5625593662261963,-0.8267568349838257,0.0002656729193404317,-0.006996715441346169,-0.00443952064961195,0.9999656677246094],"scale":1,"type":"pipeline_support2"}
{"pos":[487.3810119628906,749.4030151367188,124.379997253418],"rotationMatrix":[-0.8267272710800171,-0.5625419616699219,-0.008282076567411423,0.5625593662261963,-0.8267568349838257,0.0002656729193404317,-0.006996715441346169,-0.00443952064961195,0.9999656677246094],"scale":1,"type":"pipeline_support2"}
{"pos":[490.5320129394531,744.7689819335938,124.3809967041016],"rotationMatrix":[-0.8267272710800171,-0.5625419616699219,-0.008282076567411423,0.5625593662261963,-0.8267568349838257,0.0002656729193404317,-0.006996715441346169,-0.00443952064961195,0.9999656677246094],"scale":1,"type":"pipeline_support2"}
{"pos":[111.7590026855469,411.6849975585938,122.3339996337891],"rotationMatrix":[0.618236780166626,-0.785991907119751,0,0.785991907119751,0.618236780166626,0,0,0,1],"scale":1,"type":"pipeline_support2"}
{"pos":[107.3550033569336,408.2210083007813,122.3339996337891],"rotationMatrix":[0.618236780166626,-0.785991907119751,0,0.785991907119751,0.618236780166626,0,0,0,1],"scale":1,"type":"pipeline_support2"}
{"pos":[98.527099609375,401.2760009765625,122.3339996337891],"rotationMatrix":[0.618236780166626,-0.785991907119751,0,0.785991907119751,0.618236780166626,0,0,0,1],"scale":1,"type":"pipeline_support2"}
{"pos":[102.9309997558594,404.7409973144531,122.3339996337891],"rotationMatrix":[0.618236780166626,-0.785991907119751,0,0.785991907119751,0.618236780166626,0,0,0,1],"scale":1,"type":"pipeline_support2"}
{"pos":[94.10549926757813,397.7980041503906,122.3339996337891],"rotationMatrix":[0.618236780166626,-0.785991907119751,0,0.785991907119751,0.618236780166626,0,0,0,1],"scale":1,"type":"pipeline_support2"}
{"pos":[89.70120239257813,394.3330078125,122.3339996337891],"rotationMatrix":[0.618236780166626,-0.785991907119751,0,0.785991907119751,0.618236780166626,0,0,0,1],"scale":1,"type":"pipeline_support2"}
{"pos":[80.88249969482422,387.3949890136719,122.3339996337891],"rotationMatrix":[0.618236780166626,-0.785991907119751,0,0.785991907119751,0.618236780166626,0,0,0,1],"scale":1,"type":"pipeline_support2"}
{"pos":[85.28669738769531,390.8599853515625,122.3339996337891],"rotationMatrix":[0.618236780166626,-0.785991907119751,0,0.785991907119751,0.618236780166626,0,0,0,1],"scale":1,"type":"pipeline_support2"}
{"pos":[76.47720336914063,383.9299926757813,122.3339996337891],"rotationMatrix":[0.618236780166626,-0.785991907119751,0,0.785991907119751,0.618236780166626,0,0,0,1],"scale":1,"type":"pipeline_support2"}
{"pos":[72.072998046875,380.4649963378906,122.3339996337891],"rotationMatrix":[0.618236780166626,-0.785991907119751,0,0.785991907119751,0.618236780166626,0,0,0,1],"scale":1,"type":"pipeline_support2"}
