{"pos":[-499.447998046875,525.4030151367188,97.52580261230469],"rotationMatrix":[0.7070814371109009,0.70713210105896,0,-0.70713210105896,0.7070814371109009,0,0,0,1],"scale":1,"type":"planterbox"}
{"pos":[-497.7479858398438,523.7020263671875,97.52580261230469],"rotationMatrix":[0.7070814371109009,0.70713210105896,0,-0.70713210105896,0.7070814371109009,0,0,0,1],"scale":1,"type":"planterbox"}
{"pos":[-496.114013671875,522.0679931640625,97.52580261230469],"rotationMatrix":[0.7070814371109009,0.70713210105896,0,-0.70713210105896,0.7070814371109009,0,0,0,1],"scale":1,"type":"planterbox"}
{"pos":[-490.4249877929688,516.3790283203125,97.52580261230469],"rotationMatrix":[0.7070814371109009,0.70713210105896,0,-0.70713210105896,0.7070814371109009,0,0,0,1],"scale":1,"type":"planterbox"}
{"pos":[-492.0589904785156,518.0130004882813,97.52580261230469],"rotationMatrix":[0.7070814371109009,0.70713210105896,0,-0.70713210105896,0.7070814371109009,0,0,0,1],"scale":1,"type":"planterbox"}
{"pos":[-493.7590026855469,519.7130126953125,97.52580261230469],"rotationMatrix":[0.7070814371109009,0.70713210105896,0,-0.70713210105896,0.7070814371109009,0,0,0,1],"scale":1,"type":"planterbox"}
{"pos":[-488.1679992675781,514.1220092773438,97.52580261230469],"rotationMatrix":[0.7070814371109009,0.70713210105896,0,-0.70713210105896,0.7070814371109009,0,0,0,1],"scale":1,"type":"planterbox"}
{"pos":[-486.4679870605469,512.4219970703125,97.52580261230469],"rotationMatrix":[0.7070814371109009,0.70713210105896,0,-0.70713210105896,0.7070814371109009,0,0,0,1],"scale":1,"type":"planterbox"}
{"pos":[-484.8330078125,510.7869873046875,97.52580261230469],"rotationMatrix":[0.7070814371109009,0.70713210105896,0,-0.70713210105896,0.7070814371109009,0,0,0,1],"scale":1,"type":"planterbox"}
{"pos":[-488.4030151367188,504.3760070800781,97.52580261230469],"rotationMatrix":[0.7070814371109009,-0.70713210105896,0,0.70713210105896,0.7070814371109009,0,0,0,1],"scale":1,"type":"planterbox"}
{"pos":[-486.7690124511719,506.010009765625,97.52580261230469],"rotationMatrix":[0.7070814371109009,-0.70713210105896,0,0.70713210105896,0.7070814371109009,0,0,0,1],"scale":1,"type":"planterbox"}
{"pos":[-485.0679931640625,507.7099914550781,97.52580261230469],"rotationMatrix":[0.7070814371109009,-0.70713210105896,0,0.70713210105896,0.7070814371109009,0,0,0,1],"scale":1,"type":"planterbox"}
{"pos":[-490.7850036621094,501.9930114746094,97.52580261230469],"rotationMatrix":[0.7070814371109009,-0.70713210105896,0,0.70713210105896,0.7070814371109009,0,0,0,1],"scale":1,"type":"planterbox"}
{"pos":[-492.4849853515625,500.2929992675781,97.52580261230469],"rotationMatrix":[0.7070814371109009,-0.70713210105896,0,0.70713210105896,0.7070814371109009,0,0,0,1],"scale":1,"type":"planterbox"}
{"pos":[-494.1199951171875,498.6589965820313,97.52580261230469],"rotationMatrix":[0.7070814371109009,-0.70713210105896,0,0.70713210105896,0.7070814371109009,0,0,0,1],"scale":1,"type":"planterbox"}
{"pos":[-499.7510070800781,493.0280151367188,97.52580261230469],"rotationMatrix":[0.7070814371109009,-0.70713210105896,0,0.70713210105896,0.7070814371109009,0,0,0,1],"scale":1,"type":"planterbox"}
{"pos":[-498.1159973144531,494.6619873046875,97.52580261230469],"rotationMatrix":[0.7070814371109009,-0.70713210105896,0,0.70713210105896,0.7070814371109009,0,0,0,1],"scale":1,"type":"planterbox"}
{"pos":[-496.4159851074219,496.3619995117188,97.52580261230469],"rotationMatrix":[0.7070814371109009,-0.70713210105896,0,0.70713210105896,0.7070814371109009,0,0,0,1],"scale":1,"type":"planterbox"}
{"pos":[-394.1199951171875,415.2489929199219,96.18350219726563],"rotationMatrix":[0.7070814371109009,-0.70713210105896,0,0.70713210105896,0.7070814371109009,0,0,0,1],"scale":1,"type":"planterbox"}
{"pos":[-399.1830139160156,410.1860046386719,96.22630310058594],"rotationMatrix":[0.7070814371109009,-0.70713210105896,0,0.70713210105896,0.7070814371109009,0,0,0,1],"scale":1,"type":"planterbox"}
{"pos":[-404.1589965820313,405.2090148925781,96.27310180664063],"rotationMatrix":[0.7070814371109009,-0.70713210105896,0,0.70713210105896,0.7070814371109009,0,0,0,1],"scale":1,"type":"planterbox"}
{"pos":[-409.5270080566406,399.8420104980469,96.32350158691406],"rotationMatrix":[0.7070814371109009,-0.70713210105896,0,0.70713210105896,0.7070814371109009,0,0,0,1],"scale":1,"type":"planterbox"}
{"pos":[-421.7850036621094,412.1000061035156,96.34349822998047],"rotationMatrix":[0.7070814371109009,-0.70713210105896,0,0.70713210105896,0.7070814371109009,0,0,0,1],"scale":1,"type":"planterbox"}
{"pos":[-416.4169921875,417.4679870605469,96.29309844970703],"rotationMatrix":[0.7070814371109009,-0.70713210105896,0,0.70713210105896,0.7070814371109009,0,0,0,1],"scale":1,"type":"planterbox"}
{"pos":[-411.4410095214844,422.4429931640625,96.24629974365234],"rotationMatrix":[0.7070814371109009,-0.70713210105896,0,0.70713210105896,0.7070814371109009,0,0,0,1],"scale":1,"type":"planterbox"}
{"pos":[-406.3779907226563,427.5069885253906,96.20349884033203],"rotationMatrix":[0.7070814371109009,-0.70713210105896,0,0.70713210105896,0.7070814371109009,0,0,0,1],"scale":1,"type":"planterbox"}
{"pos":[-661.1129760742188,780.9149780273438,74.8385009765625],"rotationMatrix":[0.7070814371109009,-0.70713210105896,0,0.70713210105896,0.7070814371109009,0,0,0,1],"scale":1,"type":"planterbox"}
{"pos":[-662.7559814453125,782.5579833984375,74.8385009765625],"rotationMatrix":[0.7070814371109009,-0.70713210105896,0,0.70713210105896,0.7070814371109009,0,0,0,1],"scale":1,"type":"planterbox"}
{"pos":[-660.2999877929688,777.625,74.8114013671875],"rotationMatrix":[0.9998195171356201,0,0.01899824105203152,0,1,0,-0.01899824105203152,0,0.9998195171356201],"scale":1,"type":"planterbox"}
{"pos":[-663.9910278320313,777.625,74.84030151367188],"rotationMatrix":[0.999215841293335,0,-0.03959422186017036,0,1,0,0.03959422186017036,0,0.999215841293335],"scale":1,"type":"planterbox"}
{"pos":[-667.7109985351563,777.625,75.09980010986328],"rotationMatrix":[0.9952175617218018,0,-0.09768318384885788,0,1,0,0.09768318384885788,0,0.9952175617218018],"scale":1,"type":"planterbox"}
{"pos":[-513.1649780273438,539.1190185546875,95.57540130615234],"rotationMatrix":[0.7070814371109009,0.70713210105896,0,-0.70713210105896,0.7070814371109009,0,0,0,1],"scale":1,"type":"planterbox"}
{"pos":[-514.7999877929688,540.7540283203125,95.57540130615234],"rotationMatrix":[0.7070814371109009,0.70713210105896,0,-0.70713210105896,0.7070814371109009,0,0,0,1],"scale":1,"type":"planterbox"}
{"pos":[-516.5,542.4539794921875,95.57540130615234],"rotationMatrix":[0.7070814371109009,0.70713210105896,0,-0.70713210105896,0.7070814371109009,0,0,0,1],"scale":1,"type":"planterbox"}
{"pos":[-510.7149963378906,536.6690063476563,95.57540130615234],"rotationMatrix":[0.7070814371109009,0.70713210105896,0,-0.70713210105896,0.7070814371109009,0,0,0,1],"scale":1,"type":"planterbox"}
{"pos":[-509.0150146484375,534.968994140625,95.57540130615234],"rotationMatrix":[0.7070814371109009,0.70713210105896,0,-0.70713210105896,0.7070814371109009,0,0,0,1],"scale":1,"type":"planterbox"}
{"pos":[-507.3810119628906,533.3350219726563,95.57540130615234],"rotationMatrix":[0.7070814371109009,0.70713210105896,0,-0.70713210105896,0.7070814371109009,0,0,0,1],"scale":1,"type":"planterbox"}
{"pos":[-501.7579956054688,527.7119750976563,95.57540130615234],"rotationMatrix":[0.7070814371109009,0.70713210105896,0,-0.70713210105896,0.7070814371109009,0,0,0,1],"scale":1,"type":"planterbox"}
{"pos":[-503.3930053710938,529.3469848632813,95.57540130615234],"rotationMatrix":[0.7070814371109009,0.70713210105896,0,-0.70713210105896,0.7070814371109009,0,0,0,1],"scale":1,"type":"planterbox"}
{"pos":[-505.0929870605469,531.0469970703125,95.57540130615234],"rotationMatrix":[0.7070814371109009,0.70713210105896,0,-0.70713210105896,0.7070814371109009,0,0,0,1],"scale":1,"type":"planterbox"}
{"pos":[-684.6859741210938,506.5159912109375,118.1760025024414],"rotationMatrix":[0.7070814371109009,-0.70713210105896,0,0.70713210105896,0.7070814371109009,0,0,0,1],"scale":1,"type":"planterbox"}
{"pos":[-680.2650146484375,502.0910034179688,117.9329986572266],"rotationMatrix":[0.7070814371109009,-0.70713210105896,0,0.70713210105896,0.7070814371109009,0,0,0,1],"scale":1,"type":"planterbox"}
{"pos":[-691.489990234375,513.3259887695313,118.5500030517578],"rotationMatrix":[0.7070814371109009,-0.70713210105896,0,0.70713210105896,0.7070814371109009,0,0,0,1],"scale":1,"type":"planterbox"}
{"pos":[-692.1810302734375,514.0180053710938,118.5879974365234],"rotationMatrix":[0.7070814371109009,-0.70713210105896,0,0.70713210105896,0.7070814371109009,0,0,0,1],"scale":1,"type":"planterbox"}
{"pos":[-703.4769897460938,525.3250122070313,119.2089996337891],"rotationMatrix":[0.7070814371109009,-0.70713210105896,0,0.70713210105896,0.7070814371109009,0,0,0,1],"scale":1,"type":"planterbox"}
{"pos":[-704.2039794921875,526.0540161132813,119.2490005493164],"rotationMatrix":[0.7070814371109009,-0.70713210105896,0,0.70713210105896,0.7070814371109009,0,0,0,1],"scale":1,"type":"planterbox"}
{"pos":[-710.4429931640625,532.2979736328125,119.5930023193359],"rotationMatrix":[0.7070814371109009,-0.70713210105896,0,0.70713210105896,0.7070814371109009,0,0,0,1],"scale":1,"type":"planterbox"}
{"pos":[-717.2979736328125,539.1420288085938,119.9690017700195],"rotationMatrix":[0.7070814371109009,-0.70713210105896,0,0.70713210105896,0.7070814371109009,0,0,0,1],"scale":1,"type":"planterbox"}
{"pos":[-674.302978515625,514.8309936523438,118.0619964599609],"rotationMatrix":[0.7070814371109009,-0.70713210105896,0,0.70713210105896,0.7070814371109009,0,0,0,1],"scale":1,"type":"planterbox"}
{"pos":[-681.125,521.6589965820313,118.4380035400391],"rotationMatrix":[0.7070814371109009,-0.70713210105896,0,0.70713210105896,0.7070814371109009,0,0,0,1],"scale":1,"type":"planterbox"}
{"pos":[-688.7210083007813,529.260986328125,118.8560028076172],"rotationMatrix":[0.7070814371109009,-0.70713210105896,0,0.70713210105896,0.7070814371109009,0,0,0,1],"scale":1,"type":"planterbox"}
{"pos":[-689.5999755859375,530.1409912109375,118.9039993286133],"rotationMatrix":[0.7070814371109009,-0.70713210105896,0,0.70713210105896,0.7070814371109009,0,0,0,1],"scale":1,"type":"planterbox"}
{"pos":[-694.0560302734375,534.6019897460938,119.1500015258789],"rotationMatrix":[0.7070814371109009,-0.70713210105896,0,0.70713210105896,0.7070814371109009,0,0,0,1],"scale":1,"type":"planterbox"}
{"pos":[-700.468017578125,541.0189819335938,119.5029983520508],"rotationMatrix":[0.7070814371109009,-0.70713210105896,0,0.70713210105896,0.7070814371109009,0,0,0,1],"scale":1,"type":"planterbox"}
{"pos":[-701.635009765625,542.18701171875,119.5670013427734],"rotationMatrix":[0.7070814371109009,-0.70713210105896,0,0.70713210105896,0.7070814371109009,0,0,0,1],"scale":1,"type":"planterbox"}
{"pos":[-707.97998046875,548.52197265625,119.9160003662109],"rotationMatrix":[0.7070814371109009,-0.70713210105896,0,0.70713210105896,0.7070814371109009,0,0,0,1],"scale":1,"type":"planterbox"}
{"pos":[-708.7349853515625,549.2769775390625,119.9580001831055],"rotationMatrix":[0.7070814371109009,-0.70713210105896,0,0.70713210105896,0.7070814371109009,0,0,0,1],"scale":1,"type":"planterbox"}
{"pos":[-818.4949951171875,888.4359741210938,74.86979675292969],"rotationMatrix":[1,0,0,0,1,0,0,0,1],"scale":1,"type":"planterbox"}
{"pos":[-823.3920288085938,888.4359741210938,74.86979675292969],"rotationMatrix":[1,0,0,0,1,0,0,0,1],"scale":1,"type":"planterbox"}
{"pos":[-753.072998046875,888.4359741210938,74.86979675292969],"rotationMatrix":[1,0,0,0,1,0,0,0,1],"scale":1,"type":"planterbox"}
{"pos":[-761.2529907226563,888.4359741210938,74.86979675292969],"rotationMatrix":[1,0,0,0,1,0,0,0,1],"scale":1,"type":"planterbox"}
{"pos":[-771.333984375,888.4359741210938,74.86979675292969],"rotationMatrix":[1,0,0,0,1,0,0,0,1],"scale":1,"type":"planterbox"}
{"pos":[-781.5189819335938,888.4359741210938,74.86979675292969],"rotationMatrix":[1,0,0,0,1,0,0,0,1],"scale":1,"type":"planterbox"}
{"pos":[-786.3140258789063,888.4359741210938,74.86979675292969],"rotationMatrix":[1,0,0,0,1,0,0,0,1],"scale":1,"type":"planterbox"}
{"pos":[-502.0750122070313,490.7030029296875,99.35970306396484],"rotationMatrix":[0.7070814371109009,-0.70713210105896,0,0.70713210105896,0.7070814371109009,0,0,0,1],"scale":1,"type":"planterbox"}
{"pos":[-503.7749938964844,489.0029907226563,99.35970306396484],"rotationMatrix":[0.7070814371109009,-0.70713210105896,0,0.70713210105896,0.7070814371109009,0,0,0,1],"scale":1,"type":"planterbox"}
{"pos":[-505.4100036621094,487.3689880371094,99.35970306396484],"rotationMatrix":[0.7070814371109009,-0.70713210105896,0,0.70713210105896,0.7070814371109009,0,0,0,1],"scale":1,"type":"planterbox"}
{"pos":[-592.8939819335938,414.5459899902344,109.9599990844727],"rotationMatrix":[0.7070814371109009,-0.70713210105896,0,0.70713210105896,0.7070814371109009,0,0,0,1],"scale":1,"type":"planterbox"}
{"pos":[-597.7880249023438,419.4519958496094,110.6210021972656],"rotationMatrix":[0.7070814371109009,-0.70713210105896,0,0.70713210105896,0.7070814371109009,0,0,0,1],"scale":1,"type":"planterbox"}
{"pos":[-601.7139892578125,423.3890075683594,111.1246032714844],"rotationMatrix":[0.7070814371109009,-0.70713210105896,0,0.70713210105896,0.7070814371109009,0,0,0,1],"scale":1,"type":"planterbox"}
{"pos":[-606.35302734375,428.0390014648438,111.7228546142578],"rotationMatrix":[0.7070814371109009,-0.70713210105896,0,0.70713210105896,0.7070814371109009,0,0,0,1],"scale":1,"type":"planterbox"}
{"pos":[-616.093017578125,437.7999877929688,113.0100021362305],"rotationMatrix":[0.7070814371109009,-0.70713210105896,0,0.70713210105896,0.7070814371109009,0,0,0,1],"scale":1,"type":"planterbox"}
{"pos":[-620.3270263671875,442.0450134277344,113.6630020141602],"rotationMatrix":[0.7070814371109009,-0.70713210105896,0,0.70713210105896,0.7070814371109009,0,0,0,1],"scale":1,"type":"planterbox"}
{"pos":[-580.5819702148438,421.1229858398438,109.5070037841797],"rotationMatrix":[0.7070814371109009,-0.70713210105896,0,0.70713210105896,0.7070814371109009,0,0,0,1],"scale":1,"type":"planterbox"}
{"pos":[-591.1740112304688,431.739013671875,110.9560012817383],"rotationMatrix":[0.7070814371109009,-0.70713210105896,0,0.70713210105896,0.7070814371109009,0,0,0,1],"scale":1,"type":"planterbox"}
{"pos":[-594.7100219726563,435.2829895019531,111.4339981079102],"rotationMatrix":[0.7070814371109009,-0.70713210105896,0,0.70713210105896,0.7070814371109009,0,0,0,1],"scale":1,"type":"planterbox"}
{"pos":[-598.1329956054688,438.7130126953125,111.8960037231445],"rotationMatrix":[0.7070814371109009,-0.70713210105896,0,0.70713210105896,0.7070814371109009,0,0,0,1],"scale":1,"type":"planterbox"}
{"pos":[-603.0780029296875,443.6690063476563,112.5759963989258],"rotationMatrix":[0.7070814371109009,-0.70713210105896,0,0.70713210105896,0.7070814371109009,0,0,0,1],"scale":1,"type":"planterbox"}
{"pos":[-613.8359985351563,454.4490051269531,114.0059967041016],"rotationMatrix":[0.7070814371109009,-0.70713210105896,0,0.70713210105896,0.7070814371109009,0,0,0,1],"scale":1,"type":"planterbox"}
{"pos":[-614.9810180664063,455.5969848632813,114.1559982299805],"rotationMatrix":[0.7070814371109009,-0.70713210105896,0,0.70713210105896,0.7070814371109009,0,0,0,1],"scale":1,"type":"planterbox"}
{"pos":[-629.291015625,451.031005859375,114.8740005493164],"rotationMatrix":[0.7070814371109009,-0.70713210105896,0,0.70713210105896,0.7070814371109009,0,0,0,1],"scale":1,"type":"planterbox"}
{"pos":[-625.02001953125,465.6579895019531,115.5250015258789],"rotationMatrix":[0.7070814371109009,-0.70713210105896,0,0.70713210105896,0.7070814371109009,0,0,0,1],"scale":1,"type":"planterbox"}
