{"pos":[186.4204559326172,841.5634155273438,101.8791656494141],"rotationMatrix":[0.9999987483024597,1.509961293777451e-07,-0.001574250287376344,-5.31326440977864e-05,0.9994335174560547,-0.03365517407655716,0.001573353423736989,0.03365521878004074,0.9994322657585144],"scale":0.9999999403953552,"type":"pole_fence2"}
{"pos":[187.7610015869141,838.8952026367188,101.3950347900391],"rotationMatrix":[0.9993622303009033,1.508742570877075e-07,-0.03570941463112831,-0.001087733544409275,0.9995360970497131,-0.03043704479932785,0.03569284453988075,0.03045647591352463,0.9988986253738403],"scale":0.9999999403953552,"type":"pole_fence2"}
{"pos":[185.2103118896484,843.9832763671875,102.1781158447266],"rotationMatrix":[0.9984498023986816,1.506996341049671e-07,-0.05565954744815826,0.001785689033567905,0.9994851350784302,0.03203532099723816,0.0556308925151825,-0.03208505362272263,0.9979357719421387],"scale":0.9999999403953552,"type":"pole_fence2"}
{"pos":[184.5005645751953,846.8836059570313,102.5214080810547],"rotationMatrix":[0.998699426651001,1.507942215539515e-07,-0.05098477751016617,-0.000163813674589619,0.9999948740005493,-0.003205855842679739,0.05098451673984528,0.003210038412362337,0.9986943006515503],"scale":0.9999999403953552,"type":"pole_fence2"}
{"pos":[183.4022064208984,852.481201171875,102.8588104248047],"rotationMatrix":[0.9975751638412476,1.506414264440536e-07,0.06959728896617889,-0.001634048414416611,0.9997243881225586,0.02341952547430992,-0.06957811117172241,-0.02347646281123161,0.9973002076148987],"scale":0.9999999403953552,"type":"pole_fence2"}
{"pos":[183.8363800048828,849.5269775390625,102.7907257080078],"rotationMatrix":[0.9978699684143066,1.507578417658806e-07,-0.06523457914590836,-0.002380429767072201,0.9993340969085693,-0.03641027212142944,0.0651911273598671,0.03648800402879715,0.9972054958343506],"scale":0.9999999403953552,"type":"pole_fence2"}
{"pos":[183.0039672851563,855.4191284179688,102.4114227294922],"rotationMatrix":[0.9995841383934021,1.50932464748621e-07,-0.0288374125957489,0.000206272947252728,0.9999743700027466,0.00715522188693285,0.02883667498826981,-0.007158194668591022,0.9995585083961487],"scale":0.9999999403953552,"type":"pole_fence2"}
{"pos":[182.5697631835938,858.373291015625,102.4718170166016],"rotationMatrix":[0.9998708963394165,1.509688445366919e-07,0.01607014052569866,-0.000216194341192022,0.9999096393585205,0.01344203855842352,-0.01606868766248226,-0.01344377640634775,0.999780535697937],"scale":0.9999999403953552,"type":"pole_fence2"}
{"pos":[-944.80810546875,-439.754638671875,100.7090682983398],"rotationMatrix":[0.8061709403991699,-0.591680645942688,-0.001574249938130379,0.5913034677505493,0.8057465553283691,-0.03365517407655716,0.02118156105279922,0.02620096132159233,0.9994322657585144],"scale":0.9999999403953552,"type":"pole_fence2"}
{"pos":[-953.8659057617188,-430.4150390625,100.7090682983398],"rotationMatrix":[0.8064331412315369,-0.5902460813522339,-0.03570984303951263,0.5894711017608643,0.8072158098220825,-0.03043800778687,0.04679146409034729,0.003496298566460609,0.9988985657691956],"scale":0.9999999403953552,"type":"pole_fence2"}
{"pos":[-955.2346801757813,-427.1939086914063,100.7090682983398],"rotationMatrix":[0.8061337471008301,-0.5891097784042358,-0.05565953999757767,0.5911625623703003,0.8059160113334656,0.03203532472252846,0.02598459087312222,-0.05872859433293343,0.9979357719421387],"scale":0.9999999403953552,"type":"pole_fence2"}
{"pos":[-956.506103515625,-423.8810729980469,100.7090682983398],"rotationMatrix":[0.8065985441207886,-0.5888967514038086,-0.05098477378487587,0.5895284414291382,0.8077412843704224,-0.003205854445695877,0.04307042434811592,-0.02747113630175591,0.9986943006515503],"scale":0.9999999403953552,"type":"pole_fence2"}
{"pos":[-957.921875,-420.6948852539063,100.7090682983398],"rotationMatrix":[0.8054512143135071,-0.5885614156723022,0.0695972666144371,0.588510274887085,0.8081504702568054,0.02341951057314873,-0.0700288787484169,0.02209543064236641,0.9973002076148987],"scale":0.9999999403953552,"type":"pole_fence2"}
{"pos":[-948.55419921875,-438.6353759765625,100.7090682983398],"rotationMatrix":[0.8044547438621521,-0.5904210209846497,-0.06523457169532776,0.5893684029579163,0.8070434331893921,-0.03641026467084885,0.07414452731609344,-0.009156787768006325,0.9972054958343506],"scale":0.9999999403953552,"type":"pole_fence2"}
{"pos":[-951.0969848632813,-436.22998046875,100.7090682983398],"rotationMatrix":[0.8065946102142334,-0.5904011726379395,-0.02883741445839405,0.5907982587814331,0.8067876100540161,0.007155223749577999,0.01904121600091457,-0.02280845865607262,0.9995585083961487],"scale":0.9999999403953552,"type":"pole_fence2"}
{"pos":[-952.34814453125,-433.7366333007813,100.7090682983398],"rotationMatrix":[0.8056994080543518,-0.5921066403388977,0.01607014425098896,0.5919554829597473,0.8058585524559021,0.01344203762710094,-0.02090938203036785,-0.001317432150244713,0.999780535697937],"scale":0.9999999403953552,"type":"pole_fence2"}
{"pos":[-956.869873046875,-376.1263732910156,100.5871734619141],"rotationMatrix":[0.806824803352356,-0.5895686745643616,-0.03798103705048561,0.5869094729423523,0.8072232007980347,-0.06267395615577698,0.06760977953672409,0.02827547118067741,0.9973111152648926],"scale":0.9999999403953552,"type":"pole_fence2"}
{"pos":[-963.2693481445313,-378.9637756347656,100.6275329589844],"rotationMatrix":[0.8065664172172546,-0.5904166102409363,0.02930593118071556,0.5899638533592224,0.8070974349975586,0.02316010929644108,-0.03732685372233391,-0.0013907290995121,0.9993021488189697],"scale":0.9999999403953552,"type":"pole_fence2"}
{"pos":[-960.069580078125,-377.545166015625,100.6073532104492],"rotationMatrix":[0.8052742481231689,-0.5886057019233704,-0.07125134766101837,0.5909926295280457,0.8065011501312256,0.01684140413999557,0.04755134508013725,-0.05567096918821335,0.9973161816596985],"scale":0.9999999403953552,"type":"pole_fence2"}
{"pos":[-972.8682250976563,-383.2197875976563,100.6880798339844],"rotationMatrix":[0.8077813982963562,-0.5884808301925659,-0.03434501588344574,0.5871765613555908,0.8084031343460083,-0.04132896289229393,0.05208592116832733,0.01321817841380835,0.9985551238059998],"scale":0.9999999403953552,"type":"pole_fence2"}
{"pos":[-976.0676879882813,-384.6382751464844,100.7082595825195],"rotationMatrix":[0.8059169054031372,-0.5888323187828064,0.06143638491630554,0.5887057185173035,0.8080461621284485,0.02206748723983765,-0.06263748556375504,0.01838339120149612,0.9978670477867126],"scale":0.9999999403953552,"type":"pole_fence2"}
{"pos":[-969.6683349609375,-381.8011779785156,100.6678924560547],"rotationMatrix":[0.8070520758628845,-0.5903333425521851,0.01317042298614979,0.5903224945068359,0.8071513175964355,0.005114505998790264,-0.01364978775382042,0.003647124627605081,0.9999001622200012],"scale":0.9999999403953552,"type":"pole_fence2"}
{"pos":[-966.4690551757813,-380.3824768066406,100.6477203369141],"rotationMatrix":[0.8067091107368469,-0.5893083810806274,-0.04400061815977097,0.5876281261444092,0.8078316450119019,-0.04583941772580147,0.06255864351987839,0.01112307235598564,0.9979792833328247],"scale":0.9999999403953552,"type":"pole_fence2"}
{"pos":[-953.694091796875,-374.6877136230469,100.5670471191406],"rotationMatrix":[0.8069140911102295,-0.589130699634552,0.04259902983903885,0.5903685688972473,0.8067031502723694,-0.02636413276195526,-0.01883285120129585,0.04642271250486374,0.9987443685531616],"scale":0.9999999403953552,"type":"pole_fence2"}
{"pos":[-950.3902587890625,-373.3926086425781,100.5467529296875],"rotationMatrix":[0.8059199452400208,-0.5889337658882141,-0.0604160949587822,0.591533362865448,0.8052034378051758,0.04166178405284882,0.02411121316254139,-0.06931419670581818,0.9973034858703613],"scale":0.9999999403953552,"type":"pole_fence2"}
{"pos":[-989.2314453125,-390.3080444335938,100.7907409667969],"rotationMatrix":[0.8068600296974182,-0.5905384421348572,-0.01553173083811998,0.5896251797676086,0.8066717386245728,-0.04028546065092087,0.03631912171840668,0.02334682643413544,0.999067485332489],"scale":0.9999999403953552,"type":"pole_fence2"}
{"pos":[-992.442626953125,-391.6998901367188,100.8108978271484],"rotationMatrix":[0.8064191937446594,-0.5892983078956604,-0.04914838075637817,0.5888113379478455,0.8078712821006775,-0.02540102042257786,0.05467434227466583,-0.008455252274870872,0.9984684586524963],"scale":0.9999999403953552,"type":"pole_fence2"}
{"pos":[-995.7464599609375,-392.9949951171875,100.831184387207],"rotationMatrix":[0.8059263825416565,-0.5884093046188354,-0.06524655222892761,0.5869507789611816,0.8085494637489319,-0.0416717603802681,0.0772751122713089,-0.004712140187621117,0.99699866771698],"scale":0.9999999403953552,"type":"pole_fence2"}
{"pos":[-1008.521362304688,-398.6897583007813,100.9118576049805],"rotationMatrix":[0.8074514865875244,-0.5898504853248596,0.009926647879183292,0.5899172425270081,0.8071874380111694,-0.02112192288041115,0.004446109756827354,0.02291082963347435,0.9997276067733765],"scale":0.9999999403953552,"type":"pole_fence2"}
{"pos":[-1011.720642089844,-400.1084289550781,100.9320373535156],"rotationMatrix":[0.807068407535553,-0.5903452038764954,-0.0115347309038043,0.5901712775230408,0.805914044380188,0.04690859466791153,-0.01839626580476761,-0.04466591030359268,0.9988325834274292],"scale":0.9999999403953552,"type":"pole_fence2"}
{"pos":[-1018.120056152344,-402.9455871582031,101.5610427856445],"rotationMatrix":[0.8055010437965393,-0.5906651616096497,0.04777782410383224,0.5923014283180237,0.8050166368484497,-0.03357357904314995,-0.01863119937479496,0.0553424246609211,0.9982935786247253],"scale":0.9999999403953552,"type":"pole_fence2"}
{"pos":[-1014.920532226563,-401.5270690917969,101.5610427856445],"rotationMatrix":[0.8064885139465332,-0.5896739959716797,-0.04313750937581062,0.5900561809539795,0.8073489665985107,-0.004618415609002113,0.03755038604140282,-0.02172885462641716,0.9990584850311279],"scale":0.9999999403953552,"type":"pole_fence2"}
{"pos":[-1002.121887207031,-395.8524475097656,100.8714904785156],"rotationMatrix":[0.8072710037231445,-0.5900652408599854,0.01168754324316978,0.5883647203445435,0.8061813116073608,0.06243883073329926,-0.04626525938510895,-0.04352851957082748,0.9979803562164307],"scale":0.9999999403953552,"type":"pole_fence2"}
{"pos":[-1005.321655273438,-397.2710266113281,100.8916778564453],"rotationMatrix":[0.8058558702468872,-0.5898964405059814,0.05117138475179672,0.5920921564102173,0.8035178184509277,-0.06153090670704842,-0.004820253700017929,0.07988321781158447,0.9967925548553467],"scale":0.9999999403953552,"type":"pole_fence2"}
{"pos":[-998.9222412109375,-394.4336547851563,100.8513107299805],"rotationMatrix":[0.8070576190948486,-0.5897389054298401,0.029429716989398,0.5903070569038391,0.80464768409729,-0.06387303024530411,0.01398785598576069,0.0689217820763588,0.9975240230560303],"scale":0.9999999403953552,"type":"pole_fence2"}
{"pos":[-979.4288940429688,-386.0248107910156,100.7291259765625],"rotationMatrix":[0.8058440685272217,-0.5914208889007568,0.02892527729272842,0.5899485349655151,0.8061069250106812,0.04639262706041336,-0.05075443536043167,-0.02032079547643661,0.9985044002532959],"scale":0.9999999403953552,"type":"pole_fence2"}
{"pos":[-982.62841796875,-387.4435424804688,100.7492980957031],"rotationMatrix":[0.8063933849334717,-0.5902337431907654,-0.03679504990577698,0.5871502757072449,0.8065029978752136,-0.06933613121509552,0.07059983909130096,0.03430797159671783,0.9969145655632019],"scale":0.9999999403953552,"type":"pole_fence2"}
{"pos":[-985.9209594726563,-388.7663879394531,100.7696228027344],"rotationMatrix":[0.8057321310043335,-0.5921105146408081,-0.01417164225131273,0.5910073518753052,0.8053382635116577,-0.04626599326729774,0.03880754858255386,0.02890245243906975,0.998828649520874],"scale":0.9999999403953552,"type":"pole_fence2"}
{"pos":[-965.663818359375,-420.6162719726563,100.7514190673828],"rotationMatrix":[0.8052052855491638,-0.5917532444000244,0.03837308660149574,0.5929403305053711,0.8025542497634888,-0.06579053401947021,0.008135276846587658,0.07572783529758453,0.9970953464508057],"scale":0.9999999403953552,"type":"pole_fence2"}
{"pos":[-962.3619995117188,-419.3170166015625,100.7297592163086],"rotationMatrix":[0.806397557258606,-0.5902663469314575,0.03617535904049873,0.591302752494812,0.8038421869277954,-0.06479760259389877,0.009168561547994614,0.07364321500062943,0.9972425103187561],"scale":0.9999999403953552,"type":"pole_fence2"}
{"pos":[-959.1522827148438,-417.9213562011719,100.7091827392578],"rotationMatrix":[0.8048970103263855,-0.5907554626464844,-0.05611443519592285,0.5914323329925537,0.8063362836837769,-0.005442239344120026,0.04846213757991791,-0.02880745008587837,0.9984095096588135],"scale":0.9999999403953552,"type":"pole_fence2"}
{"pos":[-978.7056274414063,-426.1900939941406,100.8351516723633],"rotationMatrix":[0.8058789372444153,-0.5888832211494446,-0.06144674867391586,0.5917418599128723,0.8045778870582581,0.04995990917086601,0.02001814357936382,-0.07662224769592285,0.9968591928482056],"scale":0.9999999403953552,"type":"pole_fence2"}
{"pos":[-985.1250610351563,-428.9814758300781,100.8755187988281],"rotationMatrix":[0.805162250995636,-0.5893943309783936,0.06578773260116577,0.5928927659988403,0.8025658130645752,-0.06607780605554581,-0.01385309919714928,0.09220842272043228,0.9956433773040771],"scale":0.9999999403953552,"type":"pole_fence2"}
{"pos":[-981.9153442382813,-427.5858764648438,100.8553314208984],"rotationMatrix":[0.8052845001220703,-0.5886187553405762,-0.07102706283330917,0.5886074304580688,0.808082640171051,-0.02331680059432983,0.07112044841051102,-0.02303040027618408,0.9972018003463745],"scale":0.9999999403953552,"type":"pole_fence2"}
{"pos":[-994.7542724609375,-433.1685180664063,100.9360809326172],"rotationMatrix":[0.8072296380996704,-0.5902248024940491,0.003871832974255085,0.5892933011054993,0.8062918186187744,0.05125405266880989,-0.03337324038147926,-0.03909214213490486,0.9986781477928162],"scale":0.9999999403953552,"type":"pole_fence2"}
{"pos":[-997.9639282226563,-434.5639953613281,101.5610427856445],"rotationMatrix":[0.8057049512863159,-0.5908147692680359,0.04215887933969498,0.5922978520393372,0.804208517074585,-0.04931430518627167,-0.004768911749124527,0.06470339745283127,0.9978931546211243],"scale":0.9999999403953552,"type":"pole_fence2"}
{"pos":[-991.5443725585938,-431.7728576660156,100.9158935546875],"rotationMatrix":[0.8058717250823975,-0.5894752144813538,-0.0555855855345726,0.5911714434623718,0.8062955737113953,0.02009584754705429,0.03297241032123566,-0.04905528575181961,0.9982516765594482],"scale":0.9999999403953552,"type":"pole_fence2"}
{"pos":[-988.3347778320313,-430.3771667480469,100.8957061767578],"rotationMatrix":[0.8069543242454529,-0.5894927978515625,0.03637209534645081,0.5895481109619141,0.8076672554016113,0.01032706722617149,-0.03546427935361862,0.01310962624847889,0.9992849826812744],"scale":0.9999999403953552,"type":"pole_fence2"}
{"pos":[-975.5194702148438,-424.7742309570313,100.8150405883789],"rotationMatrix":[0.8066074252128601,-0.5889121294021606,-0.05066493898630142,0.5907337665557861,0.806122899055481,0.03463364765048027,0.02044599317014217,-0.05786525085568428,0.9981150031089783],"scale":0.9999999403953552,"type":"pole_fence2"}
{"pos":[-972.20654296875,-423.5028686523438,100.7932052612305],"rotationMatrix":[0.8061339855194092,-0.5891193747520447,0.05555499345064163,0.5913563370704651,0.8054119944572449,-0.04011537134647369,-0.02111191861331463,0.06519116461277008,0.9976494312286377],"scale":0.9999999403953552,"type":"pole_fence2"}
{"pos":[-968.9854736328125,-422.1340942382813,100.7724456787109],"rotationMatrix":[0.8052623271942139,-0.5893985629081726,-0.06451287865638733,0.5905706286430359,0.8069851398468018,-0.001109577715396881,0.05271491780877113,-0.03720590844750404,0.9979162812232971],"scale":0.9999999403953552,"type":"pole_fence2"}
{"pos":[-888.4252319335938,-616.60595703125,100.9464492797852],"rotationMatrix":[-0.6483252048492432,-0.7610806822776794,-0.02075654268264771,0.7613635659217834,-0.6480963230133057,-0.01722618937492371,-0.0003417199477553368,-0.02697144448757172,0.999636173248291],"scale":0.9999999403953552,"type":"pole_fence2"}
{"pos":[-892.9644775390625,-621.9346313476563,101.1795196533203],"rotationMatrix":[-0.6484086513519287,-0.7611783742904663,-0.01318020932376385,0.761049747467041,-0.6485419273376465,0.01402185950428247,-0.01922105439007282,-0.00093889981508255,0.9998148083686829],"scale":0.9999999403953552,"type":"pole_fence2"}
{"pos":[-890.6948852539063,-619.2703857421875,101.06298828125],"rotationMatrix":[-0.6484299898147583,-0.7612037062644958,0.0103681581094861,0.7612408995628357,-0.6484688520431519,-0.0005321376956999302,0.007128492929041386,0.007547612767666578,0.999946117401123],"scale":0.9999999403953552,"type":"pole_fence2"}
{"pos":[-899.7733764648438,-629.9276733398438,101.5711288452148],"rotationMatrix":[-0.6484242677688599,-0.761197030544281,-0.0111791705712676,0.7612612843513489,-0.6482385396957397,-0.01637211441993713,0.00521563645452261,-0.01912634447216988,0.9998034834861755],"scale":0.9999999403953552,"type":"pole_fence2"}
{"pos":[-902.04296875,-632.5919799804688,101.7065505981445],"rotationMatrix":[-0.6484547853469849,-0.7612326145172119,-0.00558766070753336,0.7611514329910278,-0.6484706401824951,0.01158280670642853,-0.01244064513593912,0.003257871605455875,0.9999173283576965],"scale":0.9999999403953552,"type":"pole_fence2"}
{"pos":[-897.5037841796875,-627.263427734375,101.4400863647461],"rotationMatrix":[-0.6478849649429321,-0.7605640292167664,0.04227884486317635,0.761283814907074,-0.6484172344207764,0.001454152166843414,0.02630835399031639,0.03312832117080688,0.9991047978401184],"scale":0.9999999403953552,"type":"pole_fence2"}
{"pos":[-895.2341918945313,-624.5989990234375,101.3090209960938],"rotationMatrix":[-0.6483972072601318,-0.7611646056175232,-0.01447143964469433,0.7612749934196472,-0.648417592048645,-0.00387134263291955,-0.006436807569116354,-0.01352691277861595,0.9998877644538879],"scale":0.9999999403953552,"type":"pole_fence2"}
{"pos":[-904.3126831054688,-635.25634765625,101.8496475219727],"rotationMatrix":[-0.6480854749679565,-0.7607995271682739,-0.03419316560029984,0.7615169286727905,-0.6479064226150513,-0.01758089289069176,-0.008778439834713936,-0.03743259981274605,0.9992606043815613],"scale":0.9999999403953552,"type":"pole_fence2"}
{"pos":[-906.70751953125,-637.874755859375,101.9923934936523],"rotationMatrix":[0.8057661056518555,-0.5912460088729858,-0.03419317305088043,0.5910154581069946,0.8064686059951782,-0.01758088544011116,0.03797034919261932,-0.006042613182216883,0.9992606043815613],"scale":0.9999999403953552,"type":"pole_fence2"}
{"pos":[-908.9246826171875,-640.565673828125,102.1351699829102],"rotationMatrix":[-0.6419190168380737,-0.7664913535118103,-0.02075654082000256,0.7667723298072815,-0.6416878700256348,-0.01722617819905281,-0.0001155044883489609,-0.02697335556149483,0.999636173248291],"scale":0.9999999403953552,"type":"pole_fence2"}
{"pos":[-881.6431884765625,-608.6240234375,100.6113052368164],"rotationMatrix":[-0.6438782215118408,-0.7648464441299438,-0.02075653895735741,0.7651280164718628,-0.6436477899551392,-0.01722618006169796,-0.0001845173537731171,-0.02697296999394894,0.999636173248291],"scale":0.9999999403953552,"type":"pole_fence2"}
{"pos":[-886.1512451171875,-613.9791259765625,100.8312759399414],"rotationMatrix":[-0.6439604759216309,-0.7649451494216919,-0.01318021304905415,0.7648173570632935,-0.6440944671630859,0.01402186043560505,-0.01921525783836842,-0.001050931867212057,0.9998148083686829],"scale":0.9999999403953552,"type":"pole_fence2"}
{"pos":[-883.8973388671875,-611.301513671875,100.7143630981445],"rotationMatrix":[-0.6439822912216187,-0.7649702429771423,0.01036815717816353,0.7650076746940613,-0.6440210342407227,-0.0005321379285305738,0.007084379438310862,0.00758903194218874,0.999946117401123],"scale":0.9999999403953552,"type":"pole_fence2"}
{"pos":[-879.4191284179688,-605.9388427734375,100.5155944824219],"rotationMatrix":[0.8042505979537964,-0.5933058261871338,-0.03419317677617073,0.5930770635604858,0.8049536943435669,-0.01758088544011116,0.03795476630330086,-0.006139752455055714,0.9992606043815613],"scale":0.9999999403953552,"type":"pole_fence2"}
{"pos":[-877.0177001953125,-603.3264770507813,100.4217681884766],"rotationMatrix":[-0.650030255317688,-0.7591387033462524,-0.03419316560029984,0.7598565816879272,-0.649852991104126,-0.01758089289069176,-0.008874194696545601,-0.03741001337766647,0.9992606043815613],"scale":0.9999999403953552,"type":"pole_fence2"}
{"pos":[-867.9118041992188,-592.6925048828125,100.1102905273438],"rotationMatrix":[-0.6503427028656006,-0.7595030665397644,-0.01447143778204918,0.7596133351325989,-0.6503633260726929,-0.003871341701596975,-0.006471396889537573,-0.01351039670407772,0.9998877644538879],"scale":0.9999999403953552,"type":"pole_fence2"}
{"pos":[-870.1884155273438,-595.3509521484375,100.1742782592773],"rotationMatrix":[-0.6498287916183472,-0.7589037418365479,0.04227884858846664,0.7596220970153809,-0.6503629684448242,0.001454154029488564,0.02639303542673588,0.03306090086698532,0.9991047978401184],"scale":0.9999999403953552,"type":"pole_fence2"}
{"pos":[-874.740966796875,-600.66796875,100.3267822265625],"rotationMatrix":[-0.6504005193710327,-0.7595709562301636,-0.00558766070753336,0.7594897747039795,-0.6504162549972534,0.01158280484378338,-0.01243226695805788,0.003289691638201475,0.9999173283576965],"scale":0.9999999403953552,"type":"pole_fence2"}
{"pos":[-872.4646606445313,-598.009521484375,100.2382659912109],"rotationMatrix":[-0.6503698825836182,-0.7595354318618774,-0.0111791705712676,0.7596001625061035,-0.6501842737197876,-0.01637211255729198,0.005166678689420223,-0.01913962699472904,0.9998034834861755],"scale":0.9999999403953552,"type":"pole_fence2"}
{"pos":[-863.3590087890625,-587.3754272460938,100.0108947753906],"rotationMatrix":[-0.6503754854202271,-0.7595421075820923,0.01036815717816353,0.7595791816711426,-0.6504145860671997,-0.0005321376956999302,0.007147781550884247,0.007529346738010645,0.999946117401123],"scale":0.9999999403953552,"type":"pole_fence2"}
{"pos":[-865.6354370117188,-590.033935546875,100.0462951660156],"rotationMatrix":[-0.6503541469573975,-0.7595167756080627,-0.01318020839244127,0.7593879103660583,-0.6504870653152466,0.01402185671031475,-0.01922339200973511,-0.0008897171355783939,0.9998148083686829],"scale":0.9999999403953552,"type":"pole_fence2"}
{"pos":[-861.0824584960938,-584.716796875,99.989990234375],"rotationMatrix":[-0.6502703428268433,-0.759419322013855,-0.02075654268264771,0.7597028017044067,-0.6500421762466431,-0.01722618937492371,-0.0004107290878891945,-0.02697048336267471,0.999636173248291],"scale":0.9999999403953552,"type":"pole_fence2"}
{"pos":[-823.7550659179688,-542.3065185546875,99.36056518554688],"rotationMatrix":[-0.6803704500198364,-0.7320703268051147,-0.03419317677617073,0.7327947616577148,-0.6802226305007935,-0.01758088916540146,-0.01038852613419294,-0.03701809793710709,0.9992606043815613],"scale":0.9999999403953552,"type":"pole_fence2"}
{"pos":[-814.1421508789063,-532.1290283203125,99.23055267333984],"rotationMatrix":[-0.7040348052978516,-0.7100178599357605,-0.01447143591940403,0.7101263403892517,-0.7040635347366333,-0.003871343098580837,-0.00744008831679821,-0.01300210971385241,0.9998877644538879],"scale":0.9999999403953552,"type":"pole_fence2"}
{"pos":[-816.6068725585938,-534.615478515625,99.2486572265625],"rotationMatrix":[-0.6801599264144897,-0.7318437099456787,0.04227885976433754,0.7325397729873657,-0.6807228326797485,0.001454152166843414,0.02771596983075142,0.03195999935269356,0.9991047978401184],"scale":0.9999999403953552,"type":"pole_fence2"}
{"pos":[-821.3724365234375,-539.7427978515625,99.31803131103516],"rotationMatrix":[-0.680757999420166,-0.7324869632720947,-0.005587659310549498,0.7324051856994629,-0.6807703971862793,0.0115828039124608,-0.01228816621005535,0.003792656352743506,0.9999173283576965],"scale":0.9999999403953552,"type":"pole_fence2"}
{"pos":[-818.98974609375,-537.1791381835938,99.28028869628906],"rotationMatrix":[-0.6807262897491455,-0.7324526309967041,-0.01117917150259018,0.7325248718261719,-0.6805435419082642,-0.01637211255729198,0.004383885767310858,-0.01933394558727741,0.9998034834861755],"scale":0.9999999403953552,"type":"pole_fence2"}
{"pos":[-809.2134399414063,-527.1585083007813,99.18898010253906],"rotationMatrix":[-0.7040708065032959,-0.7100540995597839,0.01036815717816353,0.710088312625885,-0.7041125297546387,-0.0005321379285305738,0.007678195834159851,0.006987644359469414,0.999946117401123],"scale":0.9999999403953552,"type":"pole_fence2"}
{"pos":[-811.677734375,-529.643798828125,99.20992279052734],"rotationMatrix":[-0.7040475606918335,-0.7100306153297424,-0.01318021025508642,0.7098923325538635,-0.7041707038879395,0.01402185298502445,-0.01923706196248531,0.0005155205726623535,0.9998148083686829],"scale":0.9999999403953552,"type":"pole_fence2"}
{"pos":[-806.7492065429688,-524.673095703125,99.181884765625],"rotationMatrix":[-0.7039568424224854,-0.7099393010139465,-0.02075653895735741,0.7102386355400085,-0.7037501335144043,-0.01722619496285915,-0.00237786490470171,-0.02686859481036663,0.999636173248291],"scale":0.9999999403953552,"type":"pole_fence2"}
{"pos":[-828.5855102539063,-547.3902587890625,99.42654418945313],"rotationMatrix":[-0.6806219816207886,-0.7323406338691711,-0.02075654082000256,0.7326331734657288,-0.6804056167602539,-0.017226193100214,-0.001507425680756569,-0.02693145722150803,0.999636173248291],"scale":0.9999999403953552,"type":"pole_fence2"}
{"pos":[-826.14208984375,-544.8563232421875,99.39397430419922],"rotationMatrix":[-0.6807682514190674,-0.7324982881546021,0.0008200136944651604,0.7319427728652954,-0.6802074909210205,0.03971761465072632,-0.02853531017899513,0.02763869613409042,0.9992105960845947],"scale":0.9999999403953552,"type":"pole_fence2"}
{"pos":[-830.8693237304688,-549.995849609375,99.45693206787109],"rotationMatrix":[-0.6807682514190674,-0.7324982881546021,0.0008200136944651604,0.7319427728652954,-0.6802074909210205,0.03971761465072632,-0.02853531017899513,0.02763869613409042,0.9992105960845947],"scale":0.9999999403953552,"type":"pole_fence2"}
{"pos":[-833.2341918945313,-552.6024780273438,99.48651123046875],"rotationMatrix":[-0.6576881408691406,-0.753004252910614,-0.02075653895735741,0.7532899975776672,-0.6574628353118896,-0.017226193100214,-0.0006752582266926765,-0.02696515619754791,0.999636173248291],"scale":0.9999999403953552,"type":"pole_fence2"}
{"pos":[-835.536376953125,-555.2385864257813,99.52478790283203],"rotationMatrix":[-0.6577945947647095,-0.7531261444091797,0.01036815624684095,0.7531628608703613,-0.6578339338302612,-0.0005321372300386429,0.007221291773021221,0.007458873093128204,0.999946117401123],"scale":0.9999999403953552,"type":"pole_fence2"}
{"pos":[-844.74609375,-565.7828979492188,99.69450378417969],"rotationMatrix":[-0.6577887535095215,-0.7531195282936096,-0.0111791705712676,0.753186047077179,-0.6576038599014282,-0.01637211069464684,0.00497868936508894,-0.01918938383460045,0.9998034834861755],"scale":0.9999999403953552,"type":"pole_fence2"}
{"pos":[-847.0484619140625,-568.4189453125,99.75524139404297],"rotationMatrix":[-0.657819390296936,-0.7531548142433167,-0.00558766070753336,0.753073513507843,-0.6578342914581299,0.01158280484378338,-0.0123994005843997,0.003411476500332355,0.9999173283576965],"scale":0.9999999403953552,"type":"pole_fence2"}
{"pos":[-849.3509521484375,-571.054931640625,99.80770111083984],"rotationMatrix":[-0.657444953918457,-0.7527262568473816,-0.03419317305088043,0.7534458041191101,-0.6572748422622681,-0.01758088916540146,-0.009240714833140373,-0.03732116892933846,0.9992606043815613],"scale":0.9999999403953552,"type":"pole_fence2"}
{"pos":[-851.7778930664063,-573.6436767578125,99.84894561767578],"rotationMatrix":[0.7983924150466919,-0.6011658906936646,-0.03419318795204163,0.6009440422058105,0.7990977168083191,-0.01758088730275631,0.03789272904396057,-0.006511745974421501,0.9992606043815613],"scale":0.9999999403953552,"type":"pole_fence2"}
{"pos":[-856.30859375,-578.962158203125,99.93707275390625],"rotationMatrix":[-0.6514546871185303,-0.7586166858673096,0.01036815717816353,0.7586537599563599,-0.6514937877655029,-0.0005321379285305738,0.00715847872197628,0.007519177161157131,0.999946117401123],"scale":0.9999999403953552,"type":"pole_fence2"}
{"pos":[-858.5887451171875,-581.6174926757813,99.96367645263672],"rotationMatrix":[-0.6514327526092529,-0.758591890335083,-0.01318021304905415,0.7584627866744995,-0.6515655517578125,0.01402185577899218,-0.01922463811933994,-0.0008624037727713585,0.9998148083686829],"scale":0.9999999403953552,"type":"pole_fence2"}
{"pos":[-854.0283203125,-576.306884765625,99.89321136474609],"rotationMatrix":[-0.6513494253158569,-0.7584940195083618,-0.02075654082000256,0.7587778568267822,-0.6511217355728149,-0.01722618378698826,-0.0004490762948989868,-0.02696986682713032,0.999636173248291],"scale":0.9999999403953552,"type":"pole_fence2"}
{"pos":[-907.3463745117188,122.8093872070313,145.9114990234375],"rotationMatrix":[-0.2456179857254028,-0.968230664730072,0.04691668599843979,0.9665713906288147,-0.2482955455780029,-0.06394581496715546,0.07356350868940353,0.02964208647608757,0.9968498945236206],"scale":0.9999999403953552,"type":"pole_fence2"}
{"pos":[-904.906005859375,120.2334289550781,145.1561279296875],"rotationMatrix":[-0.2458705902099609,-0.9692263007164001,-0.01216472126543522,0.9686136841773987,-0.2452033758163452,-0.04077831283211708,0.03654058277606964,-0.02180910483002663,0.9990941882133484],"scale":0.9999999403953552,"type":"pole_fence2"}
{"pos":[-896.1646728515625,111.607421875,142.5408782958984],"rotationMatrix":[-0.2457399368286133,-0.9687116742134094,-0.03477877378463745,0.9678633809089661,-0.2432317733764648,-0.06386596709489822,0.05340839922428131,-0.04935551807284355,0.9973523020744324],"scale":0.9999999403953552,"type":"pole_fence2"}
{"pos":[-897.420166015625,112.8704833984375,142.9201354980469],"rotationMatrix":[-0.245771050453186,-0.9688341617584229,0.0309348963201046,0.9683865308761597,-0.2440011501312256,0.05187386646866798,-0.04270902648568153,0.04270603135228157,0.9981744289398193],"scale":0.9999999403953552,"type":"pole_fence2"}
{"pos":[-902.4107055664063,117.7790832519531,144.4107666015625],"rotationMatrix":[-0.2457671165466309,-0.9688186049461365,0.03145070374011993,0.967190682888031,-0.2472497224807739,-0.05839304625988007,0.06434844434261322,0.0160677433013916,0.9977981448173523],"scale":0.9999999403953552,"type":"pole_fence2"}
{"pos":[-899.9154052734375,115.3247680664063,143.6654510498047],"rotationMatrix":[-0.2455407381057739,-0.9679262042045593,0.05318594351410866,0.9670359492301941,-0.2483947277069092,-0.05605094879865646,0.06746428459882736,0.03766992688179016,0.9970102906227112],"scale":0.9999999403953552,"type":"pole_fence2"}
{"pos":[-917.3950805664063,132.8181457519531,148.9318389892578],"rotationMatrix":[-0.2456719875335693,-0.9684435725212097,-0.04197983071208,0.9689237475395203,-0.2440440654754639,-0.04036453738808632,0.02884584851562977,-0.05059168860316277,0.9983027577400208],"scale":0.9999999403953552,"type":"pole_fence2"}
{"pos":[-922.3856811523438,137.726806640625,150.4225006103516],"rotationMatrix":[-0.2458604574203491,-0.9691863059997559,0.01518945395946503,0.9692832231521606,-0.2457188367843628,0.01060360576957464,-0.006544535979628563,0.01732988841831684,0.9998283982276917],"scale":0.9999999403953552,"type":"pole_fence2"}
{"pos":[-919.890380859375,135.2723388671875,149.6771545410156],"rotationMatrix":[-0.2453931570053101,-0.9673445820808411,0.06345462799072266,0.9693594574928284,-0.2440975904464722,0.0275408923625946,-0.01115240901708603,0.06826869398355484,0.9976046085357666],"scale":0.9999999403953552,"type":"pole_fence2"}
{"pos":[-929.8714599609375,145.0897216796875,152.6584625244141],"rotationMatrix":[-0.2457602024078369,-0.9687917828559875,-0.03231636434793472,0.9689592719078064,-0.2446067333221436,-0.03585256263613701,0.02682886831462383,-0.04012437537312508,0.9988344311714172],"scale":0.9999999403953552,"type":"pole_fence2"}
{"pos":[-932.36669921875,147.5441284179688,153.4037933349609],"rotationMatrix":[-0.2452986240386963,-0.9669721126556396,-0.06923523545265198,0.9686745405197144,-0.247328519821167,0.02231892198324203,-0.03870562463998795,-0.06159161031246185,0.9973506927490234],"scale":0.9999999403953552,"type":"pole_fence2"}
{"pos":[-927.376220703125,142.63525390625,151.9131164550781],"rotationMatrix":[-0.2457681894302368,-0.9688225388526917,0.03132226318120956,0.9691206812858582,-0.2449177503585815,0.02864500507712364,-0.02008054591715336,0.03739508613944054,0.9990987777709961],"scale":0.9999999403953552,"type":"pole_fence2"}
{"pos":[-924.881103515625,140.1810607910156,151.1678314208984],"rotationMatrix":[-0.2457298040390015,-0.9686710834503174,-0.03596054017543793,0.9682149887084961,-0.2434905767440796,-0.0572030320763588,0.04665487259626389,-0.04887402057647705,0.9977146983146667],"scale":0.9999999403953552,"type":"pole_fence2"}
{"pos":[-934.862060546875,149.9984436035156,154.1491241455078],"rotationMatrix":[-0.2458568811416626,-0.9691728949546814,0.01607014983892441,0.9692636132240295,-0.2456569671630859,0.01344203762710094,-0.009079914540052414,0.01888102851808071,0.999780535697937],"scale":0.9999999403953552,"type":"pole_fence2"}
{"pos":[-914.8899536132813,130.3931579589844,148.1894378662109],"rotationMatrix":[-0.2453650236129761,-0.967233419418335,-0.06523457169532776,0.9692379236221313,-0.2434178590774536,-0.03641024604439735,0.01933794654905796,-0.07216161489486694,0.9972054958343506],"scale":0.9999999403953552,"type":"pole_fence2"}
{"pos":[-912.4712524414063,127.7966918945313,147.4342346191406],"rotationMatrix":[-0.2452924251556396,-0.9669476747512817,0.0695972740650177,0.9694327116012573,-0.2442371845245361,0.02341951616108418,-0.005647208541631699,0.07321450859308243,0.9973002076148987],"scale":0.9999999403953552,"type":"pole_fence2"}
{"pos":[-909.9967041015625,125.3217163085938,146.6889038085938],"rotationMatrix":[-0.2455689907073975,-0.9680374264717102,-0.05098478496074677,0.9693333506584167,-0.2457288503646851,-0.003205860033631325,-0.00942503847181797,-0.05020850896835327,0.9986943006515503],"scale":0.9999999403953552,"type":"pole_fence2"}
{"pos":[-210.7698974609375,23.70417022705078,122.1778259277344],"rotationMatrix":[0.6933389902114868,0.7205318808555603,0.01071507669985294,-0.7204551100730896,0.6934216618537903,-0.01052761822938919,-0.01501554995775223,-0.0004205238074064255,0.9998871684074402],"scale":0.9999999403953552,"type":"pole_fence2"}
{"pos":[-258.2233581542969,14.99159336090088,121.8044586181641],"rotationMatrix":[-0.7205290794372559,0.6933368444442749,-0.01103241834789515,-0.6931880712509155,-0.7206076383590698,-0.0146544873714447,-0.01811054348945618,-0.002911444287747145,0.9998317360877991],"scale":0.9999999403953552,"type":"pole_fence2"}
{"pos":[-255.9780731201172,17.53762435913086,121.9186859130859],"rotationMatrix":[0.6934182643890381,0.7204767465591431,0.009187684394419193,-0.7201080322265625,0.6933897733688354,-0.02559265121817589,-0.02480955794453621,0.01113028451800346,0.9996302127838135],"scale":0.9999999403953552,"type":"pole_fence2"}
{"pos":[-236.2314147949219,-2.347891807556152,121.5845794677734],"rotationMatrix":[0.6929776668548584,0.7200189828872681,0.03680424019694328,-0.7202906608581543,0.6936301589012146,-0.007649834733456373,-0.03103655949234962,-0.02120858617126942,0.9992932081222534],"scale":0.9999999403953552,"type":"pole_fence2"}
{"pos":[-250.9357147216797,3.043935775756836,121.9195709228516],"rotationMatrix":[-0.7200644016265869,0.6928895115852356,-0.03756505995988846,-0.6930803656578064,-0.720793604850769,-0.009791098535060883,-0.03386081010103226,0.01898538321256638,0.9992462396621704],"scale":0.9999999403953552,"type":"pole_fence2"}
{"pos":[-255.979736328125,7.89744234085083,121.7930755615234],"rotationMatrix":[-0.7204853296279907,0.6932947039604187,-0.01559880841523409,-0.6928005814552307,-0.7205958366394043,-0.02773156389594078,-0.03046658262610435,-0.009173322468996048,0.9994937181472778],"scale":0.9999999403953552,"type":"pole_fence2"}
{"pos":[-253.4576568603516,5.470727920532227,121.9393157958984],"rotationMatrix":[-0.7205601930618286,0.6933667063713074,-0.005974907428026199,-0.6933866143226624,-0.7205628156661987,0.00210137409158051,-0.002848272444680333,0.005657087080180645,0.9999799132347107],"scale":0.9999999403953552,"type":"pole_fence2"}
{"pos":[-261.0237426757813,12.75129890441895,121.7035675048828],"rotationMatrix":[-0.7205290794372559,0.6933368444442749,-0.01103241834789515,-0.6931880712509155,-0.7206076383590698,-0.0146544873714447,-0.01811054348945618,-0.002911444287747145,0.9998317360877991],"scale":0.9999999403953552,"type":"pole_fence2"}
{"pos":[-258.5017395019531,10.32430744171143,121.7460479736328],"rotationMatrix":[-0.7205468416213989,0.6933535933494568,0.008543435484170914,-0.6922827363014221,-0.720025897026062,0.04803404584527016,0.0394560731947422,0.02869630977511406,0.9988091588020325],"scale":0.9999999403953552,"type":"pole_fence2"}
{"pos":[-245.9200439453125,-1.84867000579834,121.5826568603516],"rotationMatrix":[-0.7204768657684326,0.6934182047843933,0.009187682531774044,-0.6933897137641907,-0.7201082706451416,-0.02559265121817589,-0.01113028358668089,-0.02480955794453621,0.9996302127838135],"scale":0.9999999403953552,"type":"pole_fence2"}
{"pos":[-248.4418640136719,0.5783567428588867,121.7110748291016],"rotationMatrix":[-0.719901442527771,0.6928641200065613,-0.04100379347801208,-0.6939846873283386,-0.7195091247558594,0.02630341239273548,-0.01127791590988636,0.0473918691277504,0.9988126754760742],"scale":0.9999999403953552,"type":"pole_fence2"}
{"pos":[-242.7137908935547,-2.408991813659668,121.5196380615234],"rotationMatrix":[-0.7200189828872681,0.6929777860641479,0.03680424019694328,-0.6936302185058594,-0.7202906608581543,-0.007649835199117661,0.02120858430862427,-0.03103655949234962,0.9992932081222534],"scale":0.9999999403953552,"type":"pole_fence2"}
{"pos":[-239.253662109375,-2.47081470489502,121.4567718505859],"rotationMatrix":[0.6928662061691284,0.7199031114578247,-0.04093834757804871,-0.7199907302856445,0.6938165426254272,0.0152291227132082,0.0393671914935112,0.01892348937690258,0.9990456104278564],"scale":0.9999999403953552,"type":"pole_fence2"}
{"pos":[-233.76708984375,0.1164369583129883,121.5960235595703],"rotationMatrix":[0.6929776668548584,0.7200189828872681,0.03680424019694328,-0.7202906608581543,0.6936301589012146,-0.007649834733456373,-0.03103655949234962,-0.02120858617126942,0.9992932081222534],"scale":0.9999999403953552,"type":"pole_fence2"}
{"pos":[-228.9128112792969,5.159995079040527,121.9673004150391],"rotationMatrix":[0.6928642988204956,0.7199012041091919,-0.04100378602743149,-0.7195088863372803,0.6939849257469177,0.02630340307950974,0.0473918616771698,0.01127789914608002,0.998812735080719],"scale":0.9999999403953552,"type":"pole_fence2"}
{"pos":[-231.3398590087891,2.638157844543457,121.7893829345703],"rotationMatrix":[0.6934182643890381,0.7204767465591431,0.009187684394419193,-0.7201080322265625,0.6933897733688354,-0.02559265121817589,-0.02480955794453621,0.01113028451800346,0.9996302127838135],"scale":0.9999999403953552,"type":"pole_fence2"}
{"pos":[-219.1668701171875,15.21985626220703,122.0524444580078],"rotationMatrix":[0.6933536529541016,0.7205468416213989,0.008543437346816063,-0.720025897026062,0.6922827959060669,0.04803403839468956,0.02869630046188831,-0.0394560731947422,0.9988091588020325],"scale":0.9999999403953552,"type":"pole_fence2"}
{"pos":[-216.7398986816406,17.74185943603516,122.0518341064453],"rotationMatrix":[0.6933367848396301,0.7205292582511902,-0.01103241927921772,-0.7206078171730042,0.6931880116462708,-0.01465448830276728,-0.002911448013037443,0.01811054348945618,0.9998317360877991],"scale":0.9999999403953552,"type":"pole_fence2"}
