{"pos":[-339.9760131835938,-3.589999914169312,110.9759979248047],"rotationMatrix":[-0.6950305700302124,-0.7189114689826965,-0.009938029572367668,0.7189642786979675,-0.6950407028198242,-0.002959636971354485,-0.004779618233442307,-0.009202126413583755,0.9999462366104126],"scale":1,"type":"railing_support1"}
{"pos":[-344.06298828125,-7.906199932098389,110.8990020751953],"rotationMatrix":[-0.6946622133255005,-0.7192674279212952,-0.009938787668943405,0.7193202376365662,-0.6946723461151123,-0.002957091433927417,-0.004777261056005955,-0.009203351102769375,0.9999462366104126],"scale":1,"type":"railing_support1"}
{"pos":[-348.14599609375,-12.22620010375977,110.822998046875],"rotationMatrix":[-0.6939259767532349,-0.7199777364730835,-0.009940299205482006,0.7200305461883545,-0.6939361095428467,-0.002952007111161947,-0.004772552754729986,-0.009205793030560017,0.9999462366104126],"scale":1,"type":"railing_support1"}
{"pos":[-352.2250061035156,-16.5496997833252,110.7470016479492],"rotationMatrix":[-0.6931897401809692,-0.720689058303833,-0.009761213324964046,0.7207405567169189,-0.6931983232498169,-0.003023793222382665,-0.004587241914123297,-0.009131364524364471,0.9999477863311768],"scale":1,"type":"railing_support1"}
{"pos":[-356.3009948730469,-20.87669944763184,110.6709976196289],"rotationMatrix":[-0.6928218603134155,-0.7210426926612854,-0.009761984460055828,0.7210941910743713,-0.6928304433822632,-0.003021302400156856,-0.004584912210702896,-0.009132535196840763,0.9999477863311768],"scale":1,"type":"railing_support1"}
{"pos":[-360.3739929199219,-25.20689964294434,110.5950012207031],"rotationMatrix":[-0.692085862159729,-0.7217491269111633,-0.009763524867594242,0.7218006253242493,-0.6920944452285767,-0.003016322385519743,-0.004580252803862095,-0.009134872816503048,0.9999477863311768],"scale":1,"type":"railing_support1"}
{"pos":[-364.4429931640625,-29.5403003692627,110.5199966430664],"rotationMatrix":[-0.6913502216339111,-0.7224538326263428,-0.009765059687197208,0.7225053310394287,-0.6913588047027588,-0.003011348890140653,-0.004575599450618029,-0.00913720391690731,0.9999477863311768],"scale":1,"type":"railing_support1"}
{"pos":[-368.5090026855469,-33.87710189819336,110.4440002441406],"rotationMatrix":[-0.6909823417663574,-0.7228056788444519,-0.009765826165676117,0.7228571772575378,-0.6909909248352051,-0.003008863423019648,-0.004573273472487926,-0.009138369001448154,0.9999477863311768],"scale":1,"type":"railing_support1"}
{"pos":[-372.5719909667969,-38.21680068969727,110.3690032958984],"rotationMatrix":[-0.6906144618988037,-0.7231571674346924,-0.009766590781509876,0.7232086658477783,-0.6906230449676514,-0.003006378654390574,-0.004570948425680399,-0.009139532223343849,0.9999477863311768],"scale":1,"type":"railing_support1"}
{"pos":[-400.4819946289063,-4.597899913787842,126.1920013427734],"rotationMatrix":[-0.1094014644622803,-0.9938742518424988,0.01566300168633461,0.9924269318580627,-0.1083295345306396,0.05790901929140091,-0.05585751682519913,0.02187971584498882,0.9981989860534668],"scale":1,"type":"railing_support1"}
{"pos":[-400.9190063476563,-9.550200462341309,126.2910003662109],"rotationMatrix":[-0.1168462038040161,-0.9930697679519653,0.01262341160327196,0.991435706615448,-0.1158885955810547,0.06020844355225563,-0.05832827836275101,0.01955042965710163,0.9981060028076172],"scale":1,"type":"railing_support1"}
{"pos":[-401.3980102539063,-14.49829959869385,126.3820037841797],"rotationMatrix":[-0.125494122505188,-0.9920275807380676,0.01151334773749113,0.9903801679611206,-0.1245869398117065,0.06020961329340935,-0.05829518288373947,0.01895854435861111,0.9981193542480469],"scale":1,"type":"railing_support1"}
{"pos":[-401.9200134277344,-19.4419994354248,126.4680023193359],"rotationMatrix":[-0.134476900100708,-0.9908621907234192,0.01039523258805275,0.9892023205757141,-0.133620023727417,0.06020355969667435,-0.05826442316174507,0.01837897673249245,0.9981319904327393],"scale":1,"type":"railing_support1"}
{"pos":[-402.489013671875,-24.38069915771484,126.5469970703125],"rotationMatrix":[-0.1440906524658203,-0.9895224571228027,0.009123262017965317,0.9878571033477783,-0.1432945728302002,0.06004191935062408,-0.05810551345348358,0.01766395941376686,0.9981541633605957],"scale":1,"type":"railing_support1"}
{"pos":[-403.1069946289063,-29.31349945068359,126.6210021972656],"rotationMatrix":[-0.1540595293045044,-0.9880306124687195,0.007822537794709206,0.986344039440155,-0.1533203125,0.06015204638242722,-0.05823270976543427,0.01698270998895168,0.9981585741043091],"scale":1,"type":"railing_support1"}
{"pos":[-403.7760009765625,-34.23960113525391,126.6880035400391],"rotationMatrix":[-0.1643675565719604,-0.9863775372505188,0.006532095838338137,0.9846874475479126,-0.1636887788772583,0.05997144058346748,-0.05808525159955025,0.01628943160176277,0.9981787204742432],"scale":1,"type":"railing_support1"}
{"pos":[-404.4979858398438,-39.15829849243164,126.7490005493164],"rotationMatrix":[-0.1753451824188232,-0.9844932556152344,0.005200320854783058,0.9827840328216553,-0.1747235059738159,0.06005997955799103,-0.058220025151968,0.01564202085137367,0.9981812238693237],"scale":1,"type":"railing_support1"}
{"pos":[-405.2760009765625,-44.06859970092773,126.802001953125],"rotationMatrix":[-0.1869809627532959,-0.9823564887046814,0.003717188257724047,0.9806360602378845,-0.1864265203475952,0.05998379737138748,-0.05823249369859695,0.0148610370233655,0.9981924295425415],"scale":1,"type":"railing_support1"}
{"pos":[-406.1119995117188,-48.96910095214844,126.8489990234375],"rotationMatrix":[-0.1986849308013916,-0.9800605773925781,0.002360309707000852,0.9783229827880859,-0.1981880664825439,0.06004655361175537,-0.05838147550821304,0.01423949096351862,0.9981927871704102],"scale":1,"type":"railing_support1"}
{"pos":[-407.0090026855469,-53.85900115966797,126.8889999389648],"rotationMatrix":[-0.2113707065582275,-0.9774056077003479,0.0008434559567831457,0.9756592512130737,-0.2109413146972656,0.05994027853012085,-0.05840804427862167,0.01349254511296749,0.9982016086578369],"scale":1,"type":"railing_support1"}
{"pos":[-407.968994140625,-58.73690032958984,126.9209976196289],"rotationMatrix":[-0.2241337299346924,-0.9745582342147827,-0.0005488093011081219,0.9727967977523804,-0.2237623929977417,0.05997347086668015,-0.05857044085860252,0.0129081979393959,0.9981998205184937],"scale":1,"type":"railing_support1"}
{"pos":[-412.8930053710938,-3.327600002288818,125.4020004272461],"rotationMatrix":[0.1313014030456543,0.9913319945335388,-0.004557802807539701,-0.9882771372795105,0.1305327415466309,-0.07918026298284531,-0.07789898663759232,0.01490085199475288,0.9968498945236206],"scale":1,"type":"railing_support1"}
{"pos":[-413.3500061035156,-8.216699600219727,125.5009994506836],"rotationMatrix":[0.1378748416900635,0.9904434680938721,-0.003506356384605169,-0.9874471426010132,0.1371805667877197,-0.07829229533672333,-0.07706308364868164,0.01425687875598669,0.9969242811203003],"scale":1,"type":"railing_support1"}
{"pos":[-413.8420104980469,-13.09580039978027,125.5950012207031],"rotationMatrix":[0.1457300186157227,0.9893211126327515,-0.002540965098887682,-0.9863736033439636,0.1450966596603394,-0.07755037397146225,-0.0763535350561142,0.01380775775760412,0.9969851970672607],"scale":1,"type":"railing_support1"}
{"pos":[-414.3720092773438,-17.96809959411621,125.6859970092773],"rotationMatrix":[0.1540789604187012,0.9880570769309998,-0.001713783014565706,-0.9851701855659485,0.1534957885742188,-0.07667306065559387,-0.07549429684877396,0.01350207347422838,0.9970548152923584],"scale":1,"type":"railing_support1"}
{"pos":[-414.9469909667969,-22.83189964294434,125.7710037231445],"rotationMatrix":[0.1626358032226563,0.9866858720779419,-0.0007336261332966387,-0.9838476181030273,0.1621115207672119,-0.07591918110847473,-0.07478945702314377,0.01306895259767771,0.9971137046813965],"scale":1,"type":"railing_support1"}
{"pos":[-415.5690002441406,-27.68680000305176,125.8509979248047],"rotationMatrix":[0.1719210147857666,0.9851107001304626,0.0002687162486836314,-0.98232102394104,0.1714546680450439,-0.07515748590230942,-0.07408451288938522,0.01265718508511782,0.9971716403961182],"scale":1,"type":"railing_support1"}
{"pos":[-416.2340087890625,-32.53200149536133,125.927001953125],"rotationMatrix":[0.1819213628768921,0.9833120703697205,0.001417776336893439,-0.980580747127533,0.1815230846405029,-0.07423418760299683,-0.07325273752212524,0.01211454067379236,0.9972398281097412],"scale":1,"type":"railing_support1"}
{"pos":[-416.9469909667969,-37.36759948730469,125.9970016479492],"rotationMatrix":[0.1921149492263794,0.9813693761825562,0.002440719166770577,-0.9786866903305054,0.1917724609375,-0.07345563918352127,-0.07255517691373825,0.01172322686761618,0.9972954988479614],"scale":1,"type":"railing_support1"}
{"pos":[-417.7109985351563,-42.19129943847656,126.0609970092773],"rotationMatrix":[0.2032539844512939,0.9791193604469299,0.003617257811129093,-0.9764949083328247,0.2029770612716675,-0.07251249253749847,-0.07173260301351547,0.01120621897280216,0.9973609447479248],"scale":1,"type":"railing_support1"}
{"pos":[-418.5299987792969,-47.00239944458008,126.1190032958984],"rotationMatrix":[0.2145659923553467,0.9766977429389954,0.004788575693964958,-0.9741316437721252,0.214353084564209,-0.07155613601207733,-0.07091516256332397,0.01068881060928106,0.9974250793457031],"scale":1,"type":"railing_support1"}
{"pos":[-419.406005859375,-51.79940032958984,126.1709976196289],"rotationMatrix":[0.226781964302063,0.9739261865615845,0.006140142679214478,-0.9714081287384033,0.2266414165496826,-0.07071012258529663,-0.07025805115699768,0.01007119659334421,0.9974780082702637],"scale":1,"type":"railing_support1"}
{"pos":[-420.3420104980469,-56.58119964599609,126.2160034179688],"rotationMatrix":[0.2393946647644043,0.970893383026123,0.007497952319681644,-0.9684239029884338,0.2393251657485962,-0.06984743475914001,-0.06960885971784592,0.009459907189011574,0.9975295066833496],"scale":1,"type":"railing_support1"}
{"pos":[-421.3399963378906,-61.34659957885742,126.2539978027344],"rotationMatrix":[0.2526363134384155,0.9675195217132568,0.0089903324842453,-0.9651086926460266,0.2526462078094482,-0.06881234794855118,-0.06884866207838058,0.008707849308848381,0.997589111328125],"scale":1,"type":"railing_support1"}
{"pos":[-408.9660034179688,-29.93580055236816,109.9879989624023],"rotationMatrix":[-0.7020996809005737,-0.7120749950408936,0.002284359652549028,0.7119693756103516,-0.7020444869995117,-0.01527043152600527,0.01247741468250751,-0.009094971232116222,0.9998807907104492],"scale":1,"type":"railing_support1"}
{"pos":[-412.3630065917969,-33.48920059204102,109.9369964599609],"rotationMatrix":[-0.7020970582962036,-0.7120779156684875,0.002175371628254652,0.7119765877723694,-0.7020429372787476,-0.01500300131738186,0.01221051067113876,-0.008984750136733055,0.999885082244873],"scale":1,"type":"railing_support1"}
{"pos":[-415.760009765625,-37.04270172119141,109.8850021362305],"rotationMatrix":[-0.7020944356918335,-0.7120808362960815,0.002073487732559443,0.7119835019111633,-0.7020413875579834,-0.01474508829414845,0.01195536926388741,-0.008876155130565166,0.9998891353607178],"scale":1,"type":"railing_support1"}
{"pos":[-419.1570129394531,-40.59629821777344,109.8339996337891],"rotationMatrix":[-0.7020894289016724,-0.7120853066444397,0.002221368253231049,0.7119911313056946,-0.7020413875579834,-0.01437120791524649,0.01179301831871271,-0.008508278988301754,0.9998942613601685],"scale":1,"type":"railing_support1"}
{"pos":[-422.5539855957031,-44.14970016479492,109.7819976806641],"rotationMatrix":[-0.7020869255065918,-0.7120881080627441,0.002123949816450477,0.7119977474212646,-0.7020399570465088,-0.01410985272377729,0.01153855584561825,-0.008394095115363598,0.9998981952667236],"scale":1,"type":"railing_support1"}
{"pos":[-425.9519958496094,-47.70330047607422,109.7310028076172],"rotationMatrix":[-0.7020845413208008,-0.7120901942253113,0.002199983224272728,0.7120013236999512,-0.7020399570465088,-0.0139280753210187,0.01146252173930407,-0.008212295360863209,0.9999005794525146],"scale":1,"type":"railing_support1"}
{"pos":[-429.3489990234375,-51.25669860839844,109.6790008544922],"rotationMatrix":[-0.7020797729492188,-0.7120950222015381,0.002165707759559155,0.712011456489563,-0.7020384073257446,-0.0134812593460083,0.01112034730613232,-0.007922911085188389,0.9999067783355713],"scale":1,"type":"railing_support1"}
{"pos":[-432.7470092773438,-54.81019973754883,109.6279983520508],"rotationMatrix":[-0.7024463415145874,-0.7117336988449097,0.002063277410343289,0.7116539478302002,-0.7024059295654297,-0.01321169268339872,0.01085246540606022,-0.007812165655195713,0.9999105930328369],"scale":1,"type":"railing_support1"}
{"pos":[-436.1440124511719,-58.36349868774414,109.5759963989258],"rotationMatrix":[-0.7024440765380859,-0.711735725402832,0.002146413549780846,0.7116572260856628,-0.7024059295654297,-0.01303486432880163,0.01078503206372261,-0.007628752384334803,0.9999127388000488],"scale":1,"type":"railing_support1"}
{"pos":[-424.3460083007813,-14.76830005645752,110.0329971313477],"rotationMatrix":[0.7021559476852417,0.7120199203491211,-0.002148628933355212,-0.7120091319084167,0.7021578550338745,0.004161464050412178,0.004471722058951855,-0.001392153208144009,0.9999890327453613],"scale":1,"type":"railing_support1"}
{"pos":[-427.7430114746094,-18.32169914245605,109.9759979248047],"rotationMatrix":[0.7021565437316895,0.7120193243026733,-0.002156140748411417,-0.7120105028152466,0.70215904712677,0.003702594200149179,0.004150272347033024,-0.001064605894498527,0.9999908208847046],"scale":1,"type":"railing_support1"}
{"pos":[-431.1400146484375,-21.875,109.9179992675781],"rotationMatrix":[0.7021565437316895,0.712019145488739,-0.002223640447482467,-0.7120110988616943,0.7021595239639282,0.003495924407616258,0.004050515592098236,-0.0008714293944649398,0.9999914169311523],"scale":1,"type":"railing_support1"}
{"pos":[-434.5369873046875,-25.42830085754395,109.8600006103516],"rotationMatrix":[0.7021572589874268,0.7120187282562256,-0.002117833588272333,-0.7120116353034973,0.7021600008010864,0.00328230275772512,0.003824119223281741,-0.0007967705023474991,0.9999923706054688],"scale":1,"type":"railing_support1"}
{"pos":[-376.6319885253906,-42.55950164794922,110.2929992675781],"rotationMatrix":[-0.6898790597915649,-0.7238587141036987,-0.009768117219209671,0.7239102125167847,-0.6898876428604126,-0.003001414937898517,-0.004566302988678217,-0.009141854010522366,0.9999477863311768],"scale":1,"type":"railing_support1"}
{"pos":[-380.6889953613281,-46.90510177612305,110.2170028686523],"rotationMatrix":[-0.6895114183425903,-0.7242089509963989,-0.009768879041075706,0.7242604494094849,-0.689520001411438,-0.002998935058712959,-0.004563982132822275,-0.009143012575805187,0.9999477863311768],"scale":1,"type":"railing_support1"}
{"pos":[-384.7420043945313,-51.25350189208984,110.140998840332],"rotationMatrix":[-0.6891438961029053,-0.7245562076568604,-0.009950016625225544,0.7246090173721313,-0.6891540288925171,-0.002919085323810577,-0.004742052406072617,-0.009221541695296764,0.9999462366104126],"scale":1,"type":"railing_support1"}
{"pos":[-388.7940063476563,-55.60469818115234,110.0650024414063],"rotationMatrix":[-0.6884087324142456,-0.7252547144889832,-0.009951495565474033,0.7253075242042542,-0.6884188652038574,-0.002914039883762598,-0.004737376235425472,-0.009223944507539272,0.9999462366104126],"scale":1,"type":"railing_support1"}
{"pos":[-392.8420104980469,-59.95849990844727,109.9879989624023],"rotationMatrix":[-0.688041090965271,-0.725603461265564,-0.009952233172953129,0.725656270980835,-0.6880512237548828,-0.002911518095061183,-0.004735038615763187,-0.009225144982337952,0.9999462366104126],"scale":1,"type":"railing_support1"}
{"pos":[-408.9949951171875,-63.60129928588867,126.9459991455078],"rotationMatrix":[-0.2375842332839966,-0.9713646769523621,-0.002086944878101349,0.9695967435836792,-0.2372803688049316,0.05983434990048409,-0.05861616507172585,0.01219220366328955,0.9982061386108398],"scale":1,"type":"railing_support1"}
{"pos":[-410.0889892578125,-68.45079803466797,126.9629974365234],"rotationMatrix":[-0.2511181831359863,-0.9679501056671143,-0.003505427855998278,0.9661692380905151,-0.2508728504180908,0.05983170121908188,-0.05879351869225502,0.01163799129426479,0.9982023239135742],"scale":1,"type":"railing_support1"}
{"pos":[-411.2529907226563,-73.28410339355469,126.9729995727539],"rotationMatrix":[-0.2656717300415039,-0.9640493392944336,-0.005238580051809549,0.962255597114563,-0.2655022144317627,0.05977264791727066,-0.05901463702321053,0.01083904970437288,0.9981982707977295],"scale":1,"type":"railing_support1"}
{"pos":[-412.489013671875,-78.09909820556641,126.9749984741211],"rotationMatrix":[-0.2803193330764771,-0.959883451461792,-0.006692935712635517,0.958078920841217,-0.2802088260650635,0.05973099917173386,-0.05921021848917007,0.01033139321953058,0.9981920719146729],"scale":1,"type":"railing_support1"}
{"pos":[-413.7999877929688,-82.89440155029297,126.9680023193359],"rotationMatrix":[-0.2953648567199707,-0.9553472399711609,-0.008442368358373642,0.9535326957702637,-0.2953307628631592,0.0596248023211956,-0.05945568159222603,0.009560997597873211,0.9981851577758789],"scale":1,"type":"railing_support1"}
{"pos":[-415.18798828125,-87.66770172119141,126.9540023803711],"rotationMatrix":[-0.3108317852020264,-0.9504113793373108,-0.01009079348295927,0.9485796689987183,-0.310866117477417,0.05965598300099373,-0.05983461067080498,0.00897105410695076,0.9981679916381836],"scale":1,"type":"railing_support1"}
{"pos":[-416.6539916992188,-92.41780090332031,126.9309997558594],"rotationMatrix":[-0.3267167806625366,-0.9450492262840271,-0.01175293605774641,0.9432017207145691,-0.3268200159072876,0.05965884402394295,-0.06022163853049278,0.008406156674027443,0.9981496334075928],"scale":1,"type":"railing_support1"}
{"pos":[-418.2000122070313,-97.14240264892578,126.9000015258789],"rotationMatrix":[-0.3426984548568726,-0.9393519163131714,-0.01325682550668716,0.9374979138374329,-0.3428621292114258,0.05952496826648712,-0.06046015396714211,0.007970867678523064,0.9981387853622437],"scale":1,"type":"railing_support1"}
{"pos":[-419.8269958496094,-101.838996887207,126.8610000610352],"rotationMatrix":[-0.3591059446334839,-0.9331771731376648,-0.01494394056499004,0.9313095211982727,-0.359339714050293,0.05947711318731308,-0.060872633010149,0.007441150955855846,0.9981178045272827],"scale":1,"type":"railing_support1"}
{"pos":[-421.5360107421875,-106.5070037841797,126.8150024414063],"rotationMatrix":[-0.3756216764450073,-0.9266286492347717,-0.01636131294071674,0.9247474074363708,-0.3759088516235352,0.05945418402552605,-0.06124231219291687,0.007202198263257742,0.9980969429016113],"scale":1,"type":"railing_support1"}
{"pos":[-423.3290100097656,-111.1429977416992,126.7600021362305],"rotationMatrix":[-0.392237663269043,-0.9196887612342834,-0.01795016601681709,0.9177862405776978,-0.3925880193710327,0.05952399224042892,-0.06179056689143181,0.006873136851936579,0.9980654716491699],"scale":1,"type":"railing_support1"}
{"pos":[-425.2049865722656,-115.7460021972656,126.697998046875],"rotationMatrix":[-0.4086102247238159,-0.9124974608421326,-0.0196479894220829,0.9105844497680664,-0.4090325832366943,0.05939940735697746,-0.06223847717046738,0.006380051374435425,0.9980409145355225],"scale":1,"type":"railing_support1"}
{"pos":[-427.1640014648438,-120.3140029907227,126.6279983520508],"rotationMatrix":[-0.4254245758056641,-0.9047442078590393,-0.02125751599669456,0.9028120040893555,-0.4259119033813477,0.05941003188490868,-0.06280471384525299,0.006082947831600904,0.9980072975158691],"scale":1,"type":"railing_support1"}
{"pos":[-429.2070007324219,-124.8450012207031,126.5490036010742],"rotationMatrix":[-0.4416524171829224,-0.8968924283981323,-0.02295951917767525,0.8949519395828247,-0.4422131776809692,0.05923297256231308,-0.06327860802412033,0.005612718872725964,0.9979801177978516],"scale":1,"type":"railing_support1"}
{"pos":[-422.4039916992188,-66.09359741210938,126.2850036621094],"rotationMatrix":[0.2664878368377686,0.9637824892997742,0.01036884263157845,-0.9614211916923523,0.2665655612945557,-0.06791261583566666,-0.0682169646024704,0.0081290602684021,0.9976373910903931],"scale":1,"type":"railing_support1"}
{"pos":[-423.5350036621094,-70.82080078125,126.3089981079102],"rotationMatrix":[0.280928373336792,0.959655225276947,0.01187864970415831,-0.9573537707328796,0.2810819149017334,-0.06683366000652313,-0.06747614592313766,0.007403402589261532,0.9976934194564819],"scale":1,"type":"railing_support1"}
{"pos":[-424.739013671875,-75.52649688720703,126.3239974975586],"rotationMatrix":[0.2956892251968384,0.9551897644996643,0.01343011669814587,-0.9529297947883606,0.2959177494049072,-0.06601165235042572,-0.06702786684036255,0.00672097597271204,0.9977284669876099],"scale":1,"type":"railing_support1"}
{"pos":[-426.0140075683594,-80.20950317382813,126.3320007324219],"rotationMatrix":[0.3110001087188721,0.950289785861969,0.01510652434080839,-0.9480823874473572,0.3113110065460205,-0.06500192731618881,-0.06647349894046783,0.005893378052860498,0.9977707862854004],"scale":1,"type":"railing_support1"}
{"pos":[-427.364990234375,-84.86740112304688,126.3310012817383],"rotationMatrix":[0.326837420463562,0.9449315071105957,0.01678663119673729,-0.9427775740623474,0.3272287845611572,-0.06396667659282684,-0.06593719124794006,0.005080643575638533,0.9978108406066895],"scale":1,"type":"railing_support1"}
{"pos":[-428.7950134277344,-89.49870300292969,126.3219985961914],"rotationMatrix":[0.3431768417358398,0.9390891790390015,0.01847217977046967,-0.9369899034500122,0.3436470031738281,-0.06290192902088165,-0.06541842967271805,0.004278238862752914,0.9978487491607666],"scale":1,"type":"railing_support1"}
{"pos":[-430.3030090332031,-94.10169982910156,126.3040008544922],"rotationMatrix":[0.3597563505172729,0.9328250288963318,0.02031737379729748,-0.9307737350463867,0.360313892364502,-0.0619206391274929,-0.06508175283670425,0.003365466138347983,0.9978742599487305],"scale":1,"type":"railing_support1"}
{"pos":[-431.8919982910156,-98.67479705810547,126.2770004272461],"rotationMatrix":[0.3765685558319092,0.9261264204978943,0.02204565331339836,-0.9241141676902771,0.3772041797637939,-0.0610739029943943,-0.06487786769866943,0.002625810448080301,0.9978897571563721],"scale":1,"type":"railing_support1"}
{"pos":[-433.5669860839844,-103.2149963378906,126.2409973144531],"rotationMatrix":[0.3935954570770264,0.9189735054969788,0.02388095110654831,-0.9170125126838684,0.3943154811859131,-0.06002818793058395,-0.06458093971014023,0.001727692200802267,0.9979109764099121],"scale":1,"type":"railing_support1"}
{"pos":[-435.3179931640625,-107.7239990234375,126.1969985961914],"rotationMatrix":[0.4106018543243408,0.9114524722099304,0.02570134215056896,-0.9095442295074463,0.4114046096801758,-0.05895364657044411,-0.06430709362030029,0.0008299697656184435,0.9979298114776611],"scale":1,"type":"railing_support1"}
{"pos":[-437.1619873046875,-112.1949996948242,126.1419982910156],"rotationMatrix":[0.4277918338775635,0.9034583568572998,0.02751671522855759,-0.9016047716140747,0.4286758899688721,-0.05784332007169724,-0.06405478715896606,-6.430098437704146e-05,0.9979463815689087],"scale":1,"type":"railing_support1"}
{"pos":[-429.5180053710938,-67.55780029296875,109.6149978637695],"rotationMatrix":[0.6838594675064087,0.7293710112571716,0.01881817355751991,-0.7295375466346741,0.6839333772659302,0.003185400040820241,-0.01054703816771507,-0.0159069299697876,0.9998178482055664],"scale":1,"type":"railing_support1"}
{"pos":[-432.885009765625,-71.12339782714844,109.5449981689453],"rotationMatrix":[0.6838594675064087,0.7293710112571716,0.01881817355751991,-0.7295375466346741,0.6839333772659302,0.003185400040820241,-0.01054703816771507,-0.0159069299697876,0.9998178482055664],"scale":1,"type":"railing_support1"}
{"pos":[-436.2529907226563,-74.68930053710938,109.4769973754883],"rotationMatrix":[0.6838626861572266,0.7293747663497925,0.01855429634451866,-0.7295360565185547,0.6839354038238525,0.003085444215685129,-0.01043949462473392,-0.01564604789018631,0.9998230934143066],"scale":1,"type":"railing_support1"}
{"pos":[-396.8880004882813,-64.31490325927734,109.911003112793],"rotationMatrix":[-0.687673807144165,-0.7259515523910522,-0.00995296984910965,0.7260043621063232,-0.6876839399337769,-0.002909000031650066,-0.004732704255729914,-0.009226342663168907,0.9999462366104126],"scale":1,"type":"railing_support1"}
{"pos":[-400.9309997558594,-68.67369842529297,109.8339996337891],"rotationMatrix":[-0.68730628490448,-0.7262970209121704,-0.01013277750462294,0.7263510823249817,-0.6873180866241455,-0.00281957071274519,-0.004916595295071602,-0.009297862648963928,0.9999446868896484],"scale":1,"type":"railing_support1"}
{"pos":[-404.9719848632813,-73.03510284423828,109.7559967041016],"rotationMatrix":[-0.6869388818740845,-0.7266445159912109,-0.01013348996639252,0.7266985774040222,-0.68695068359375,-0.002817008411511779,-0.004914244171231985,-0.00929910596460104,0.9999446868896484],"scale":1,"type":"railing_support1"}
{"pos":[-409.010009765625,-77.3988037109375,109.6780014038086],"rotationMatrix":[-0.6862056255340576,-0.7273331880569458,-0.01040726061910391,0.7273902893066406,-0.6862177848815918,-0.002917296951636672,-0.005019800271838903,-0.009572005830705166,0.9999415874481201],"scale":1,"type":"railing_support1"}
{"pos":[-413.0459899902344,-81.76470184326172,109.5989990234375],"rotationMatrix":[-0.6858383417129517,-0.7276794910430908,-0.01040799636393785,0.7277366518974304,-0.6858505010604858,-0.002914669923484325,-0.005017383955419064,-0.009573272429406643,0.9999415874481201],"scale":1,"type":"railing_support1"}
{"pos":[-417.0799865722656,-86.13300323486328,109.5189971923828],"rotationMatrix":[-0.6854710578918457,-0.7280228734016418,-0.01058899238705635,0.7280813455581665,-0.6854848861694336,-0.002834183629602194,-0.005195243749767542,-0.009652398526668549,0.9999399185180664],"scale":1,"type":"railing_support1"}
{"pos":[-421.1109924316406,-90.50330352783203,109.4380035400391],"rotationMatrix":[-0.6851040124893188,-0.7283655405044556,-0.01077836100012064,0.7284253835678101,-0.68511962890625,-0.002749973209574819,-0.005381480790674686,-0.009735248982906342,0.9999381303787231],"scale":1,"type":"railing_support1"}
{"pos":[-425.1409912109375,-94.87560272216797,109.3570022583008],"rotationMatrix":[-0.6847382783889771,-0.7287082672119141,-0.01085170451551676,0.728769838809967,-0.6847524642944336,-0.002932296600192785,-0.005293942522257566,-0.009916250593960285,0.9999368190765381],"scale":1,"type":"railing_support1"}
{"pos":[-429.1679992675781,-99.25009918212891,109.2740020751953],"rotationMatrix":[-0.6843711137771606,-0.7290501594543457,-0.01104634813964367,0.7291132807731628,-0.6843870878219604,-0.002854909747838974,-0.005478605162352324,-0.01000785641372204,0.9999349117279053],"scale":1,"type":"railing_support1"}
{"pos":[-433.1940002441406,-103.6259994506836,109.1900024414063],"rotationMatrix":[-0.6840039491653442,-0.7293920516967773,-0.01121800299733877,0.72945636510849,-0.6840217113494873,-0.002768819453194737,-0.005653802771121264,-0.01007692702114582,0.9999332427978516],"scale":1,"type":"railing_support1"}
{"pos":[-437.2170104980469,-108.0039978027344,109.1050033569336],"rotationMatrix":[-0.6836384534835815,-0.7297304272651672,-0.01148958131670952,0.7297980189323425,-0.6836568117141724,-0.00285914889536798,-0.005768522620201111,-0.01033969782292843,0.9999299049377441],"scale":1,"type":"railing_support1"}
{"pos":[-486.3699951171875,-62.42710113525391,115.8160018920898],"rotationMatrix":[-0.5103119611740112,-0.8599756956100464,0.004843425005674362,0.856829822063446,-0.5089113712310791,-0.08277608454227448,0.0736503005027771,-0.03809163719415665,0.9965564012527466],"scale":1,"type":"railing_support1"}
{"pos":[-484.75,-59.88629913330078,115.8130035400391],"rotationMatrix":[-0.5169459581375122,-0.8560015559196472,0.005316110327839851,0.8528094887733459,-0.5155355930328369,-0.08330081403255463,0.07404626905918121,-0.03852839022874832,0.9965102672576904],"scale":1,"type":"railing_support1"}
{"pos":[-483.1119995117188,-57.3567008972168,115.8089981079102],"rotationMatrix":[-0.5232319831848145,-0.8521700501441956,0.005874607712030411,0.8489408493041992,-0.521825909614563,-0.08364903926849365,0.07434872537851334,-0.03878065571188927,0.9964779615402222],"scale":1,"type":"railing_support1"}
{"pos":[-481.4540100097656,-54.83929824829102,115.8030014038086],"rotationMatrix":[-0.5295308828353882,-0.8482662439346313,0.006438036914914846,0.8449996709823608,-0.5281292200088501,-0.0839945375919342,0.07464984059333801,-0.0390375591814518,0.9964454174041748],"scale":1,"type":"railing_support1"}
{"pos":[-479.7730102539063,-52.33570098876953,115.7949981689453],"rotationMatrix":[-0.535857081413269,-0.8442804217338562,0.00691125076264143,0.8409669995307922,-0.5344458818435669,-0.08451110869646072,0.07504476606845856,-0.03947374224662781,0.9963985681533813],"scale":1,"type":"railing_support1"}
{"pos":[-478.0759887695313,-49.84360122680664,115.7850036621094],"rotationMatrix":[-0.5421818494796753,-0.8402293920516968,0.007309149950742722,0.8368924856185913,-0.5407658815383911,-0.08475416153669357,0.07516548037528992,-0.03983519598841667,0.9963750839233398],"scale":1,"type":"railing_support1"}
{"pos":[-476.3599853515625,-47.36280059814453,115.7740020751953],"rotationMatrix":[-0.548168420791626,-0.8363309502601624,0.007869658060371876,0.832956075668335,-0.5467571020126343,-0.08509288728237152,0.07546860724687576,-0.04009015485644341,0.9963419437408447],"scale":1,"type":"railing_support1"}
{"pos":[-474.6279907226563,-44.8932991027832,115.7620010375977],"rotationMatrix":[-0.5541805028915405,-0.832354724407196,0.008341136388480663,0.8289322257041931,-0.5527596473693848,-0.08560474961996078,0.07586415857076645,-0.04052624478936195,0.9962942600250244],"scale":1,"type":"railing_support1"}
{"pos":[-472.8789978027344,-42.43519973754883,115.7480010986328],"rotationMatrix":[-0.5601900815963745,-0.8283161520957947,0.008909985423088074,0.8248554468154907,-0.5587739944458008,-0.08593663573265076,0.07616137713193893,-0.04079140350222588,0.9962607622146606],"scale":1,"type":"railing_support1"}
{"pos":[-471.1080017089844,-39.99140167236328,115.7330017089844],"rotationMatrix":[-0.5658576488494873,-0.8244506120681763,0.009289593435823917,0.8209658861160278,-0.5644369125366211,-0.0861738920211792,0.07628950476646423,-0.04113571718335152,0.9962368011474609],"scale":1,"type":"railing_support1"}
{"pos":[-469.3200073242188,-37.56019973754883,115.7160034179688],"rotationMatrix":[-0.5715498924255371,-0.8205093145370483,0.009757410734891891,0.8169762492179871,-0.5701196193695068,-0.08668021857738495,0.07668481767177582,-0.04157049581408501,0.9961884021759033],"scale":1,"type":"railing_support1"}
{"pos":[-467.5159912109375,-35.14039993286133,115.6969985961914],"rotationMatrix":[-0.5772379636764526,-0.8165107369422913,0.01032460294663906,0.8129388093948364,-0.5758129358291626,-0.08700572699308395,0.07698614895343781,-0.04182973876595497,0.9961543083190918],"scale":1,"type":"railing_support1"}
{"pos":[-465.6960144042969,-32.73189926147461,115.677001953125],"rotationMatrix":[-0.5825809240341187,-0.8126999139785767,0.01087586674839258,0.8090890049934387,-0.5811611413955688,-0.08733102679252625,0.07729455083608627,-0.04207784682512283,0.9961199760437012],"scale":1,"type":"railing_support1"}
{"pos":[-463.8599853515625,-30.3346996307373,115.6559982299805],"rotationMatrix":[-0.5882887840270996,-0.8085723519325256,0.01127171516418457,0.8049368858337402,-0.5868643522262573,-0.08756063878536224,0.07741408050060272,-0.04243791848421097,0.9960954189300537],"scale":1,"type":"railing_support1"}
{"pos":[-462.0069885253906,-27.95000076293945,115.6330032348633],"rotationMatrix":[-0.5936650037765503,-0.8046266436576843,0.01174076553434134,0.8009419441223145,-0.592231273651123,-0.08805765956640244,0.07780678570270538,-0.0428730770945549,0.9960461854934692],"scale":1,"type":"railing_support1"}
{"pos":[-460.135986328125,-25.57859992980957,115.6080017089844],"rotationMatrix":[-0.5986782312393188,-0.8008953928947449,0.01228546444326639,0.7971711158752441,-0.5972499847412109,-0.08837784081697464,0.07811889797449112,-0.04311627149581909,0.9960112571716309],"scale":1,"type":"railing_support1"}
{"pos":[-458.2510070800781,-23.2185001373291,115.5820007324219],"rotationMatrix":[-0.6040573120117188,-0.7968401312828064,0.01267287973314524,0.7930910587310791,-0.6026244163513184,-0.08860228955745697,0.078238844871521,-0.0434701144695282,0.9959864616394043],"scale":1,"type":"railing_support1"}
{"pos":[-456.3510131835938,-20.86949920654297,115.5550003051758],"rotationMatrix":[-0.6091016530990601,-0.79298335313797,0.01313761435449123,0.7891842126846313,-0.6076595783233643,-0.08909603208303452,0.07863486558198929,-0.04390054196119308,0.995936393737793],"scale":1,"type":"railing_support1"}
{"pos":[-454.43701171875,-18.53160095214844,115.5270004272461],"rotationMatrix":[-0.614139199256897,-0.7890788912773132,0.01369340438395739,0.7852399349212646,-0.6127028465270996,-0.08940622955560684,0.0789385586977005,-0.04415526241064072,0.9959011077880859],"scale":1,"type":"railing_support1"}
{"pos":[-452.5090026855469,-16.20490074157715,115.4970016479492],"rotationMatrix":[-0.6191844940185547,-0.7851194143295288,0.01407263893634081,0.7812551856040955,-0.6177434921264648,-0.08962857723236084,0.07906241714954376,-0.04450229927897453,0.9958758354187012],"scale":1,"type":"railing_support1"}
{"pos":[-450.56298828125,-13.89229965209961,115.4649963378906],"rotationMatrix":[-0.6238777637481689,-0.7813852429389954,0.01461728848516941,0.7774806618690491,-0.6224427223205566,-0.08993822336196899,0.07937482744455338,-0.0447457991540432,0.9958400726318359],"scale":1,"type":"railing_support1"}
{"pos":[-448.6029968261719,-11.59090042114258,115.431999206543],"rotationMatrix":[-0.6285926103591919,-0.7775920033454895,0.01489847991615534,0.7736514806747437,-0.6271380186080933,-0.09033995866775513,0.07959103584289551,-0.04526080191135406,0.9957995414733887],"scale":1,"type":"railing_support1"}
{"pos":[-446.6300048828125,-9.30049991607666,115.3980026245117],"rotationMatrix":[-0.6332993507385254,-0.7737526893615723,0.01544879097491503,0.7697716355323792,-0.6318507194519043,-0.09064384549856186,0.07989725470542908,-0.04551264643669128,0.9957635402679443],"scale":1,"type":"railing_support1"}
{"pos":[-444.6430053710938,-7.021100044250488,115.3619995117188],"rotationMatrix":[-0.6380130052566528,-0.769859254360199,0.01600381173193455,0.7658373117446899,-0.6365704536437988,-0.09094645828008652,0.08020352572202682,-0.04576870426535606,0.9957271814346313],"scale":1,"type":"railing_support1"}
{"pos":[-442.6440124511719,-4.752699851989746,115.3249969482422],"rotationMatrix":[-0.6427333354949951,-0.7659148573875427,0.01638082042336464,0.7618670463562012,-0.6412862539291382,-0.0911622941493988,0.0803273469209671,-0.0461130402982235,0.9957013130187988],"scale":1,"type":"railing_support1"}
{"pos":[-440.6279907226563,-2.497699975967407,115.2870025634766],"rotationMatrix":[-0.6470978260040283,-0.7622191905975342,0.01692123897373676,0.7581304311752319,-0.6456570625305176,-0.09146150946617126,0.08063903450965881,-0.04635603725910187,0.9956648349761963],"scale":1,"type":"railing_support1"}
{"pos":[-438.5979919433594,-0.2558000087738037,115.2470016479492],"rotationMatrix":[-0.6514831781387329,-0.7584680318832397,0.01720089092850685,0.7543424963951111,-0.6500227451324463,-0.09185749292373657,0.08085194230079651,-0.04686824977397919,0.9956235885620117],"scale":1,"type":"railing_support1"}
{"pos":[-498.5820007324219,-58.78969955444336,116.8040008544922],"rotationMatrix":[0.5035858154296875,0.8639346361160278,-0.00427501555532217,-0.8608253598213196,0.5021812915802002,0.08242344111204147,0.0733553022146225,-0.03782723471522331,0.9965882301330566],"scale":1,"type":"railing_support1"}
{"pos":[-496.9320068359375,-56.15510177612305,116.8079986572266],"rotationMatrix":[0.5103135108947754,0.8599748015403748,-0.004843499511480331,-0.8568288683891296,0.5089129209518433,0.08277608454227448,0.07365026324987411,-0.03809170052409172,0.9965564012527466],"scale":1,"type":"railing_support1"}
{"pos":[-495.2630004882813,-53.53290176391602,116.8099975585938],"rotationMatrix":[0.5167982578277588,0.8560907244682312,-0.005310468841344118,-0.8528986573219299,0.515388011932373,0.08330117911100388,0.07405032217502594,-0.03852061182260513,0.9965102672576904],"scale":1,"type":"railing_support1"}
{"pos":[-493.5750122070313,-50.92340087890625,116.8099975585938],"rotationMatrix":[0.5234344005584717,0.8520456552505493,-0.005886109080165625,-0.8488163948059082,0.5220284461975098,0.08364822715520859,0.07434482127428055,-0.03878813236951828,0.9964779615402222],"scale":1,"type":"railing_support1"}
{"pos":[-491.8680114746094,-48.32730102539063,116.8089981079102],"rotationMatrix":[0.5296367406845093,0.8482000827789307,-0.006444823462516069,-0.8449334502220154,0.5282351970672607,0.08399401605129242,0.07464811205863953,-0.03904086723923683,0.9964454174041748],"scale":1,"type":"railing_support1"}
{"pos":[-490.1380004882813,-45.74639892578125,116.8050003051758],"rotationMatrix":[0.5359904766082764,0.8441956639289856,-0.006917940452694893,-0.8408822417259216,0.5345792770385742,0.08451056480407715,0.07504164427518845,-0.03947968408465385,0.9963985681533813],"scale":1,"type":"railing_support1"}
{"pos":[-488.3909912109375,-43.17819976806641,116.8000030517578],"rotationMatrix":[0.5421186685562134,0.8402701616287231,-0.00730595737695694,-0.8369332551956177,0.5407027006149292,0.08475443720817566,0.0751669779419899,-0.03983236476778984,0.9963750839233398],"scale":1,"type":"railing_support1"}
{"pos":[-486.6270141601563,-40.62239837646484,116.7939987182617],"rotationMatrix":[0.5481964349746704,0.8363125920295715,-0.007871086709201336,-0.8329377174377441,0.5467851161956787,0.08509275317192078,0.07546793669462204,-0.04009142145514488,0.9963419437408447],"scale":1,"type":"railing_support1"}
{"pos":[-484.8450012207031,-38.07920074462891,116.7870025634766],"rotationMatrix":[0.5542330741882324,0.8323196768760681,-0.00834384560585022,-0.8288971781730652,0.5528122186660767,0.0856044813990593,0.07586287707090378,-0.04052864760160446,0.9962942600250244],"scale":1,"type":"railing_support1"}
{"pos":[-483.0469970703125,-35.54850006103516,116.7770004272461],"rotationMatrix":[0.5602285861968994,0.8282901048660278,-0.008913470432162285,-0.8248293399810791,0.5588126182556152,0.0859362781047821,0.07616112381219864,-0.04079186543822289,0.9962607622146606],"scale":1,"type":"railing_support1"}
{"pos":[-481.2269897460938,-33.03329849243164,116.765998840332],"rotationMatrix":[0.5660066604614258,0.8243482112884521,-0.009297397918999195,-0.8208635449409485,0.5645859241485596,0.08617305010557175,0.07628577947616577,-0.04114262387156487,0.9962368011474609],"scale":1,"type":"railing_support1"}
{"pos":[-479.3900146484375,-30.53190040588379,116.7529983520508],"rotationMatrix":[0.5715515613555908,0.8205081224441528,-0.009760430082678795,-0.816974937915802,0.5701215267181396,0.08667987585067749,0.07668617367744446,-0.04156799241900444,0.9961884021759033],"scale":1,"type":"railing_support1"}
{"pos":[-477.5369873046875,-28.04310035705566,116.7389984130859],"rotationMatrix":[0.5772440433502197,0.8165063858032227,-0.01032492704689503,-0.8129344582557678,0.5758190155029297,0.08700568974018097,0.07698599249124527,-0.04183002561330795,0.9961543083190918],"scale":1,"type":"railing_support1"}
{"pos":[-475.6669921875,-25.56660079956055,116.7239990234375],"rotationMatrix":[0.5827155113220215,0.8126033544540405,-0.01088311523199081,-0.8089923858642578,0.5812957286834717,0.08733012527227402,0.07729106396436691,-0.04208426177501678,0.9961199760437012],"scale":1,"type":"railing_support1"}
