{"pos":[-374.3139953613281,-497.614013671875,106.3720016479492],"rotationMatrix":[0.7372076511383057,-0.6753518581390381,0.02061020769178867,0.674856424331665,0.7374744415283203,0.0264620203524828,-0.03307067230343819,-0.00559907266870141,0.9994373321533203],"scale":1,"type":"wall_brick1"}
{"pos":[-372.06201171875,-499.6950073242188,106.4520034790039],"rotationMatrix":[0.7345989942550659,-0.6781778335571289,0.02095565386116505,0.6777315735816956,0.7348862886428833,0.02494029700756073,-0.03231398016214371,-0.00411880761384964,0.9994692802429199],"scale":1,"type":"wall_brick1"}
{"pos":[-435.81201171875,-447.1919860839844,104.6579971313477],"rotationMatrix":[0.8141564130783081,-0.5805132985115051,0.01239566411823034,0.578549861907959,0.8128451108932495,0.06754917651414871,-0.04928895086050034,-0.04782408475875854,0.9976389408111572],"scale":1,"type":"wall_brick1"}
{"pos":[-433.3330078125,-448.9760131835938,104.7119979858398],"rotationMatrix":[0.8109771013259888,-0.584938645362854,0.0127628380432725,0.5830336809158325,0.8097732067108154,0.06587181985378265,-0.04886597767472267,-0.04597937315702438,0.997746467590332],"scale":1,"type":"wall_brick1"}
{"pos":[-430.8630065917969,-450.7749938964844,104.7669982910156],"rotationMatrix":[0.8077772855758667,-0.5893468856811523,0.01288915239274502,0.587505042552948,0.8066596984863281,0.06432673335075378,-0.04830792173743248,-0.04438923671841621,0.9978456497192383],"scale":1,"type":"wall_brick1"}
{"pos":[-428.4049987792969,-452.5910034179688,104.822998046875],"rotationMatrix":[0.8045438528060913,-0.5937448143959045,0.01327786408364773,0.5919609069824219,0.8035277128219604,0.0626540333032608,-0.04786964133381844,-0.04254794493317604,0.9979469776153564],"scale":1,"type":"wall_brick1"}
{"pos":[-425.9559936523438,-454.4200134277344,104.879997253418],"rotationMatrix":[0.8014093637466431,-0.5979611873626709,0.01361715793609619,0.5962288379669189,0.8004806041717529,0.06117183342576027,-0.04747865349054337,-0.04090473800897598,0.9980343580245972],"scale":1,"type":"wall_brick1"}
{"pos":[-423.5150146484375,-456.260986328125,104.9369964599609],"rotationMatrix":[0.7983832359313965,-0.6019905209541321,0.01384189631789923,0.6003265976905823,0.7975431680679321,0.05943770334124565,-0.04682044312357903,-0.03914440795779228,0.998136043548584],"scale":1,"type":"wall_brick1"}
{"pos":[-421.0840148925781,-458.114013671875,104.9960021972656],"rotationMatrix":[0.7951996326446533,-0.6061814427375793,0.01419905945658684,0.6045686602592468,0.7944415807723999,0.05795973166823387,-0.04641443490982056,-0.03750525042414665,0.9982179403305054],"scale":1,"type":"wall_brick1"}
{"pos":[-418.6600036621094,-459.9779968261719,105.0550003051758],"rotationMatrix":[0.7921264171600342,-0.6101862192153931,0.01444119028747082,0.6086407899856567,0.7914509773254395,0.05622947216033936,-0.04573994129896164,-0.0357513539493084,0.9983134269714355],"scale":1,"type":"wall_brick1"}
{"pos":[-416.2449951171875,-461.8550109863281,105.1149978637695],"rotationMatrix":[0.7890236377716064,-0.6141840815544128,0.01481850910931826,0.6126896142959595,0.7884247303009033,0.05475309118628502,-0.04531175643205643,-0.03412233665585518,0.9983899593353271],"scale":1,"type":"wall_brick1"}
{"pos":[-413.8420104980469,-463.7470092773438,105.177001953125],"rotationMatrix":[0.7860349416732788,-0.617997944355011,0.01508701592683792,0.6165695190429688,0.7855126857757568,0.05302653089165688,-0.04462132975459099,-0.03237851336598396,0.9984791278839111],"scale":1,"type":"wall_brick1"}
{"pos":[-411.447998046875,-465.6520080566406,105.2389984130859],"rotationMatrix":[0.7828871011734009,-0.6219711899757385,0.01547940727323294,0.6205933690071106,0.7824358940124512,0.05155514180660248,-0.04417745769023895,-0.03075543791055679,0.9985501766204834],"scale":1,"type":"wall_brick1"}
{"pos":[-409.06298828125,-467.5690002441406,105.3030014038086],"rotationMatrix":[0.7799876928329468,-0.6255961656570435,0.01576724834740162,0.6242836713790894,0.7796070575714111,0.04982727020978928,-0.04346400871872902,-0.02902142144739628,0.9986333847045898],"scale":1,"type":"wall_brick1"}
{"pos":[-406.6860046386719,-469.4960021972656,105.3669967651367],"rotationMatrix":[0.776935338973999,-0.6293772459030151,0.01599177345633507,0.6281230449676514,0.7766140699386597,0.04829131439328194,-0.04281289130449295,-0.0274744275957346,0.998705267906189],"scale":1,"type":"wall_brick1"}
{"pos":[-404.3169860839844,-471.4339904785156,105.431999206543],"rotationMatrix":[0.7739900350570679,-0.63298499584198,0.01641462557017803,0.6317806839942932,0.7737317085266113,0.04682289808988571,-0.04233870655298233,-0.02587001211941242,0.9987683296203613],"scale":1,"type":"wall_brick1"}
{"pos":[-401.9570007324219,-473.3819885253906,105.4980010986328],"rotationMatrix":[0.7710314989089966,-0.6365772485733032,0.01672868989408016,0.6354364156723022,0.7708349227905273,0.04510092735290527,-0.04160528257489204,-0.02414421737194061,0.9988423585891724],"scale":1,"type":"wall_brick1"}
{"pos":[-399.6059875488281,-475.3429870605469,105.5650024414063],"rotationMatrix":[0.7680535316467285,-0.6401605010032654,0.01697919145226479,0.6390763521194458,0.7679083347320557,0.04356878995895386,-0.04092948138713837,-0.02261216193437576,0.998906135559082],"scale":1,"type":"wall_brick1"}
{"pos":[-397.2650146484375,-477.3179931640625,105.6340026855469],"rotationMatrix":[0.7651932239532471,-0.6435698270797729,0.01724064536392689,0.6425417065620422,0.76509690284729,0.04203421995043755,-0.04024272039532661,-0.02108646742999554,0.9989674091339111],"scale":1,"type":"wall_brick1"}
{"pos":[-394.9330139160156,-479.302001953125,105.7030029296875],"rotationMatrix":[0.7623090744018555,-0.6469711065292358,0.01770024001598358,0.6459919214248657,0.7622653245925903,0.04057115316390991,-0.03974064067006111,-0.01949354633688927,0.9990198612213135],"scale":1,"type":"wall_brick1"}
{"pos":[-392.6090087890625,-481.2969970703125,105.7740020751953],"rotationMatrix":[0.759413480758667,-0.6503580808639526,0.01804335787892342,0.6494399309158325,0.7594194412231445,0.0388573557138443,-0.03897367045283318,-0.01779072359204292,0.9990818500518799],"scale":1,"type":"wall_brick1"}
{"pos":[-390.2929992675781,-483.3009948730469,105.8450012207031],"rotationMatrix":[0.7565000057220459,-0.6537367701530457,0.01832953840494156,0.6528730988502502,0.7565470933914185,0.03732619807124138,-0.03826866671442986,-0.01627040654420853,0.9991350173950195],"scale":1,"type":"wall_brick1"}
{"pos":[-387.9840087890625,-485.3150024414063,105.9169998168945],"rotationMatrix":[0.7537093162536621,-0.6569440364837646,0.01862187497317791,0.6561341285705566,0.75379478931427,0.03579718247056007,-0.0375538170337677,-0.01476222276687622,0.9991855621337891],"scale":1,"type":"wall_brick1"}
{"pos":[-385.6830139160156,-487.3380126953125,105.9899978637695],"rotationMatrix":[0.7509024143218994,-0.6601420044898987,0.01892396248877048,0.6593851447105408,0.7510238885879517,0.03426846489310265,-0.03683440014719963,-0.01325409207493067,0.9992334842681885],"scale":1,"type":"wall_brick1"}
{"pos":[-383.3940124511719,-489.3760070800781,106.0650024414063],"rotationMatrix":[0.7482213973999023,-0.6631702780723572,0.01923398301005363,0.6624658703804016,0.7483762502670288,0.03274089470505714,-0.03610704466700554,-0.01175558008253574,0.9992787837982178],"scale":1,"type":"wall_brick1"}
{"pos":[-381.1130065917969,-491.4219970703125,106.1399993896484],"rotationMatrix":[0.7453832626342773,-0.666349470615387,0.01955025270581245,0.6656968593597412,0.745569109916687,0.03121547214686871,-0.03537647798657417,-0.0102529488503933,0.999321460723877],"scale":1,"type":"wall_brick1"}
{"pos":[-378.8389892578125,-493.4779968261719,106.2170028686523],"rotationMatrix":[0.7426725625991821,-0.6693576574325562,0.01994489505887032,0.6687619686126709,0.7428908348083496,0.0295069869607687,-0.03456760942935944,-0.008575642481446266,0.9993655681610107],"scale":1,"type":"wall_brick1"}
{"pos":[-376.572998046875,-495.5419921875,106.2939987182617],"rotationMatrix":[0.7399473190307617,-0.6723592281341553,0.02027417346835136,0.6718140244483948,0.7401911020278931,0.02798353508114815,-0.03382175043225288,-0.007085868623107672,0.9994027614593506],"scale":1,"type":"wall_brick1"}
{"pos":[-498.1929931640625,-409.1329956054688,103.6179962158203],"rotationMatrix":[0.8935415744781494,-0.4489386975765228,0.006124654319137335,0.4457539319992065,0.8886702060699463,0.1075578331947327,-0.05372967198491096,-0.09337730705738068,0.9941799640655518],"scale":1,"type":"wall_brick1"}
{"pos":[-495.4819946289063,-410.510009765625,103.6520004272461],"rotationMatrix":[0.8902881145477295,-0.4553534090518951,0.006351925898343325,0.4522038996219635,0.8856073617935181,0.1058830544352531,-0.05383952334523201,-0.09139405936002731,0.9943583011627197],"scale":1,"type":"wall_brick1"}
{"pos":[-492.7799987792969,-411.9070129394531,103.6869964599609],"rotationMatrix":[0.8868906497955322,-0.461932510137558,0.006582827772945166,0.4588187336921692,0.8823974132537842,0.1042121946811676,-0.05394766852259636,-0.08940449357032776,0.9945333003997803],"scale":1,"type":"wall_brick1"}
{"pos":[-490.0889892578125,-413.3259887695313,103.7229995727539],"rotationMatrix":[0.883634090423584,-0.468128114938736,0.006845568306744099,0.4650508761405945,0.8793250322341919,0.1025435402989388,-0.05402299389243126,-0.08742742985486984,0.9947049617767334],"scale":1,"type":"wall_brick1"}
{"pos":[-487.4079895019531,-414.7640075683594,103.7590026855469],"rotationMatrix":[0.8802334070205688,-0.4744877219200134,0.007110466714948416,0.4714477360248566,0.8761055469512939,0.1008767187595367,-0.05409428477287292,-0.08544284850358963,0.9948735237121582],"scale":1,"type":"wall_brick1"}
{"pos":[-484.7359924316406,-416.2210083007813,103.7969970703125],"rotationMatrix":[0.8768892288208008,-0.4806378185749054,0.007250810042023659,0.4776611626148224,0.8729516267776489,0.09897100180387497,-0.05389881134033203,-0.08332317322492599,0.9950639009475708],"scale":1,"type":"wall_brick1"}
{"pos":[-482.072998046875,-417.6950073242188,103.8349990844727],"rotationMatrix":[0.873592734336853,-0.4865989983081818,0.007560428697615862,0.4836606383323669,0.8698294162750244,0.09730973094701767,-0.05392710119485855,-0.08135239779949188,0.9952254295349121],"scale":1,"type":"wall_brick1"}
{"pos":[-479.4190063476563,-419.1889953613281,103.8740005493164],"rotationMatrix":[0.8702527284622192,-0.4925424456596375,0.007882001809775829,0.4896430671215057,0.8666605949401855,0.09565085172653198,-0.05394312366843224,-0.07938104867935181,0.9953837394714355],"scale":1,"type":"wall_brick1"}
{"pos":[-476.7770080566406,-420.7019958496094,103.9130020141602],"rotationMatrix":[0.8668755292892456,-0.4984601438045502,0.008018099702894688,0.4956185519695282,0.8634448051452637,0.09394322335720062,-0.05375013872981071,-0.07746316492557526,0.9955452680587769],"scale":1,"type":"wall_brick1"}
{"pos":[-474.1430053710938,-422.2330017089844,103.9540023803711],"rotationMatrix":[0.8635525703430176,-0.5041893720626831,0.008370241150259972,0.501387894153595,0.8602864742279053,0.09228965640068054,-0.05373226478695869,-0.0755002349615097,0.995697021484375],"scale":1,"type":"wall_brick1"}
{"pos":[-471.5190124511719,-423.7799987792969,103.995002746582],"rotationMatrix":[0.8601951599121094,-0.5098934769630432,0.00854008924216032,0.5071499347686768,0.8570840358734131,0.09058627486228943,-0.05350892618298531,-0.07359077036380768,0.995851993560791],"scale":1,"type":"wall_brick1"}
{"pos":[-468.9049987792969,-425.3450012207031,104.0370025634766],"rotationMatrix":[0.8569035530090332,-0.5154028534889221,0.008730743080377579,0.5127173066139221,0.8539443016052246,0.08888234943151474,-0.05326578393578529,-0.07168719917535782,0.9960038661956787],"scale":1,"type":"wall_brick1"}
{"pos":[-466.3009948730469,-426.9289855957031,104.0790023803711],"rotationMatrix":[0.8535671234130859,-0.5209029912948608,0.009123132564127445,0.5182591676712036,0.8507627248764038,0.08723660558462143,-0.05320343002676964,-0.06973414868116379,0.9961458444595337],"scale":1,"type":"wall_brick1"}
{"pos":[-463.7059936523438,-428.5289916992188,104.1230010986328],"rotationMatrix":[0.8501986265182495,-0.5263793468475342,0.0093329893425107,0.5237939357757568,0.8475394248962402,0.08553840219974518,-0.05293572321534157,-0.06783606857061386,0.9962911605834961],"scale":1,"type":"wall_brick1"}
{"pos":[-461.1229858398438,-430.1489868164063,104.1669998168945],"rotationMatrix":[0.8469022512435913,-0.5316625237464905,0.009565988555550575,0.5291353464126587,0.8443851470947266,0.08384206146001816,-0.05265306308865547,-0.06594432890415192,0.9964331388473511],"scale":1,"type":"wall_brick1"}
{"pos":[-458.5490112304688,-431.7839965820313,104.2129974365234],"rotationMatrix":[0.8435633182525635,-0.5369376540184021,0.009945034980773926,0.5344468951225281,0.8411762714385986,0.08239556103944778,-0.05260680243372917,-0.06419077515602112,0.9965500831604004],"scale":1,"type":"wall_brick1"}
{"pos":[-455.9849853515625,-433.4339904785156,104.2590026855469],"rotationMatrix":[0.8401949405670166,-0.5421886444091797,0.01019631512463093,0.5397565364837646,0.8379437923431396,0.08070371299982071,-0.05230057239532471,-0.0623033232986927,0.9966859817504883],"scale":1,"type":"wall_brick1"}
{"pos":[-453.4280090332031,-435.0989990234375,104.3059997558594],"rotationMatrix":[0.8369045257568359,-0.5472488403320313,0.01046484429389238,0.5448756217956543,0.834786057472229,0.07901142537593842,-0.051974818110466,-0.06042297929525375,0.9968187808990479],"scale":1,"type":"wall_brick1"}
{"pos":[-450.8819885253906,-436.7789916992188,104.3529968261719],"rotationMatrix":[0.8335806131362915,-0.5522933006286621,0.01074462477117777,0.5499787330627441,0.8315914869308472,0.07732395082712173,-0.05164064094424248,-0.05854643136262894,0.9969481229782104],"scale":1,"type":"wall_brick1"}
{"pos":[-448.3450012207031,-438.4750061035156,104.4020004272461],"rotationMatrix":[0.8303393125534058,-0.5571486949920654,0.01104298233985901,0.5548928380012512,0.8284764289855957,0.07563571631908417,-0.05128919333219528,-0.05667563900351524,0.9970743656158447],"scale":1,"type":"wall_brick1"}
{"pos":[-445.8200073242188,-440.1910095214844,104.4509963989258],"rotationMatrix":[0.8270666599273682,-0.5619904398918152,0.01129198726266623,0.5597866773605347,0.8253132104873657,0.0741414874792099,-0.05098623409867287,-0.05499884858727455,0.9971837997436523],"scale":1,"type":"wall_brick1"}
{"pos":[-443.3049926757813,-441.9209899902344,104.5019989013672],"rotationMatrix":[0.8238812685012817,-0.5666433572769165,0.01161604374647141,0.564498245716095,0.8222477436065674,0.07245929539203644,-0.05060984566807747,-0.05314061790704727,0.9973037242889404],"scale":1,"type":"wall_brick1"}
{"pos":[-440.7980041503906,-443.6650085449219,104.5530014038086],"rotationMatrix":[0.8205535411834717,-0.5714488625526428,0.01175038609653711,0.5693753361701965,0.8190302848815918,0.0707184299826622,-0.05003589019179344,-0.05133787915110588,0.9974271059036255],"scale":1,"type":"wall_brick1"}
{"pos":[-438.3009948730469,-445.4219970703125,104.6050033569336],"rotationMatrix":[0.8173086643218994,-0.5760744214057922,0.01203416846692562,0.5740527510643005,0.8158866167068481,0.06922745704650879,-0.04969868063926697,-0.0496719516813755,0.9975283145904541],"scale":1,"type":"wall_brick1"}
{"pos":[-312.0700073242188,-561.239013671875,109.1340026855469],"rotationMatrix":[0.6689527034759521,-0.7426456809043884,0.03129913657903671,0.7432560920715332,0.6687982082366943,-0.01671210303902626,-0.008521635085344315,0.03444288298487663,0.9993703365325928],"scale":1,"type":"wall_brick1"}
{"pos":[-310.0249938964844,-563.5339965820313,109.2470016479492],"rotationMatrix":[0.667006254196167,-0.7443813681602478,0.03160807117819786,0.7450147867202759,0.6667970418930054,-0.01829412952065468,-0.007458359468728304,0.03575078025460243,0.9993329048156738],"scale":1,"type":"wall_brick1"}
{"pos":[-369.8219909667969,-501.7900085449219,106.5329971313477],"rotationMatrix":[0.7319774627685547,-0.6809955835342407,0.02130709588527679,0.6805980205535889,0.7322827577590942,0.0234159454703331,-0.03154897317290306,-0.002638377016410232,0.999498724937439],"scale":1,"type":"wall_brick1"}
{"pos":[-367.5889892578125,-503.8919982910156,106.6139984130859],"rotationMatrix":[0.7293429374694824,-0.6838052868843079,0.02166153490543365,0.6834555864334106,0.729663610458374,0.02189654484391212,-0.03077860735356808,-0.001165392925031483,0.9995255470275879],"scale":1,"type":"wall_brick1"}
{"pos":[-365.3630065917969,-506.0020141601563,106.6969985961914],"rotationMatrix":[0.7266952991485596,-0.6866067051887512,0.02202619053423405,0.6863042116165161,0.7270289659500122,0.02038110606372356,-0.03000748343765736,0.0003058129223063588,0.9995496273040771],"scale":1,"type":"wall_brick1"}
{"pos":[-363.1440124511719,-508.1210021972656,106.7809982299805],"rotationMatrix":[0.7241830825805664,-0.6892438530921936,0.02239988371729851,0.6889882683753967,0.7245272397994995,0.01885244436562061,-0.02922325767576694,0.001780636026524007,0.9995713233947754],"scale":1,"type":"wall_brick1"}
{"pos":[-360.9330139160156,-510.2470092773438,106.8659973144531],"rotationMatrix":[0.7216594219207764,-0.6918735504150391,0.02277444116771221,0.6916636824607849,0.7220114469528198,0.01734473742544651,-0.02844377234578133,0.003235260955989361,0.9995901584625244],"scale":1,"type":"wall_brick1"}
{"pos":[-358.72900390625,-512.3809814453125,106.9520034790039],"rotationMatrix":[0.7191240787506104,-0.6944957375526428,0.023156413808465,0.6943313479423523,0.7194814682006836,0.01582425646483898,-0.0276504885405302,0.004698619712144136,0.9996066093444824],"scale":1,"type":"wall_brick1"}
{"pos":[-356.5350036621094,-514.5260009765625,107.0390014648438],"rotationMatrix":[0.7165772914886475,-0.6971104145050049,0.0235382504761219,0.6969905495643616,0.7169374227523804,0.01431542634963989,-0.02685488574206829,0.006147828884422779,0.9996204376220703],"scale":1,"type":"wall_brick1"}
{"pos":[-354.3479919433594,-516.6799926757813,107.1279983520508],"rotationMatrix":[0.7140240669250488,-0.699720561504364,0.02368002384901047,0.6996404528617859,0.7143787145614624,0.01289577130228281,-0.02593994140625,0.007359611801803112,0.9996364116668701],"scale":1,"type":"wall_brick1"}
{"pos":[-352.1669921875,-518.8389892578125,107.2170028686523],"rotationMatrix":[0.7116057872772217,-0.7021666765213013,0.02406638488173485,0.7021287679672241,0.7119585275650024,0.0114112626761198,-0.02514687739312649,0.008777380920946598,0.9996452331542969],"scale":1,"type":"wall_brick1"}
{"pos":[-349.9939880371094,-521.0059814453125,107.306999206543],"rotationMatrix":[0.7091771364212036,-0.7046031951904297,0.02453777939081192,0.7046123147010803,0.7095255851745605,0.009742270223796368,-0.02427461743354797,0.01038062665611506,0.9996514320373535],"scale":1,"type":"wall_brick1"}
{"pos":[-347.8269958496094,-523.1810302734375,107.3990020751953],"rotationMatrix":[0.7067382335662842,-0.707037627696991,0.0248761922121048,0.7070837616920471,0.7070798873901367,0.008400164544582367,-0.02352868765592575,0.01165283471345901,0.9996552467346191],"scale":1,"type":"wall_brick1"}
{"pos":[-345.6690063476563,-525.364013671875,107.4919967651367],"rotationMatrix":[0.7042890787124634,-0.70946204662323,0.02530843764543533,0.7095504403114319,0.7046213150024414,0.006853024009615183,-0.02269482612609863,0.0131311034783721,0.9996562004089355],"scale":1,"type":"wall_brick1"}
{"pos":[-343.5180053710938,-527.5560302734375,107.5859985351563],"rotationMatrix":[0.7019890546798706,-0.7117294073104858,0.02554700896143913,0.7118574976921082,0.7023042440414429,0.005261294078081846,-0.02168639004230499,0.01449245866388083,0.9996597766876221],"scale":1,"type":"wall_brick1"}
{"pos":[-341.375,-529.7540283203125,107.6809997558594],"rotationMatrix":[0.6996748447418213,-0.7139919996261597,0.02589544653892517,0.7141546010971069,0.699976921081543,0.00393406068906188,-0.02093510329723358,0.01574078947305679,0.9996569156646729],"scale":1,"type":"wall_brick1"}
{"pos":[-339.2369995117188,-531.958984375,107.7770004272461],"rotationMatrix":[0.6973515748977661,-0.7162455916404724,0.02632548101246357,0.7164472341537476,0.6976370811462402,0.002426962601020932,-0.0201039332896471,0.01716837100684643,0.9996504783630371],"scale":1,"type":"wall_brick1"}
{"pos":[-337.1069946289063,-534.1710205078125,107.8740005493164],"rotationMatrix":[0.6950192451477051,-0.7184929251670837,0.02676144428551197,0.7187327742576599,0.6952857971191406,0.0009271307499147952,-0.01927298866212368,0.01858995296061039,0.9996414184570313],"scale":1,"type":"wall_brick1"}
{"pos":[-334.9830017089844,-536.3900146484375,107.9720001220703],"rotationMatrix":[0.6926829814910889,-0.7207359671592712,0.02701739780604839,0.7210114598274231,0.692922830581665,-0.0006642932421527803,-0.01824219152331352,0.01993999816477299,0.9996347427368164],"scale":1,"type":"wall_brick1"}
{"pos":[-332.8680114746094,-538.6170043945313,108.0719985961914],"rotationMatrix":[0.6904897689819336,-0.7228205800056458,0.02746383845806122,0.723132848739624,0.6907055377960205,-0.002172159729525447,-0.01739934273064137,0.02135985717177391,0.9996204376220703],"scale":1,"type":"wall_brick1"}
{"pos":[-330.7579956054688,-540.8499755859375,108.1729965209961],"rotationMatrix":[0.6881310939788818,-0.7250522375106812,0.02783662080764771,0.7253958582878113,0.6883230209350586,-0.003496536752209067,-0.01662541553378105,0.02259864658117294,0.9996063709259033],"scale":1,"type":"wall_brick1"}
{"pos":[-328.6549987792969,-543.0910034179688,108.2750015258789],"rotationMatrix":[0.6859215497970581,-0.7271252870559692,0.02829283103346825,0.7275044322013855,0.6860847473144531,-0.004998883698135614,-0.01577646471560001,0.0240120030939579,0.9995871782302856],"scale":1,"type":"wall_brick1"}
{"pos":[-326.5589904785156,-545.3359985351563,108.3779983520508],"rotationMatrix":[0.6837090253829956,-0.7291952967643738,0.02856923267245293,0.7296059727668762,0.6838361024856567,-0.006584192160516977,-0.0147355105727911,0.02534595318138599,0.9995701313018799],"scale":1,"type":"wall_brick1"}
{"pos":[-324.4700012207031,-547.5889892578125,108.4820022583008],"rotationMatrix":[0.6816433668136597,-0.7311115264892578,0.02895279601216316,0.7315514087677002,0.681740403175354,-0.007906734012067318,-0.01395758707076311,0.02657003328204155,0.9995495080947876],"scale":1,"type":"wall_brick1"}
{"pos":[-322.3880004882813,-549.8499755859375,108.5879974365234],"rotationMatrix":[0.6794108152389526,-0.7331680059432983,0.0294219832867384,0.7336412668228149,0.6794718503952026,-0.009407910518348217,-0.01309383008629084,0.02797701582312584,0.9995228052139282],"scale":1,"type":"wall_brick1"}
{"pos":[-320.3110046386719,-552.114990234375,108.6949996948242],"rotationMatrix":[0.6773356199264526,-0.735073983669281,0.02970961108803749,0.7355755567550659,0.6773535013198853,-0.01099224109202623,-0.01204379834234715,0.02929910086095333,0.9994981288909912],"scale":1,"type":"wall_brick1"}
{"pos":[-318.239990234375,-554.385986328125,108.8030014038086],"rotationMatrix":[0.6752489805221558,-0.7369751334190369,0.03010714985430241,0.7375040054321289,0.6752305030822754,-0.01231338828802109,-0.01125460490584373,0.03051874786615372,0.9994708299636841],"scale":1,"type":"wall_brick1"}
{"pos":[-316.1759948730469,-556.6640014648438,108.9120025634766],"rotationMatrix":[0.6731555461883545,-0.7388679981231689,0.03058861196041107,0.7394280433654785,0.6730939149856567,-0.01381251588463783,-0.01038338243961334,0.0319160483777523,0.999436616897583],"scale":1,"type":"wall_brick1"}
{"pos":[-314.1199951171875,-558.947998046875,109.0220031738281],"rotationMatrix":[0.6710596084594727,-0.7407594919204712,0.03089298121631145,0.7413447499275208,0.6709479093551636,-0.01539106108248234,-0.009326506406068802,0.03323066979646683,0.9994041919708252],"scale":1,"type":"wall_brick1"}
{"pos":[-560.1690063476563,-390.4030151367188,103.9049987792969],"rotationMatrix":[0.9957275390625,-0.09137522429227829,-0.01331300102174282,0.09222390502691269,0.9913122653961182,0.09378029406070709,0.004628145135939121,-0.0946074053645134,0.9955039024353027],"scale":1,"type":"wall_brick1"}
{"pos":[-557.2080078125,-390.6839904785156,103.8539962768555],"rotationMatrix":[0.9941606521606445,-0.1071532815694809,-0.012758226133883,0.1078832373023033,0.9895815849304199,0.0953388437628746,0.002409436041489244,-0.09615851938724518,0.9953631162643433],"scale":1,"type":"wall_brick1"}
{"pos":[-554.2540283203125,-391.0090026855469,103.8050003051758],"rotationMatrix":[0.9922927618026733,-0.1233111172914505,-0.01222466770559549,0.123915508389473,0.9875686168670654,0.09671180695295334,0.0001470572460675612,-0.09748125076293945,0.9952373504638672],"scale":1,"type":"wall_brick1"}
{"pos":[-551.3099975585938,-391.3770141601563,103.7580032348633],"rotationMatrix":[0.990077018737793,-0.1400495916604996,-0.01155892014503479,0.1405056267976761,0.9851871728897095,0.09830769896507263,-0.002380253048613667,-0.09895628690719604,0.9950889348983765],"scale":1,"type":"wall_brick1"}
{"pos":[-548.3759765625,-391.7969970703125,103.7119979858398],"rotationMatrix":[0.9874825477600098,-0.1573640704154968,-0.01071303524076939,0.1576435416936874,0.9824463129043579,0.09973844140768051,-0.005170263815671206,-0.1001788079738617,0.9949560165405273],"scale":1,"type":"wall_brick1"}
{"pos":[-545.4559936523438,-392.2690124511719,103.6689987182617],"rotationMatrix":[0.9844763278961182,-0.1752347052097321,-0.009957729838788509,0.1753343194723129,0.9792747497558594,0.1013846173882484,-0.00801475066691637,-0.1015566885471344,0.9947974681854248],"scale":1,"type":"wall_brick1"}
{"pos":[-542.552001953125,-392.7929992675781,103.6269989013672],"rotationMatrix":[0.9810259342193604,-0.1936672925949097,-0.009005427360534668,0.1935541778802872,0.9756600856781006,0.1030736565589905,-0.01117575913667679,-0.1028609648346901,0.9946329593658447],"scale":1,"type":"wall_brick1"}
{"pos":[-539.6640014648438,-393.3699951171875,103.5879974365234],"rotationMatrix":[0.9770112037658691,-0.2130341976881027,-0.008095607161521912,0.2126999646425247,0.971503734588623,0.1045907288789749,-0.01441648975014687,-0.1039082482457161,0.9944823980331421],"scale":1,"type":"wall_brick1"}
{"pos":[-536.7919921875,-393.9949951171875,103.5510025024414],"rotationMatrix":[0.9724657535552979,-0.2329421192407608,-0.006951615680009127,0.23234523832798,0.9667996168136597,0.1063681840896606,-0.01805681176483631,-0.1050545945763588,0.99430251121521],"scale":1,"type":"wall_brick1"}
{"pos":[-533.9400024414063,-394.6730041503906,103.5169982910156],"rotationMatrix":[0.9672496318817139,-0.2537625730037689,-0.005718688014894724,0.2528753876686096,0.9614295959472656,0.1081997081637383,-0.02195892110466957,-0.106102243065834,0.9941127300262451],"scale":1,"type":"wall_brick1"}
{"pos":[-531.1129760742188,-395.4110107421875,103.4850006103516],"rotationMatrix":[0.9612419605255127,-0.2756710052490234,-0.004402555525302887,0.2744638323783875,0.9552743434906006,0.11009331792593,-0.02614388801157475,-0.1070346608757973,0.9939115047454834],"scale":1,"type":"wall_brick1"}
{"pos":[-528.3170166015625,-396.2179870605469,103.4580001831055],"rotationMatrix":[0.9542367458343506,-0.2990392446517944,-0.002785712480545044,0.2974599599838257,0.9481549263000488,0.1118919178843498,-0.03081878647208214,-0.1076000109314919,0.9937164783477783],"scale":1,"type":"wall_brick1"}
{"pos":[-525.5499877929688,-397.0809936523438,103.4339981079102],"rotationMatrix":[0.9462497234344482,-0.323434978723526,-0.001130025251768529,0.321449488401413,0.9400427341461182,0.1139731630682945,-0.03580063581466675,-0.1082103252410889,0.9934831857681274],"scale":1,"type":"wall_brick1"}
{"pos":[-522.8179931640625,-398.0090026855469,103.4150009155273],"rotationMatrix":[0.937042236328125,-0.3492151200771332,0.000801085727289319,0.3467711210250854,0.9307503700256348,0.1159893721342087,-0.04125085473060608,-0.1084091439843178,0.9932501316070557],"scale":1,"type":"wall_brick1"}
{"pos":[-520.1179809570313,-399.0069885253906,103.4000015258789],"rotationMatrix":[0.9267969131469727,-0.3755539953708649,0.002584922825917602,0.3726358413696289,0.9204095602035522,0.1182741150259972,-0.0467975027859211,-0.1086528450250626,0.9929776191711426],"scale":1,"type":"wall_brick1"}
{"pos":[-517.4180297851563,-400.0929870605469,103.3970031738281],"rotationMatrix":[0.9174164533615112,-0.397905021905899,0.00431777024641633,0.3945704102516174,0.9110276699066162,0.1197613328695297,-0.05158724635839462,-0.1081673577427864,0.9927933216094971],"scale":1,"type":"wall_brick1"}
{"pos":[-514.656005859375,-401.3059997558594,103.4260025024414],"rotationMatrix":[0.9132120609283447,-0.4074576199054718,0.0046935616992414,0.4041116237640381,0.9070717096328735,0.1179606094956398,-0.05232134461402893,-0.1058263257145882,0.9930071830749512],"scale":1,"type":"wall_brick1"}
{"pos":[-511.8919982910156,-402.5589904785156,103.4560012817383],"rotationMatrix":[0.9099280834197998,-0.4147359430789948,0.004998420830816031,0.4113970398902893,0.9040043354034424,0.1163127198815346,-0.05275765806436539,-0.1037798747420311,0.9932000637054443],"scale":1,"type":"wall_brick1"}
{"pos":[-509.1340026855469,-403.8330078125,103.4869995117188],"rotationMatrix":[0.9066754579544067,-0.4217971861362457,0.005171435885131359,0.4184954464435577,0.9009811878204346,0.1144309863448143,-0.05292603373527527,-0.1015875414013863,0.9934177398681641],"scale":1,"type":"wall_brick1"}
{"pos":[-506.385986328125,-405.1279907226563,103.5189971923828],"rotationMatrix":[0.9034466743469238,-0.428664892911911,0.005523688159883022,0.4253730475902557,0.897962212562561,0.1127902343869209,-0.05330927670001984,-0.09955033659934998,0.9936034679412842],"scale":1,"type":"wall_brick1"}
{"pos":[-503.64599609375,-406.4429931640625,103.5510025024414],"rotationMatrix":[0.9001691341400146,-0.4355033338069916,0.005691132973879576,0.4322445392608643,0.8948853015899658,0.1111078709363937,-0.05348075553774834,-0.09755591303110123,0.9937920570373535],"scale":1,"type":"wall_brick1"}
{"pos":[-500.9150085449219,-407.7789916992188,103.5839996337891],"rotationMatrix":[0.8968367576599121,-0.4423220753669739,0.005916980095207691,0.4391030967235565,0.8917713165283203,0.109235480427742,-0.05359385907649994,-0.09536822885274887,0.9939982891082764],"scale":1,"type":"wall_brick1"}
{"pos":[-622.8480224609375,-393.8219909667969,105.1139984130859],"rotationMatrix":[0.9835981130599976,0.1795327365398407,-0.01739966310560703,-0.1779977530241013,0.9817202091217041,0.06739609688520432,0.02918140590190887,-0.06319356709718704,0.9975745677947998],"scale":1,"type":"wall_brick1"}
{"pos":[-619.8839721679688,-393.2980041503906,105.0540008544922],"rotationMatrix":[0.9855852127075195,0.1682734936475754,-0.01748771406710148,-0.1667235791683197,0.9836232662200928,0.06847276538610458,0.02872347459197044,-0.06457012891769409,0.9974997043609619],"scale":1,"type":"wall_brick1"}
{"pos":[-616.9140014648438,-392.8059997558594,104.995002746582],"rotationMatrix":[0.9874423742294312,0.1569997072219849,-0.0175684466958046,-0.1554310172796249,0.9853812456130981,0.06974954903125763,0.02826227620244026,-0.0661429762840271,0.9974098205566406],"scale":1,"type":"wall_brick1"}
{"pos":[-613.9409790039063,-392.3479919433594,104.9349975585938],"rotationMatrix":[0.9892030954360962,0.1455039829015732,-0.01748794689774513,-0.1439354568719864,0.9870502948760986,0.07081173360347748,0.0275648720562458,-0.06753005087375641,0.9973363876342773],"scale":1,"type":"wall_brick1"}
{"pos":[-610.9639892578125,-391.9219970703125,104.8759994506836],"rotationMatrix":[0.9908291101455688,0.1339949518442154,-0.01740770600736141,-0.1324230432510376,0.9885692596435547,0.07207604497671127,0.02686654776334763,-0.06910985708236694,0.9972472190856934],"scale":1,"type":"wall_brick1"}
{"pos":[-607.9819946289063,-391.5299987792969,104.8160018920898],"rotationMatrix":[0.9923447370529175,0.122272789478302,-0.01735764928162098,-0.1207033172249794,0.9899903535842896,0.07314238697290421,0.02612722851336002,-0.07048733532428741,0.9971704483032227],"scale":1,"type":"wall_brick1"}
{"pos":[-604.9970092773438,-391.1759948730469,104.7559967041016],"rotationMatrix":[0.9937429428100586,0.1103397682309151,-0.01732337474822998,-0.1087689399719238,0.9912781715393066,0.07441037893295288,0.02538270689547062,-0.07206054776906967,0.9970772266387939],"scale":1,"type":"wall_brick1"}
{"pos":[-602.0089721679688,-390.8590087890625,104.6969985961914],"rotationMatrix":[0.9949970245361328,0.09839300811290741,-0.01731290481984615,-0.09682627767324448,0.9924349784851074,0.07548169046640396,0.0246088020503521,-0.073427714407444,0.9969968795776367],"scale":1,"type":"wall_brick1"}
{"pos":[-599.0189819335938,-390.5780029296875,104.6370010375977],"rotationMatrix":[0.9961283206939697,0.0862300768494606,-0.01710973307490349,-0.08467987179756165,0.9934482574462891,0.07674554735422134,0.0236154068261385,-0.07499956339597702,0.9969038963317871],"scale":1,"type":"wall_brick1"}
{"pos":[-596.0260009765625,-390.3309936523438,104.5780029296875],"rotationMatrix":[0.9971249103546143,0.07385784387588501,-0.01693908497691154,-0.07232522964477539,0.9943255186080933,0.07801169157028198,0.02260473929345608,-0.07656227797269821,0.9968085289001465],"scale":1,"type":"wall_brick1"}
{"pos":[-593.031982421875,-390.1199951171875,104.5189971923828],"rotationMatrix":[0.9979795217514038,0.06127960979938507,-0.01678342558443546,-0.0597669817507267,0.9950590133666992,0.07928094267845154,0.02155880443751812,-0.07811766117811203,0.9967110157012939],"scale":1,"type":"wall_brick1"}
{"pos":[-590.0369873046875,-389.9450073242188,104.4599990844727],"rotationMatrix":[0.9986751079559326,0.0486890897154808,-0.01665537245571613,-0.04720137640833855,0.9956480264663696,0.0803556963801384,0.0204953346401453,-0.07946307212114334,0.9966270923614502],"scale":1,"type":"wall_brick1"}
{"pos":[-587.0419921875,-389.8080139160156,104.4020004272461],"rotationMatrix":[0.9992184638977051,0.03589686006307602,-0.01654922217130661,-0.03443164378404617,0.9960675239562988,0.08163301646709442,0.0194145105779171,-0.08099940419197083,0.9965250492095947],"scale":1,"type":"wall_brick1"}
{"pos":[-584.0469970703125,-389.7149963378906,104.3440017700195],"rotationMatrix":[0.9996100664138794,0.02269344590604305,-0.01627029851078987,-0.02126948349177837,0.9963300228118896,0.08291015774011612,0.01809210330247879,-0.08253177255392075,0.9964241981506348],"scale":1,"type":"wall_brick1"}
{"pos":[-581.052001953125,-389.6600036621094,104.286003112793],"rotationMatrix":[0.9998267889022827,0.009484837763011456,-0.01601343415677547,-0.008104021660983562,0.996416449546814,0.08419372886419296,0.01675461232662201,-0.08404937386512756,0.9963207244873047],"scale":1,"type":"wall_brick1"}
{"pos":[-578.0590209960938,-389.6419982910156,104.2289962768555],"rotationMatrix":[0.9998667240142822,-0.004136677831411362,-0.01579310372471809,0.005472213495522738,0.9963247776031494,0.0854809507727623,0.01538145262748003,-0.08555597811937332,0.9962146282196045],"scale":1,"type":"wall_brick1"}
{"pos":[-575.0679931640625,-389.6640014648438,104.1729965209961],"rotationMatrix":[0.9997204542160034,-0.01794407702982426,-0.01539556868374348,0.01921715959906578,0.9960250854492188,0.08697545528411865,0.01377367787063122,-0.08724699914455414,0.9960914850234985],"scale":1,"type":"wall_brick1"}
{"pos":[-572.0789794921875,-389.7239990234375,104.1169967651367],"rotationMatrix":[0.9993760585784912,-0.03196001052856445,-0.01503500156104565,0.03316551819443703,0.9955437183380127,0.08827657252550125,0.01214668061584234,-0.08872013539075851,0.9959825277328491],"scale":1,"type":"wall_brick1"}
{"pos":[-569.093017578125,-389.822998046875,104.0630035400391],"rotationMatrix":[0.9988255500793457,-0.0461704321205616,-0.01469053607434034,0.04730452969670296,0.9948549270629883,0.08958769589662552,0.01047865021973848,-0.09017740935087204,0.9958705902099609],"scale":1,"type":"wall_brick1"}
{"pos":[-566.1129760742188,-389.9719848632813,104.0090026855469],"rotationMatrix":[0.9980354309082031,-0.06097390130162239,-0.01440354902297258,0.06203471496701241,0.9939258098602295,0.09090203046798706,0.008773408830165863,-0.09161696583032608,0.995755672454834],"scale":1,"type":"wall_brick1"}
{"pos":[-563.1380004882813,-390.1659851074219,103.9560012817383],"rotationMatrix":[0.9970121383666992,-0.07597658783197403,-0.01394109707325697,0.07694362103939056,0.9927417039871216,0.09243153035640717,0.006817275658249855,-0.0932280421257019,0.9956214427947998],"scale":1,"type":"wall_brick1"}
{"pos":[-748.6649780273438,-450.0060119628906,107.2099990844727],"rotationMatrix":[0.801449179649353,0.5980094075202942,-0.007996948435902596,-0.5977622866630554,0.8013986349105835,0.02098758891224861,0.0189595203846693,-0.0120402118191123,0.9997477531433105],"scale":1,"type":"wall_brick1"}
{"pos":[-746.22998046875,-448.2009887695313,107.1839981079102],"rotationMatrix":[0.8068244457244873,0.5907348990440369,-0.008159076794981956,-0.5904662609100342,0.8067617416381836,0.02202394045889378,0.01959274150431156,-0.01295179408043623,0.9997241497039795],"scale":1,"type":"wall_brick1"}
{"pos":[-743.7750244140625,-446.4249877929688,107.1559982299805],"rotationMatrix":[0.8121225833892822,0.5834237933158875,-0.008580131456255913,-0.5831319689750671,0.8120536804199219,0.02293281815946102,0.02034707926213741,-0.01362091116607189,0.9997001886367798],"scale":1,"type":"wall_brick1"}
{"pos":[-741.302001953125,-444.6740112304688,107.1269989013672],"rotationMatrix":[0.8173494338989258,0.5760746002197266,-0.008831089362502098,-0.5757625699043274,0.8172712326049805,0.02377313002943993,0.02091249078512192,-0.01434634439647198,0.999678373336792],"scale":1,"type":"wall_brick1"}
{"pos":[-738.8170166015625,-442.9419860839844,107.0979995727539],"rotationMatrix":[0.8225023746490479,0.5686901211738586,-0.009020102210342884,-0.568354070186615,0.8224098682403564,0.02481233887374401,0.02152875438332558,-0.01528159622102976,0.9996514320373535],"scale":1,"type":"wall_brick1"}
{"pos":[-736.3189697265625,-441.22900390625,107.068000793457],"rotationMatrix":[0.8276951313018799,0.5610980987548828,-0.00946942251175642,-0.5607362389564514,0.8275952339172363,0.02570932172238827,0.02226230129599571,-0.01596963219344616,0.9996246099472046],"scale":1,"type":"wall_brick1"}
{"pos":[-733.8040161132813,-439.5390014648438,107.036003112793],"rotationMatrix":[0.8328135013580322,0.5534690022468567,-0.009683120995759964,-0.5530814528465271,0.8326981067657471,0.02673554793000221,0.02286041155457497,-0.01691017113626003,0.9995956420898438],"scale":1,"type":"wall_brick1"}
{"pos":[-731.2730102539063,-437.8779907226563,107.0039978027344],"rotationMatrix":[0.8378543853759766,0.5458029508590698,-0.00995889026671648,-0.5453923344612122,0.8377271890640259,0.02757486328482628,0.02339327521622181,-0.01767221838235855,0.9995701313018799],"scale":1,"type":"wall_brick1"}
{"pos":[-728.7269897460938,-436.239013671875,106.9700012207031],"rotationMatrix":[0.8428139686584473,0.5381048917770386,-0.0103805884718895,-0.537662148475647,0.8426733016967773,0.02865562401711941,0.02416717633605003,-0.01857011020183563,0.9995354413986206],"scale":1,"type":"wall_brick1"}
{"pos":[-726.1680297851563,-434.6210021972656,106.9359970092773],"rotationMatrix":[0.8478097915649414,0.5301928520202637,-0.01068160124123096,-0.5297254920005798,0.8476564884185791,0.02948519214987755,0.02468716725707054,-0.01933951675891876,0.9995081424713135],"scale":1,"type":"wall_brick1"}
{"pos":[-723.5919799804688,-433.0299987792969,106.9000015258789],"rotationMatrix":[0.8527244329452515,0.5222465991973877,-0.01093329582363367,-0.521750271320343,0.8525526523590088,0.03050671145319939,0.02525323629379272,-0.02030936814844608,0.9994747638702393],"scale":1,"type":"wall_brick1"}
{"pos":[-721.0020141601563,-431.4649963378906,106.8639984130859],"rotationMatrix":[0.8576645851135254,0.5140876173973083,-0.01119624823331833,-0.5135616064071655,0.8574734926223755,0.03152310103178024,0.0258061233907938,-0.02128628641366959,0.9994403123855591],"scale":1,"type":"wall_brick1"}
