{"pos":[-492.5920104980469,-743.2960205078125,140.3119964599609],"rotationMatrix":[-0.5544371604919434,0.8322256207466125,0,-0.8322256207466125,-0.5544371604919434,0,0,0,1],"scale":0.8274999856948853,"type":"wca_rock4"}
{"pos":[-725.468994140625,-315.5029907226563,103.2969970703125],"rotationMatrix":[0.1477042436599731,-0.9890315532684326,0,0.9890315532684326,0.1477042436599731,0,0,0,1],"scale":1.465299963951111,"type":"wca_rock4"}
{"pos":[-938.27001953125,-289.3009948730469,101.0970001220703],"rotationMatrix":[-0.9995999336242676,0.02828378789126873,0,-0.02828378789126873,-0.9995999336242676,0,0,0,1],"scale":0.9182000160217285,"type":"wca_rock4"}
{"pos":[-519.8930053710938,-655.2039794921875,161.843994140625],"rotationMatrix":[0.1998875141143799,0.9798188805580139,0,-0.9798188805580139,0.1998875141143799,0,0,0,1],"scale":0.9136000275611877,"type":"wca_rock4"}
{"pos":[-531.4710083007813,-661.989990234375,166.8489990234375],"rotationMatrix":[-0.7709619998931885,-0.6368811726570129,0,0.6368811726570129,-0.7709619998931885,0,0,0,1],"scale":1.24370002746582,"type":"wca_rock4"}
{"pos":[-524.6170043945313,-651.2639770507813,163.0260009765625],"rotationMatrix":[0.567363977432251,0.8234671354293823,0,-0.8234671354293823,0.567363977432251,0,0,0,1],"scale":1.184999942779541,"type":"wca_rock4"}
{"pos":[-522.2919921875,-740.56201171875,138.7630004882813],"rotationMatrix":[0.830172061920166,-0.5575072765350342,0,0.5575072765350342,0.830172061920166,0,0,0,1],"scale":1.264600038528442,"type":"wca_rock4"}
{"pos":[-790.8759765625,-825.4249877929688,120.4440002441406],"rotationMatrix":[0.4311822652816772,-0.9022648334503174,0,0.9022648334503174,0.4311822652816772,0,0,0,1],"scale":0.8187999725341797,"type":"wca_rock4"}
{"pos":[-773.6439819335938,-825.416015625,122.9720001220703],"rotationMatrix":[-0.9848289489746094,-0.1735279262065887,0,0.1735279262065887,-0.9848289489746094,0,0,0,1],"scale":1.134899973869324,"type":"wca_rock4"}
{"pos":[-766.0650024414063,-825.8419799804688,123.1839981079102],"rotationMatrix":[-0.9948034286499023,-0.1018142327666283,0,0.1018142327666283,-0.9948034286499023,0,0,0,1],"scale":1.434499979019165,"type":"wca_rock4"}
{"pos":[-851.3900146484375,-800.4509887695313,115.2220001220703],"rotationMatrix":[0.1912622451782227,0.9815389513969421,0,-0.9815389513969421,0.1912622451782227,0,0,0,1],"scale":1.028699994087219,"type":"wca_rock4"}
{"pos":[-43.24750137329102,463.1830139160156,74.57180023193359],"rotationMatrix":[-0.6002606153488159,0.7998044490814209,0,-0.7998044490814209,-0.6002606153488159,0,0,0,1],"scale":0.9435999989509583,"type":"wca_rock4"}
{"pos":[-37.64609909057617,456.2950134277344,85.98699951171875],"rotationMatrix":[-0.9995999336242676,0.02828378789126873,0,-0.02828378789126873,-0.9995999336242676,0,0,0,1],"scale":0.8658000230789185,"type":"wca_rock4"}
{"pos":[-67.09269714355469,453.031005859375,74.49220275878906],"rotationMatrix":[-0.3112282752990723,0.9503352046012878,0,-0.9503352046012878,-0.3112282752990723,0,0,0,1],"scale":0.9560999870300293,"type":"wca_rock4"}
{"pos":[-62.57920074462891,453.3599853515625,74.27860260009766],"rotationMatrix":[0.5285794734954834,0.8488838076591492,0,-0.8488838076591492,0.5285794734954834,0,0,0,1],"scale":1.536499977111816,"type":"wca_rock4"}
{"pos":[-72.32820129394531,451.8269958496094,74.50769805908203],"rotationMatrix":[0.9096024036407471,0.4154798090457916,0,-0.4154798090457916,0.9096024036407471,0,0,0,1],"scale":1.381399989128113,"type":"wca_rock4"}
{"pos":[-96.64810180664063,422.8059997558594,84.74770355224609],"rotationMatrix":[0.279039740562439,0.9602795839309692,0,-0.9602795839309692,0.279039740562439,0,0,0,1],"scale":1.066400051116943,"type":"wca_rock4"}
{"pos":[951.5159912109375,-39.41009902954102,148.9739990234375],"rotationMatrix":[0.9978744983673096,0.06516506522893906,0,-0.06516506522893906,0.9978744983673096,0,0,0,1],"scale":0.8382999897003174,"type":"wca_rock4"}
{"pos":[997.822998046875,-242.4250030517578,152.0970001220703],"rotationMatrix":[-0.997600793838501,-0.06922901421785355,0,0.06922901421785355,-0.997600793838501,0,0,0,1],"scale":1.507599949836731,"type":"wca_rock4"}
{"pos":[863.1129760742188,-664.6530151367188,170.1269989013672],"rotationMatrix":[0.361098051071167,0.9325278401374817,0,-0.9325278401374817,0.361098051071167,0,0,0,1],"scale":1.414100050926208,"type":"wca_rock4"}
{"pos":[840.8709716796875,-660.3369750976563,171.9320068359375],"rotationMatrix":[0.9925823211669922,0.1215744018554688,0,-0.1215744018554688,0.9925823211669922,0,0,0,1],"scale":1.026900053024292,"type":"wca_rock4"}
{"pos":[744.8770141601563,-521.010009765625,173.7160034179688],"rotationMatrix":[0.8871874809265137,-0.4614091217517853,0,0.4614091217517853,0.8871874809265137,0,0,0,1],"scale":1.488700032234192,"type":"wca_rock4"}
{"pos":[737.8460083007813,-557.9849853515625,175.3589935302734],"rotationMatrix":[0.6596875190734863,0.7515400052070618,0,-0.7515400052070618,0.6596875190734863,0,0,0,1],"scale":1.533499956130981,"type":"wca_rock4"}
{"pos":[739.14697265625,-552.7890014648438,175.0460052490234],"rotationMatrix":[0.9759318828582764,-0.2180755883455276,0,0.2180755883455276,0.9759318828582764,0,0,0,1],"scale":0.8540999889373779,"type":"wca_rock4"}
{"pos":[709.8939819335938,-541.93798828125,179.7299957275391],"rotationMatrix":[0.7084574699401855,-0.70575350522995,0,0.70575350522995,0.7084574699401855,0,0,0,1],"scale":0.9398999810218811,"type":"wca_rock4"}
{"pos":[709.2329711914063,-600.3040161132813,187.1710052490234],"rotationMatrix":[-0.9972009658813477,0.07476786524057388,0,-0.07476786524057388,-0.9972009658813477,0,0,0,1],"scale":0.8111000061035156,"type":"wca_rock4"}
{"pos":[730.4390258789063,-621.7550048828125,188.2839965820313],"rotationMatrix":[-0.7709619998931885,-0.6368811726570129,0,0.6368811726570129,-0.7709619998931885,0,0,0,1],"scale":1.482300043106079,"type":"wca_rock4"}
{"pos":[727.5159912109375,-613.1710205078125,186.9940032958984],"rotationMatrix":[-0.1217024326324463,-0.9925666451454163,0,0.9925666451454163,-0.1217024326324463,0,0,0,1],"scale":0.9229999780654907,"type":"wca_rock4"}
{"pos":[729.552001953125,-645.4580078125,192.6219940185547],"rotationMatrix":[0.7996554374694824,-0.6004591584205627,0,0.6004591584205627,0.7996554374694824,0,0,0,1],"scale":1.288900017738342,"type":"wca_rock4"}
{"pos":[749.448974609375,-684.426025390625,195.4609985351563],"rotationMatrix":[-0.9948034286499023,-0.1018142327666283,0,0.1018142327666283,-0.9948034286499023,0,0,0,1],"scale":1.087399959564209,"type":"wca_rock4"}
{"pos":[723.1370239257813,-708.43701171875,197.3939971923828],"rotationMatrix":[-0.4239969253540039,0.9056636095046997,0,-0.9056636095046997,-0.4239969253540039,0,0,0,1],"scale":0.9089000225067139,"type":"wca_rock4"}
{"pos":[748.0009765625,-688.7230224609375,196.3070068359375],"rotationMatrix":[-0.6337089538574219,-0.7735715508460999,0,0.7735715508460999,-0.6337089538574219,0,0,0,1],"scale":1.277199983596802,"type":"wca_rock4"}
{"pos":[572.7050170898438,-608.197998046875,193.3549957275391],"rotationMatrix":[0.7058554887771606,-0.7083558440208435,0,0.7083558440208435,0.7058554887771606,0,0,0,1],"scale":0.9478999972343445,"type":"wca_rock4"}
{"pos":[529.302001953125,-596.9739990234375,180.2579956054688],"rotationMatrix":[0.8546316623687744,-0.5192347168922424,0,0.5192347168922424,0.8546316623687744,0,0,0,1],"scale":0.8213000297546387,"type":"wca_rock4"}
{"pos":[524.3569946289063,-615.0910034179688,182.0529937744141],"rotationMatrix":[-0.979651927947998,0.2007040083408356,0,-0.2007040083408356,-0.979651927947998,0,0,0,1],"scale":1.253399968147278,"type":"wca_rock4"}
{"pos":[521.5469970703125,-624.1199951171875,182.1739959716797],"rotationMatrix":[-0.9804481267929077,-0.1967777162790298,0,0.1967777162790298,-0.9804481267929077,0,0,0,1],"scale":1.21809995174408,"type":"wca_rock4"}
{"pos":[524.7940063476563,-619.031005859375,181.7120056152344],"rotationMatrix":[0.2828770875930786,0.9591561555862427,0,-0.9591561555862427,0.2828770875930786,0,0,0,1],"scale":1.045699954032898,"type":"wca_rock4"}
{"pos":[532.9019775390625,-598.3770141601563,179.7949981689453],"rotationMatrix":[0.8529011011123657,-0.5220724940299988,0,0.5220724940299988,0.8529011011123657,0,0,0,1],"scale":1.410199999809265,"type":"wca_rock4"}
{"pos":[527.4299926757813,-656.0880126953125,187.7129974365234],"rotationMatrix":[0.6073248386383057,-0.7944536209106445,0,0.7944536209106445,0.6073248386383057,0,0,0,1],"scale":0.944100022315979,"type":"wca_rock4"}
{"pos":[502.9849853515625,-692.8569946289063,189.6000061035156],"rotationMatrix":[-0.8501183986663818,-0.5265915989875793,0,0.5265915989875793,-0.8501183986663818,0,0,0,1],"scale":0.8871999979019165,"type":"wca_rock4"}
{"pos":[594.2639770507813,-998.5579833984375,153.2209930419922],"rotationMatrix":[0.8242940902709961,-0.5661618709564209,0,0.5661618709564209,0.8242940902709961,0,0,0,1],"scale":1.482200026512146,"type":"wca_rock4"}
{"pos":[379.8370056152344,-305.4249877929688,150.3699951171875],"rotationMatrix":[-0.9824386835098267,0.1865857243537903,0,-0.1865857243537903,-0.9824386835098267,0,0,0,1],"scale":0.8181999921798706,"type":"wca_rock4"}
{"pos":[453.9649963378906,-727.7579956054688,188.3910064697266],"rotationMatrix":[0.05825901031494141,0.9983015060424805,0,-0.9983015060424805,0.05825901031494141,0,0,0,1],"scale":0.9056000113487244,"type":"wca_rock4"}
{"pos":[495.7850036621094,-697.302001953125,188.25],"rotationMatrix":[0.01439189910888672,-0.9998964071273804,0,0.9998964071273804,0.01439189910888672,0,0,0,1],"scale":0.8335999846458435,"type":"wca_rock4"}
{"pos":[466.5539855957031,-720.989013671875,188.5639953613281],"rotationMatrix":[0.9999995231628418,0.0009765623835846782,0,-0.0009765623835846782,0.9999995231628418,0,0,0,1],"scale":1.542899966239929,"type":"wca_rock4"}
{"pos":[465.4849853515625,-722.6580200195313,190.4620056152344],"rotationMatrix":[0.9960750341415405,-0.08851286023855209,0,0.08851286023855209,0.9960750341415405,0,0,0,1],"scale":1.14330005645752,"type":"wca_rock4"}
{"pos":[423.0369873046875,-729.802978515625,190.6430053710938],"rotationMatrix":[0.8513784408569336,-0.5245519280433655,0,0.5245519280433655,0.8513784408569336,0,0,0,1],"scale":1.494500041007996,"type":"wca_rock4"}
{"pos":[413.2860107421875,-712.8270263671875,162.9720001220703],"rotationMatrix":[0.9277240037918091,-0.3732669055461884,0,0.3732669055461884,0.9277240037918091,0,0,0,1],"scale":1.096099972724915,"type":"wca_rock4"}
{"pos":[221.8869934082031,-732.1229858398438,142.9900054931641],"rotationMatrix":[0.641803503036499,0.7668691277503967,0,-0.7668691277503967,0.641803503036499,0,0,0,1],"scale":1.529199957847595,"type":"wca_rock4"}
{"pos":[189.0670013427734,-808.4229736328125,143.0059967041016],"rotationMatrix":[-0.6902250051498413,0.7235947847366333,0,-0.7235947847366333,-0.6902250051498413,0,0,0,1],"scale":1.103000044822693,"type":"wca_rock4"}
{"pos":[202.0399932861328,-813.3720092773438,143.0800018310547],"rotationMatrix":[0.09414207935333252,0.9955587983131409,0,-0.9955587983131409,0.09414207935333252,0,0,0,1],"scale":1.069300055503845,"type":"wca_rock4"}
{"pos":[605.3870239257813,-1001.25,154.2619934082031],"rotationMatrix":[-0.9341510534286499,-0.356877863407135,0,0.356877863407135,-0.9341510534286499,0,0,0,1],"scale":0.9453999996185303,"type":"wca_rock4"}
{"pos":[1007.530029296875,183.9010009765625,153.0760040283203],"rotationMatrix":[-0.8031005859375,0.595843493938446,0,-0.595843493938446,-0.8031005859375,0,0,0,1],"scale":1.433599948883057,"type":"wca_rock4"}
{"pos":[1014.5,124.927001953125,152.8609924316406],"rotationMatrix":[0.3501999378204346,-0.936674952507019,0,0.936674952507019,0.3501999378204346,0,0,0,1],"scale":1.508900046348572,"type":"wca_rock4"}
{"pos":[945.06201171875,497.239990234375,144.0489959716797],"rotationMatrix":[0.9182302951812744,0.3960468769073486,0,-0.3960468769073486,0.9182302951812744,0,0,0,1],"scale":0.839900016784668,"type":"wca_rock4"}
{"pos":[975.6240234375,396.7369995117188,149.5500030517578],"rotationMatrix":[-0.7197705507278442,-0.694212019443512,0,0.694212019443512,-0.7197705507278442,0,0,0,1],"scale":1.343500018119812,"type":"wca_rock4"}
{"pos":[970.4180297851563,402.3819885253906,149.0760040283203],"rotationMatrix":[0.6691902875900269,-0.7430911064147949,0,0.7430911064147949,0.6691902875900269,0,0,0,1],"scale":1.154600024223328,"type":"wca_rock4"}
{"pos":[918.8690185546875,424.39599609375,150.8170013427734],"rotationMatrix":[-0.3138206005096436,-0.9494823217391968,0,0.9494823217391968,-0.3138206005096436,0,0,0,1],"scale":1.5485999584198,"type":"wca_rock4"}
{"pos":[997.781005859375,271.7569885253906,153.197998046875],"rotationMatrix":[-0.7551884651184082,0.6555077433586121,0,-0.6555077433586121,-0.7551884651184082,0,0,0,1],"scale":1.472100019454956,"type":"wca_rock4"}
{"pos":[968.2849731445313,117.302001953125,152.4360046386719],"rotationMatrix":[-0.3645519018173218,0.9311830997467041,0,-0.9311830997467041,-0.3645519018173218,0,0,0,1],"scale":1.305899977684021,"type":"wca_rock4"}
{"pos":[997.114990234375,26.37809944152832,149.2489929199219],"rotationMatrix":[-0.7333840131759644,-0.5491365790367126,0.4007454216480255,0.6798145771026611,-0.5924324989318848,0.4322913885116577,2.759942071861587e-05,0.5894681811332703,0.8077915906906128],"scale":1.270699977874756,"type":"wca_rock4"}
{"pos":[131.6080017089844,592.8270263671875,83.48110198974609],"rotationMatrix":[-0.9463646411895752,0.3231005370616913,0,-0.3231005370616913,-0.9463646411895752,0,0,0,1],"scale":1.113700032234192,"type":"wca_rock4"}
{"pos":[131.3630065917969,591.6710205078125,83.35669708251953],"rotationMatrix":[-0.532650351524353,-0.8463354110717773,0,0.8463354110717773,-0.532650351524353,0,0,0,1],"scale":1.223199963569641,"type":"wca_rock4"}
{"pos":[133.7209930419922,593.072021484375,84.53639984130859],"rotationMatrix":[0.9175820350646973,-0.3975464999675751,0,0.3975464999675751,0.9175820350646973,0,0,0,1],"scale":1.204399943351746,"type":"wca_rock4"}
{"pos":[105.2819976806641,576.64599609375,79.13089752197266],"rotationMatrix":[0.7446733713150024,-0.6674290895462036,0,0.6674290895462036,0.7446733713150024,0,0,0,1],"scale":1.088899970054626,"type":"wca_rock4"}
{"pos":[106.9929962158203,565.2340087890625,92.27369689941406],"rotationMatrix":[-0.6740840673446655,-0.738654613494873,0,0.738654613494873,-0.6740840673446655,0,0,0,1],"scale":1.080899953842163,"type":"wca_rock4"}
{"pos":[75.66729736328125,530.5650024414063,101.677001953125],"rotationMatrix":[-0.9507076740264893,0.310088574886322,0,-0.310088574886322,-0.9507076740264893,0,0,0,1],"scale":1.012699961662292,"type":"wca_rock4"}
{"pos":[41.31829833984375,533.9879760742188,74.51129913330078],"rotationMatrix":[-0.857820987701416,0.5139486193656921,0,-0.5139486193656921,-0.857820987701416,0,0,0,1],"scale":0.8851000070571899,"type":"wca_rock4"}
{"pos":[50.8474006652832,541.1119995117188,74.70850372314453],"rotationMatrix":[-0.163422703742981,0.9865561127662659,0,-0.9865561127662659,-0.163422703742981,0,0,0,1],"scale":0.8396000266075134,"type":"wca_rock4"}
{"pos":[7.258200168609619,505.218994140625,74.33580017089844],"rotationMatrix":[-0.9808460474014282,0.1947845816612244,0,-0.1947845816612244,-0.9808460474014282,0,0,0,1],"scale":1.579699993133545,"type":"wca_rock4"}
{"pos":[57.3661003112793,546.8939819335938,75.23629760742188],"rotationMatrix":[0.4303286075592041,0.902672290802002,0,-0.902672290802002,0.4303286075592041,0,0,0,1],"scale":1.043099999427795,"type":"wca_rock4"}
{"pos":[879.1276245117188,-937.020751953125,170.6508483886719],"rotationMatrix":[0.2443011999130249,0.9696993827819824,0,-0.9696993827819824,0.2443011999130249,0,0,0,1],"scale":0.8250088691711426,"type":"wca_rock4"}
{"pos":[857.3035278320313,-986.2919311523438,172.6246490478516],"rotationMatrix":[-0.6930896043777466,-0.7208514213562012,0,0.7208514213562012,-0.6930896043777466,0,0,0,1],"scale":0.8044961094856262,"type":"wca_rock4"}
{"pos":[510.7990112304688,145.7098236083984,141.3359985351563],"rotationMatrix":[-0.3002042770385742,0.953874945640564,0,-0.953874945640564,-0.3002042770385742,0,0,0,1],"scale":1.375535488128662,"type":"wca_rock4"}
{"pos":[509.9036560058594,143.1417694091797,141.6731719970703],"rotationMatrix":[-0.9443249106407166,-0.329014390707016,0,0.329014390707016,-0.9443249106407166,0,0,0,1],"scale":1.220190763473511,"type":"wca_rock4"}
{"pos":[509.3653869628906,160.4686431884766,138.8110656738281],"rotationMatrix":[0.7163339853286743,-0.6977575421333313,0,0.6977575421333313,0.7163339853286743,0,0,0,1],"scale":0.9394324421882629,"type":"wca_rock4"}
{"pos":[92.39537811279297,-986.9063110351563,127.0442276000977],"rotationMatrix":[-0.920666515827179,-0.3903501331806183,0,0.3903501331806183,-0.920666515827179,0,0,0,1],"scale":0.8395362496376038,"type":"wca_rock4"}
{"pos":[22.72085571289063,-992.9622802734375,128.1865997314453],"rotationMatrix":[0.1622007042169571,0.9867578148841858,0,-0.9867578148841858,0.1622007042169571,0,0,0,1],"scale":1.34311318397522,"type":"wca_rock4"}
{"pos":[4.089128971099854,-995.7141723632813,128.2359008789063],"rotationMatrix":[0.2834719717502594,0.9589805006980896,0,-0.9589805006980896,0.2834719717502594,0,0,0,1],"scale":1.400707244873047,"type":"wca_rock4"}
{"pos":[98.48390197753906,-975.34326171875,126.1534652709961],"rotationMatrix":[0.381453663110733,-0.9243879914283752,0,0.9243879914283752,0.381453663110733,0,0,0,1],"scale":0.9570937752723694,"type":"wca_rock4"}
{"pos":[80.44660186767578,-1000.215209960938,131.2432861328125],"rotationMatrix":[-0.1730174273252487,0.9849187731742859,0,-0.9849187731742859,-0.1730174273252487,0,0,0,1],"scale":1.238685369491577,"type":"wca_rock4"}
{"pos":[-22.99995803833008,-998.638671875,129.1369018554688],"rotationMatrix":[0.1787320077419281,0.9838977456092834,0,-0.9838977456092834,0.1787320077419281,0,0,0,1],"scale":1.561419725418091,"type":"wca_rock4"}
{"pos":[-34.82157135009766,-975.1201782226563,128.6803741455078],"rotationMatrix":[-0.6497927904129028,-0.760111391544342,0,0.760111391544342,-0.6497927904129028,0,0,0,1],"scale":1.377897500991821,"type":"wca_rock4"}
{"pos":[-7.24217414855957,-982.5066528320313,129.7425079345703],"rotationMatrix":[-0.9095858335494995,-0.4155160784721375,0,0.4155160784721375,-0.9095858335494995,0,0,0,1],"scale":1.53346061706543,"type":"wca_rock4"}
{"pos":[-10.94271659851074,-984.9515380859375,129.4645080566406],"rotationMatrix":[0.9986793398857117,-0.0513770803809166,0,0.04685429483652115,0.9107646346092224,-0.410259336233139,0.02107792533934116,0.4097175598144531,0.911969006061554],"scale":1.513875246047974,"type":"wca_rock4"}
{"pos":[6.093451023101807,-964.9139404296875,128.6222229003906],"rotationMatrix":[0.8816879391670227,0.4718329906463623,0,-0.4718329906463623,0.8816879391670227,0,0,0,1],"scale":1.309340715408325,"type":"wca_rock4"}
{"pos":[164.0869598388672,-993.881103515625,128.0196685791016],"rotationMatrix":[-0.8225318193435669,-0.5687190890312195,0,0.5687190890312195,-0.8225318193435669,0,0,0,1],"scale":1.120993852615356,"type":"wca_rock4"}
{"pos":[160.6723022460938,-993.5425415039063,128.0731506347656],"rotationMatrix":[0.9655422568321228,0.2602463662624359,0,-0.2602463662624359,0.9655422568321228,0,0,0,1],"scale":0.9388525485992432,"type":"wca_rock4"}
{"pos":[-154.1137542724609,-686.76220703125,116.7689743041992],"rotationMatrix":[0.493619829416275,-0.8696777820587158,0,0.8696777820587158,0.493619829416275,0,0,0,1],"scale":1.025549173355103,"type":"wca_rock4"}
{"pos":[3.864363193511963,-986.0787353515625,128.5628967285156],"rotationMatrix":[-0.8478001952171326,-0.5303157567977905,0,0.5216358304023743,-0.8339237570762634,-0.1801872104406357,0.0955561101436615,-0.1527627557516098,0.9836324453353882],"scale":1.195393562316895,"type":"wca_rock4"}
{"pos":[103.7138214111328,-977.5654907226563,125.7371215820313],"rotationMatrix":[0.6986289620399475,0.7154841423034668,0,-0.7154841423034668,0.6986289620399475,0,0,0,1],"scale":0.9089104533195496,"type":"wca_rock4"}
{"pos":[105.9069290161133,-977.42822265625,125.487190246582],"rotationMatrix":[0.4468235373497009,0.8946221470832825,0,-0.8946221470832825,0.4468235373497009,0,0,0,1],"scale":1.197024464607239,"type":"wca_rock4"}
{"pos":[105.3395919799805,-978.0082397460938,125.4767990112305],"rotationMatrix":[-0.3810668289661407,-0.9245474338531494,0,0.9245474338531494,-0.3810668289661407,0,0,0,1],"scale":1.148832678794861,"type":"wca_rock4"}
{"pos":[31.19449996948242,-981.9425048828125,127.1552047729492],"rotationMatrix":[0.3426255583763123,-0.9394720792770386,0,0.9394720792770386,0.3426255583763123,0,0,0,1],"scale":1.139048933982849,"type":"wca_rock4"}
{"pos":[61.73260879516602,-988.0191040039063,126.1924514770508],"rotationMatrix":[-0.582080602645874,-0.8131310939788818,0,0.8131310939788818,-0.582080602645874,0,0,0,1],"scale":1.151060104370117,"type":"wca_rock4"}
{"pos":[-59.29704666137695,-970.3980712890625,129.6743774414063],"rotationMatrix":[-0.6957901120185852,-0.7182451486587524,0,0.7182451486587524,-0.6957901120185852,0,0,0,1],"scale":1.187076210975647,"type":"wca_rock4"}
{"pos":[-255.5518341064453,-908.8280029296875,134.3905792236328],"rotationMatrix":[-0.7698475122451782,-0.6382278800010681,0,0.6382278800010681,-0.7698475122451782,0,0,0,1],"scale":0.8299121856689453,"type":"wca_rock4"}
{"pos":[-288.3216857910156,-890.716064453125,134.2118682861328],"rotationMatrix":[0.9333925843238831,-0.3588568270206451,0,0.3588568270206451,0.9333925843238831,0,0,0,1],"scale":1.104839563369751,"type":"wca_rock4"}
{"pos":[-269.9418640136719,-906.5521850585938,137.2056121826172],"rotationMatrix":[0.7765641808509827,-0.6300381422042847,0,0.4328321516513824,0.5334946513175964,-0.7266632914543152,0.4578256607055664,0.5643008351325989,0.6869937777519226],"scale":1.346555709838867,"type":"wca_rock4"}
{"pos":[-279.4698181152344,-897.6188354492188,134.6690673828125],"rotationMatrix":[0.8061770796775818,-0.5916743278503418,0,0.4909316599369049,0.6689112782478333,-0.5581611394882202,0.3302496671676636,0.4499767124652863,0.8297326564788818],"scale":1.49521017074585,"type":"wca_rock4"}
{"pos":[-208.4002685546875,-937.7653198242188,133.7929229736328],"rotationMatrix":[-0.9881042242050171,0.1537858098745346,0,-0.1537858098745346,-0.9881042242050171,0,0,0,1],"scale":1.046802759170532,"type":"wca_rock4"}
{"pos":[-238.5723419189453,-920.5028076171875,134.0971374511719],"rotationMatrix":[0.4626938104629517,0.8865181803703308,0,-0.8865181803703308,0.4626938104629517,0,0,0,1],"scale":0.8246069550514221,"type":"wca_rock4"}
{"pos":[-381.6850280761719,-886.4506225585938,137.1472015380859],"rotationMatrix":[0.7855615019798279,-0.2827582955360413,-0.55040043592453,0.411163866519928,0.9032514095306396,0.1228061318397522,0.4624256193637848,-0.322776585817337,0.8258192539215088],"scale":0.9876126050949097,"type":"wca_rock4"}
{"pos":[-378.0318908691406,-880.03857421875,137.3839263916016],"rotationMatrix":[-0.264328807592392,0.8966477513313293,-0.3551798164844513,-0.9101108312606812,-0.3537624180316925,-0.2157549262046814,-0.3191053569316864,0.2662227153778076,0.9095588326454163],"scale":1.006247639656067,"type":"wca_rock4"}
{"pos":[-368.4345092773438,-865.8189086914063,135.8546905517578],"rotationMatrix":[0.1883435398340225,0.982103168964386,0,-0.982103168964386,0.1883435398340225,0,0,0,1],"scale":1.55330491065979,"type":"wca_rock4"}
{"pos":[-383.20263671875,-898.5833129882813,137.0598602294922],"rotationMatrix":[-0.9741681814193726,-0.2258238047361374,0,0.2258238047361374,-0.9741681814193726,0,0,0,1],"scale":1.471854448318481,"type":"wca_rock4"}
{"pos":[-379.2501220703125,-911.1572875976563,138.0868682861328],"rotationMatrix":[-0.8126237392425537,0.5827887058258057,0,-0.5827887058258057,-0.8126237392425537,0,0,0,1],"scale":1.08647608757019,"type":"wca_rock4"}
{"pos":[-381.5172424316406,-898.1582641601563,139.1112060546875],"rotationMatrix":[-0.8183563351631165,-0.5747112035751343,0,0.5747112035751343,-0.8183563351631165,0,0,0,1],"scale":0.8769913911819458,"type":"wca_rock4"}
{"pos":[-387.3997802734375,-868.5362548828125,137.2389373779297],"rotationMatrix":[0.921864926815033,0.3875113129615784,0,-0.3599976599216461,0.856411337852478,0.3700816631317139,0.1434108167886734,-0.3411652743816376,0.9289988279342651],"scale":1.077095866203308,"type":"wca_rock4"}
{"pos":[-405.371826171875,-802.8367919921875,140.1488647460938],"rotationMatrix":[0.7983235716819763,-0.6022287607192993,0,0.5428106188774109,0.7195581793785095,-0.4331197738647461,0.260837197303772,0.3457697033882141,0.9013362526893616],"scale":0.8374878168106079,"type":"wca_rock4"}
{"pos":[-406.5587463378906,-801.1705322265625,140.4014739990234],"rotationMatrix":[-0.8783538341522217,0.4780110120773315,0,-0.4780110120773315,-0.8783538341522217,0,0,0,1],"scale":0.8978722095489502,"type":"wca_rock4"}
{"pos":[-152.7336120605469,-963.3148193359375,133.2469024658203],"rotationMatrix":[0.6678167581558228,0.7443256974220276,0,-0.7443256974220276,0.6678167581558228,0,0,0,1],"scale":0.9348236322402954,"type":"wca_rock4"}
{"pos":[-217.0228881835938,-951.6854248046875,139.0182800292969],"rotationMatrix":[0.912723183631897,-0.4085784554481506,0,0.4085784554481506,0.912723183631897,0,0,0,1],"scale":1.515972137451172,"type":"wca_rock4"}
{"pos":[-215.134033203125,-952.4720458984375,139.1242523193359],"rotationMatrix":[0.9958125352859497,0.09141901880502701,0,-0.09141901880502701,0.9958125352859497,0,0,0,1],"scale":1.569544553756714,"type":"wca_rock4"}
{"pos":[-431.3491516113281,-778.5382080078125,140.0561218261719],"rotationMatrix":[-0.9986860156059265,-0.05124674737453461,0,0.05124674737453461,-0.9986860156059265,0,0,0,1],"scale":1.103025674819946,"type":"wca_rock4"}
{"pos":[-743.412109375,-842.9063110351563,126.4414291381836],"rotationMatrix":[0.1087032780051231,-0.9940742254257202,0,0.9940742254257202,0.1087032780051231,0,0,0,1],"scale":1.235130071640015,"type":"wca_rock4"}
{"pos":[-744.442626953125,-843.760498046875,126.3486785888672],"rotationMatrix":[-0.1480665355920792,0.9889774322509766,0,-0.9889774322509766,-0.1480665355920792,0,0,0,1],"scale":1.42994236946106,"type":"wca_rock4"}
{"pos":[-790.539794921875,-848.5880126953125,121.7370986938477],"rotationMatrix":[0.3525207042694092,0.935804009437561,0,-0.935804009437561,0.3525207042694092,0,0,0,1],"scale":1.415058255195618,"type":"wca_rock4"}
{"pos":[-886.877197265625,-904.2568969726563,129.3830413818359],"rotationMatrix":[0.2557898759841919,-0.966732382774353,0,0.966732382774353,0.2557898759841919,0,0,0,1],"scale":0.95932936668396,"type":"wca_rock4"}
{"pos":[-876.927734375,-919.1849365234375,131.3850402832031],"rotationMatrix":[-0.7744913697242737,0.6325845122337341,0,-0.6325845122337341,-0.7744913697242737,0,0,0,1],"scale":1.03484570980072,"type":"wca_rock4"}
{"pos":[-960.4690551757813,-956.74267578125,135.5979156494141],"rotationMatrix":[-0.749761164188385,0.6617085337638855,0,-0.6617085337638855,-0.749761164188385,0,0,0,1],"scale":0.8002954721450806,"type":"wca_rock4"}
{"pos":[-938.1256103515625,-986.0155639648438,138.8254699707031],"rotationMatrix":[-0.99444979429245,0.1052122414112091,0,-0.1052122414112091,-0.99444979429245,0,0,0,1],"scale":0.9246808290481567,"type":"wca_rock4"}
{"pos":[-882.4634399414063,-976.56640625,144.1036529541016],"rotationMatrix":[-0.780285120010376,0.6254239678382874,0,-0.6254239678382874,-0.780285120010376,0,0,0,1],"scale":1.459679245948792,"type":"wca_rock4"}
{"pos":[-859.5499877929688,-965.3610229492188,147.0615997314453],"rotationMatrix":[-0.6181495785713196,0.7860608100891113,0,-0.7860608100891113,-0.6181495785713196,0,0,0,1],"scale":1.287281155586243,"type":"wca_rock4"}
{"pos":[-836.953125,-953.11328125,151.1933441162109],"rotationMatrix":[-0.4741726815700531,0.7935401797294617,-0.3813845217227936,-0.858423113822937,-0.5129426121711731,0,-0.1956283748149872,0.327389270067215,0.9244163632392883],"scale":0.8837202787399292,"type":"wca_rock4"}
{"pos":[-735.4639282226563,-930.5106811523438,163.2903747558594],"rotationMatrix":[-0.5942440629005432,-0.7647841572761536,-0.2489553689956665,0.7980210185050964,-0.5992139577865601,-0.0640672966837883,-0.1001800000667572,-0.2367435246706009,0.9663937091827393],"scale":1.021546363830566,"type":"wca_rock4"}
{"pos":[-720.1727905273438,-937.6276245117188,163.8951721191406],"rotationMatrix":[0.497781902551651,0.867302417755127,0,-0.867302417755127,0.497781902551651,0,0,0,1],"scale":0.9789313077926636,"type":"wca_rock4"}
{"pos":[-609.960205078125,-740.5663452148438,135.3955993652344],"rotationMatrix":[-0.4112322628498077,-0.911530613899231,0,0.911530613899231,-0.4112322628498077,0,0,0,1],"scale":1.082404136657715,"type":"wca_rock4"}
{"pos":[-545.9359130859375,-719.491455078125,139.1035766601563],"rotationMatrix":[-0.2864715754985809,-0.9580889344215393,0,0.9580889344215393,-0.2864715754985809,0,0,0,1],"scale":1.146221280097961,"type":"wca_rock4"}
{"pos":[-306.2776184082031,-763.9611206054688,137.2758941650391],"rotationMatrix":[-0.853749692440033,0.5206842422485352,0,-0.5206842422485352,-0.853749692440033,0,0,0,1],"scale":1.268778920173645,"type":"wca_rock4"}
{"pos":[-303.5776672363281,-757.2843017578125,136.8766021728516],"rotationMatrix":[0.8306334614753723,-0.539888322353363,-0.1362661421298981,0.5223211646080017,0.8402788639068604,-0.1452987343072891,0.1929466873407364,0.04951527342200279,0.979958713054657],"scale":1.598379135131836,"type":"wca_rock4"}
{"pos":[-386.2472229003906,-864.4840698242188,137.9094085693359],"rotationMatrix":[0.03098041005432606,0.9995200037956238,0,-0.9995200037956238,0.03098041005432606,0,0,0,1],"scale":1.326151609420776,"type":"wca_rock4"}
{"pos":[-674.4738159179688,-777.105712890625,130.8680267333984],"rotationMatrix":[-0.7603197693824768,0.6495489478111267,0,-0.6495489478111267,-0.7603197693824768,0,0,0,1],"scale":1.090595602989197,"type":"wca_rock4"}
{"pos":[-893.4886474609375,-808.2301025390625,113.7630310058594],"rotationMatrix":[0.8925940990447998,0.4508611559867859,0,-0.4508611559867859,0.8925940990447998,0,0,0,1],"scale":0.8054843544960022,"type":"wca_rock4"}
{"pos":[-896.1358642578125,-812.6740112304688,114.1618881225586],"rotationMatrix":[0.7289195656776428,0.6845993399620056,0,-0.6845993399620056,0.7289195656776428,0,0,0,1],"scale":1.436552762985229,"type":"wca_rock4"}
{"pos":[-904.1206665039063,-824.0263671875,115.1389923095703],"rotationMatrix":[0.4628438651561737,0.8864398002624512,0,-0.8864398002624512,0.4628438651561737,0,0,0,1],"scale":0.8700178265571594,"type":"wca_rock4"}
{"pos":[-926.8011474609375,-843.0367431640625,121.1262969970703],"rotationMatrix":[-0.9540889263153076,-0.2995234727859497,0,0.2995234727859497,-0.9540889263153076,0,0,0,1],"scale":1.394968509674072,"type":"wca_rock4"}
{"pos":[-837.1232299804688,-728.722900390625,111.7161254882813],"rotationMatrix":[0.8850960731506348,-0.4654084146022797,0,0.4654084146022797,0.8850960731506348,0,0,0,1],"scale":1.103906631469727,"type":"wca_rock4"}
{"pos":[-741.1961669921875,-617.1866455078125,104.5444107055664],"rotationMatrix":[-0.9866796135902405,0.1626755148172379,0,-0.1626755148172379,-0.9866796135902405,0,0,0,1],"scale":0.8591340184211731,"type":"wca_rock4"}
{"pos":[-727.8778686523438,-601.6030883789063,103.4679336547852],"rotationMatrix":[-0.6927939653396606,0.7211355566978455,0,-0.7211355566978455,-0.6927939653396606,0,0,0,1],"scale":1.312127590179443,"type":"wca_rock4"}
{"pos":[-398.976318359375,-643.3383178710938,129.2001342773438],"rotationMatrix":[0.8025558590888977,0.5965773463249207,0,-0.5965773463249207,0.8025558590888977,0,0,0,1],"scale":1.506313323974609,"type":"wca_rock4"}
{"pos":[-396.1255187988281,-646.6437377929688,129.6736755371094],"rotationMatrix":[0.8594722747802734,0.5111820697784424,0,-0.5111820697784424,0.8594722747802734,0,0,0,1],"scale":1.265066504478455,"type":"wca_rock4"}
{"pos":[73.57062530517578,-988.0145263671875,126.3179779052734],"rotationMatrix":[0.2573631703853607,0.9663139581680298,0,-0.9663139581680298,0.2573631703853607,0,0,0,1],"scale":0.9155688881874084,"type":"wca_rock4"}
{"pos":[70.27234649658203,-988.1659545898438,126.1472320556641],"rotationMatrix":[0.1757036447525024,-0.9280789494514465,-0.3283258080482483,0.9825472235679626,0.1860155761241913,0,0.06107371300458908,-0.3225955367088318,0.9445641040802002],"scale":1.530117511749268,"type":"wca_rock4"}
{"pos":[-7.994100570678711,-933.778076171875,125.6075973510742],"rotationMatrix":[0.6629785299301147,-0.7486384510993958,0,0.6781907081604004,0.6005913019180298,-0.4234939217567444,0.3170438408851624,0.2807674407958984,0.9058987498283386],"scale":1.34555447101593,"type":"wca_rock4"}
{"pos":[5.339805603027344,-860.29345703125,122.220573425293],"rotationMatrix":[-0.755639374256134,-0.6549878716468811,0,0.6549878716468811,-0.755639374256134,0,0,0,1],"scale":1.443076372146606,"type":"wca_rock4"}
{"pos":[-18.04818153381348,-842.5697021484375,122.2001647949219],"rotationMatrix":[0.3369244635105133,0.9415316581726074,0,-0.9415316581726074,0.3369244635105133,0,0,0,1],"scale":0.8984198570251465,"type":"wca_rock4"}
{"pos":[-23.3653678894043,-837.5247192382813,122.280876159668],"rotationMatrix":[0.5180613994598389,0.6579456329345703,-0.5465525984764099,-0.7621273398399353,0.6451510190963745,0.05424072220921516,0.3882966339588165,0.3884428441524506,0.8356661200523376],"scale":1.570143222808838,"type":"wca_rock4"}
{"pos":[-43.57793045043945,-819.1953735351563,120.9979095458984],"rotationMatrix":[-0.7932908535003662,-0.6088427901268005,0,0.6088427901268005,-0.7932908535003662,0,0,0,1],"scale":1.537952661514282,"type":"wca_rock4"}
{"pos":[-120.5755081176758,-729.2612915039063,118.1562881469727],"rotationMatrix":[0.6762257814407349,0.6071898341178894,-0.4171793460845947,-0.7020923495292664,0.702686071395874,-0.1153200268745422,0.2231250405311584,0.3708809614181519,0.9014778733253479],"scale":1.305360317230225,"type":"wca_rock4"}
{"pos":[-93.9271240234375,-762.4692993164063,119.0389785766602],"rotationMatrix":[-0.9197909235954285,-0.3924087584018707,0,0.3924087584018707,-0.9197909235954285,0,0,0,1],"scale":1.495079755783081,"type":"wca_rock4"}
{"pos":[-253.6194458007813,-559.9542236328125,110.5089797973633],"rotationMatrix":[0.7035185694694519,0.5081297755241394,-0.4968559145927429,-0.5855156183242798,0.8106613159179688,0,0.4027819037437439,0.290916919708252,0.8678328990936279],"scale":1.108641386032104,"type":"wca_rock4"}
{"pos":[-271.7684631347656,-536.5021362304688,108.7615509033203],"rotationMatrix":[-0.8822224140167236,-0.4708331823348999,0,0.4708331823348999,-0.8822224140167236,0,0,0,1],"scale":1.19728410243988,"type":"wca_rock4"}
{"pos":[-299.2045593261719,-494.0149841308594,106.7407684326172],"rotationMatrix":[-0.9700812101364136,-0.2427807152271271,0,0.2427807152271271,-0.9700812101364136,0,0,0,1],"scale":1.401220560073853,"type":"wca_rock4"}
{"pos":[-304.4374694824219,-484.4279479980469,106.2787170410156],"rotationMatrix":[-0.9505590796470642,-0.3105430603027344,0,0.3105430603027344,-0.9505590796470642,0,0,0,1],"scale":1.52357292175293,"type":"wca_rock4"}
{"pos":[-313.3012390136719,-464.0947265625,107.5641174316406],"rotationMatrix":[-0.882654070854187,-0.4700230658054352,0,0.4700230658054352,-0.882654070854187,0,0,0,1],"scale":0.8971683979034424,"type":"wca_rock4"}
{"pos":[-318.9761657714844,-453.7206420898438,106.4568405151367],"rotationMatrix":[-0.993860125541687,-0.1106408685445786,0,0.1106408685445786,-0.993860125541687,0,0,0,1],"scale":1.407622098922729,"type":"wca_rock4"}
{"pos":[-360.3401184082031,-399.8450927734375,102.6069488525391],"rotationMatrix":[0.7077095508575439,-0.7065035104751587,0,0.7065035104751587,0.7077095508575439,0,0,0,1],"scale":1.040805339813232,"type":"wca_rock4"}
{"pos":[-353.5691833496094,-357.0161437988281,100.7558212280273],"rotationMatrix":[-0.2960364520549774,0.9551766514778137,0,-0.9551766514778137,-0.2960364520549774,0,0,0,1],"scale":1.022515654563904,"type":"wca_rock4"}
{"pos":[-351.5111999511719,-359.912109375,102.1681213378906],"rotationMatrix":[-0.8621068000793457,0.5067266225814819,0,-0.5067266225814819,-0.8621068000793457,0,0,0,1],"scale":1.250468730926514,"type":"wca_rock4"}
{"pos":[-393.1409912109375,-340.7504577636719,98.91986083984375],"rotationMatrix":[0.8318167328834534,0.5550503730773926,0,-0.5550503730773926,0.8318167328834534,0,0,0,1],"scale":1.533243656158447,"type":"wca_rock4"}
{"pos":[-498.8370666503906,-314.4425659179688,97.54364013671875],"rotationMatrix":[0.7990906238555908,-0.6012105941772461,0,0.6012105941772461,0.7990906238555908,0,0,0,1],"scale":1.223256945610046,"type":"wca_rock4"}
{"pos":[-558.3358154296875,-320.7705078125,101.05322265625],"rotationMatrix":[0.1862838417291641,0.9824959635734558,0,-0.9824959635734558,0.1862838417291641,0,0,0,1],"scale":0.9110745191574097,"type":"wca_rock4"}
{"pos":[-437.8886413574219,-627.77587890625,134.5349884033203],"rotationMatrix":[0.009346779435873032,0.9999563097953796,0,-0.9822812676429749,0.009181568399071693,0.1871868669986725,0.1871786713600159,-0.001749594346620142,0.9823242425918579],"scale":1.495634436607361,"type":"wca_rock4"}
{"pos":[-449.3434448242188,-625.9961547851563,135.8418731689453],"rotationMatrix":[0.6483736634254456,0.7613222599029541,0,-0.7613222599029541,0.6483736634254456,0,0,0,1],"scale":1.032461881637573,"type":"wca_rock4"}
{"pos":[-461.8128662109375,-625.992919921875,137.3279724121094],"rotationMatrix":[0.9985570311546326,0.05370208248496056,0,-0.05370208248496056,0.9985570311546326,0,0,0,1],"scale":1.33100426197052,"type":"wca_rock4"}
{"pos":[-488.7488403320313,-631.946044921875,144.0509185791016],"rotationMatrix":[-0.9339731931686401,0.3573431074619293,0,-0.3573431074619293,-0.9339731931686401,0,0,0,1],"scale":1.23438835144043,"type":"wca_rock4"}
{"pos":[-462.5411682128906,-644.5093383789063,148.1732788085938],"rotationMatrix":[0.3434808254241943,-0.9391596913337708,0,0.9391596913337708,0.3434808254241943,0,0,0,1],"scale":0.9407415390014648,"type":"wca_rock4"}
{"pos":[-475.42578125,-648.6495971679688,146.7239379882813],"rotationMatrix":[-0.9365906119346619,0.350425511598587,0,-0.350425511598587,-0.9365906119346619,0,0,0,1],"scale":1.042081713676453,"type":"wca_rock4"}
{"pos":[-459.9877624511719,-673.3585815429688,152.497802734375],"rotationMatrix":[-0.4852766394615173,0.8743606805801392,0,-0.8743606805801392,-0.4852766394615173,0,0,0,1],"scale":0.9949775338172913,"type":"wca_rock4"}
{"pos":[-470.9743041992188,-681.2576293945313,152.8090515136719],"rotationMatrix":[-0.1403348594903946,0.990104079246521,0,-0.990104079246521,-0.1403348594903946,0,0,0,1],"scale":1.293631315231323,"type":"wca_rock4"}
{"pos":[-322.9801330566406,-782.2678833007813,138.6687316894531],"rotationMatrix":[0.4039209187030792,-0.8299944996833801,-0.3846517205238342,0.8517691493034363,0.494600236415863,-0.172800749540329,0.3336725533008575,-0.2578367590904236,0.9067431688308716],"scale":1.459325551986694,"type":"wca_rock4"}
{"pos":[-322.3927612304688,-784.5890502929688,136.9341583251953],"rotationMatrix":[0.7044402956962585,-0.7097632884979248,0,0.7097632884979248,0.7044402956962585,0,0,0,1],"scale":1.110043048858643,"type":"wca_rock4"}
{"pos":[-788.4566040039063,-670.2061767578125,107.2227783203125],"rotationMatrix":[-0.5446847677230835,0.8386406898498535,0,-0.8386406898498535,-0.5446847677230835,0,0,0,1],"scale":1.183568000793457,"type":"wca_rock4"}
{"pos":[-634.0692138671875,-685.364990234375,181.5238647460938],"rotationMatrix":[0.06131621822714806,0.9475317597389221,0.3137244582176208,-0.9811490774154663,-0.0004930592840537429,0.1932508647441864,0.1832661777734756,-0.3196597695350647,0.9296401739120483],"scale":1.343892812728882,"type":"wca_rock4"}
{"pos":[-626.5789794921875,-665.2362060546875,184.4358367919922],"rotationMatrix":[-0.3613329827785492,0.9324368238449097,0,-0.9324368238449097,-0.3613329827785492,0,0,0,1],"scale":0.9334272146224976,"type":"wca_rock4"}
{"pos":[-381.4347534179688,-662.8821411132813,130.9129943847656],"rotationMatrix":[0.7642868757247925,-0.6448764204978943,0,0.6448764204978943,0.7642868757247925,0,0,0,1],"scale":1.285105228424072,"type":"wca_rock4"}
