{"pos":[-499.6730041503906,-742.4660034179688,140],"rotationMatrix":[0.6348294019699097,-0.7726523280143738,0,0.7726523280143738,0.6348294019699097,0,0,0,1],"scale":1.499799966812134,"type":"wca_rock7"}
{"pos":[-695.125,-283.3659973144531,103.3710021972656],"rotationMatrix":[0.1104888916015625,0.9938773512840271,0,-0.9938773512840271,0.1104888916015625,0,0,0,1],"scale":0.8507999777793884,"type":"wca_rock7"}
{"pos":[-771.2219848632813,-138.9029998779297,102.5260009765625],"rotationMatrix":[-0.2000104188919067,0.9797937870025635,0,-0.9797937870025635,-0.2000104188919067,0,0,0,1],"scale":1.27620005607605,"type":"wca_rock7"}
{"pos":[-807.1530151367188,-365.3999938964844,100.2249984741211],"rotationMatrix":[0.5523527860641479,-0.833610475063324,0,0.833610475063324,0.5523527860641479,0,0,0,1],"scale":0.9138000011444092,"type":"wca_rock7"}
{"pos":[-794.0029907226563,-323.2279968261719,99.89469909667969],"rotationMatrix":[0.1612284183502197,-0.9869171380996704,0,0.9869171380996704,0.1612284183502197,0,0,0,1],"scale":1.266899943351746,"type":"wca_rock7"}
{"pos":[-784.68701171875,-313.9030151367188,100.5670013427734],"rotationMatrix":[-0.8046199083328247,-0.5937901735305786,0,0.5937901735305786,-0.8046199083328247,0,0,0,1],"scale":1.257699966430664,"type":"wca_rock7"}
{"pos":[-827.9849853515625,-383.260009765625,99.78469848632813],"rotationMatrix":[0.8817075490951538,-0.4717963635921478,0,0.4717963635921478,0.8817075490951538,0,0,0,1],"scale":1.004899978637695,"type":"wca_rock7"}
{"pos":[-842.7410278320313,-391.3779907226563,99.06620025634766],"rotationMatrix":[0.4124720096588135,0.9109702706336975,0,-0.9109702706336975,0.4124720096588135,0,0,0,1],"scale":1.317499995231628,"type":"wca_rock7"}
{"pos":[-843.6699829101563,-388.5899963378906,99.26730346679688],"rotationMatrix":[-0.5519697666168213,-0.833864152431488,0,0.833864152431488,-0.5519697666168213,0,0,0,1],"scale":1.121999979019165,"type":"wca_rock7"}
{"pos":[-519.0079956054688,-660.0059814453125,161.7149963378906],"rotationMatrix":[0.2577507495880127,-0.9662114381790161,0,0.9662114381790161,0.2577507495880127,0,0,0,1],"scale":0.9451000094413757,"type":"wca_rock7"}
{"pos":[-517.8179931640625,-658.8939819335938,160.8990020751953],"rotationMatrix":[0.8300554752349854,0.5576808452606201,0,-0.5576808452606201,0.8300554752349854,0,0,0,1],"scale":1.194399952888489,"type":"wca_rock7"}
{"pos":[-515.6649780273438,-670.9099731445313,161.3260040283203],"rotationMatrix":[-0.3539996147155762,-0.9352455735206604,0,0.9352455735206604,-0.3539996147155762,0,0,0,1],"scale":1.089599967002869,"type":"wca_rock7"}
{"pos":[-534.6690063476563,-666.0759887695313,167.781005859375],"rotationMatrix":[0.9729020595550537,0.2312176078557968,0,-0.2312176078557968,0.9729020595550537,0,0,0,1],"scale":1.017600059509277,"type":"wca_rock7"}
{"pos":[-542.6279907226563,-668.3380126953125,168.4440002441406],"rotationMatrix":[-1,0,0,0,-1,0,0,0,1],"scale":0.9275000095367432,"type":"wca_rock7"}
{"pos":[-523.0399780273438,-650.6790161132813,162.7129974365234],"rotationMatrix":[0.1471819877624512,0.9891094565391541,0,-0.9891094565391541,0.1471819877624512,0,0,0,1],"scale":0.8446000218391418,"type":"wca_rock7"}
{"pos":[-572.9869995117188,-749.0390014648438,136.0010070800781],"rotationMatrix":[-0.3330179452896118,-0.9429205060005188,0,0.9429205060005188,-0.3330179452896118,0,0,0,1],"scale":1.204900026321411,"type":"wca_rock7"}
{"pos":[-567.6810302734375,-748.8729858398438,135.6730041503906],"rotationMatrix":[-0.5909712314605713,0.8066926598548889,0,-0.8066926598548889,-0.5909712314605713,0,0,0,1],"scale":1.490100026130676,"type":"wca_rock7"}
{"pos":[-592.0449829101563,-759.35498046875,134.3730010986328],"rotationMatrix":[-0.3991298675537109,0.9168943762779236,0,-0.9168943762779236,-0.3991298675537109,0,0,0,1],"scale":0.9379000067710876,"type":"wca_rock7"}
{"pos":[-712.0579833984375,-798.8109741210938,127.9339981079102],"rotationMatrix":[0.7037039995193481,0.710493266582489,0,-0.710493266582489,0.7037039995193481,0,0,0,1],"scale":1.425899982452393,"type":"wca_rock7"}
{"pos":[-795.7869873046875,-824.1300048828125,120.0749969482422],"rotationMatrix":[-0.2822409868240356,0.9593435525894165,0,-0.9593435525894165,-0.2822409868240356,0,0,0,1],"scale":1.073899984359741,"type":"wca_rock7"}
{"pos":[-14.8661003112793,481.3309936523438,74.39279937744141],"rotationMatrix":[-0.9948034286499023,-0.1018142327666283,0,0.1018142327666283,-0.9948034286499023,0,0,0,1],"scale":1.129899978637695,"type":"wca_rock7"}
{"pos":[-1.131500005722046,467.3729858398438,101.2919998168945],"rotationMatrix":[0.3392099142074585,0.940710723400116,0,-0.940710723400116,0.3392099142074585,0,0,0,1],"scale":1.499699950218201,"type":"wca_rock7"}
{"pos":[-38.41830062866211,464.885986328125,74.32649993896484],"rotationMatrix":[-0.9286479949951172,-0.3709621429443359,0,0.3709621429443359,-0.9286479949951172,0,0,0,1],"scale":1.528699994087219,"type":"wca_rock7"}
{"pos":[-98.65229797363281,438.7929992675781,79.58750152587891],"rotationMatrix":[0.9966543912887573,-0.08173141628503799,0,0.08173141628503799,0.9966543912887573,0,0,0,1],"scale":1.098099946975708,"type":"wca_rock7"}
{"pos":[-94.52179718017578,426.14599609375,84.78970336914063],"rotationMatrix":[0.7269394397735596,-0.6867015957832336,0,0.6867015957832336,0.7269394397735596,0,0,0,1],"scale":1.279899954795837,"type":"wca_rock7"}
{"pos":[-97.39179992675781,417.6849975585938,85.94239807128906],"rotationMatrix":[0.8635491132736206,-0.5042647123336792,0,0.5042647123336792,0.8635491132736206,0,0,0,1],"scale":0.9544000029563904,"type":"wca_rock7"}
{"pos":[-92.18319702148438,435.6390075683594,83.44249725341797],"rotationMatrix":[0.1211272478103638,0.9926369786262512,0,-0.9926369786262512,0.1211272478103638,0,0,0,1],"scale":1.249799966812134,"type":"wca_rock7"}
{"pos":[601.802978515625,-418.1679992675781,149.5980072021484],"rotationMatrix":[-0.9483379125595093,-0.3172620534896851,0,0.3172620534896851,-0.9483379125595093,0,0,0,1],"scale":0.9901999831199646,"type":"wca_rock7"}
{"pos":[845.6199951171875,-670.572021484375,171.0390014648438],"rotationMatrix":[-0.9908105134963989,-0.1352572590112686,0,0.1352572590112686,-0.9908105134963989,0,0,0,1],"scale":1.498600006103516,"type":"wca_rock7"}
{"pos":[834.4940185546875,-658.72998046875,171.5650024414063],"rotationMatrix":[0.5623263120651245,0.826915442943573,0,-0.826915442943573,0.5623263120651245,0,0,0,1],"scale":0.8776000142097473,"type":"wca_rock7"}
{"pos":[814.6170043945313,-665.3350219726563,174.7279968261719],"rotationMatrix":[0.255297064781189,-0.9421012997627258,0.2174133062362671,0.8416513204574585,0.1058715581893921,-0.529541552066803,0.47586390376091,0.3181765973567963,0.8199495077133179],"scale":0.8093000054359436,"type":"wca_rock7"}
{"pos":[817.8270263671875,-665.7760009765625,173.4709930419922],"rotationMatrix":[-0.9960020780563354,-0.08933006227016449,0,0.08933006227016449,-0.9960020780563354,0,0,0,1],"scale":0.9352999925613403,"type":"wca_rock7"}
{"pos":[913.8040161132813,-947.5599975585938,168.4010009765625],"rotationMatrix":[-0.3668656349182129,-0.9302739500999451,0,0.9302739500999451,-0.3668656349182129,0,0,0,1],"scale":1.354699969291687,"type":"wca_rock7"}
{"pos":[744.8900146484375,-534.3389892578125,174.5440063476563],"rotationMatrix":[-0.9274698495864868,-0.3738979399204254,0,0.3738979399204254,-0.9274698495864868,0,0,0,1],"scale":0.9435999989509583,"type":"wca_rock7"}
{"pos":[726.968994140625,-604.2139892578125,185.3070068359375],"rotationMatrix":[-0.5891878604888916,0.8079960942268372,0,-0.8079960942268372,-0.5891878604888916,0,0,0,1],"scale":1.416200041770935,"type":"wca_rock7"}
{"pos":[738.9310302734375,-651.6380004882813,192.2910003662109],"rotationMatrix":[0.4074749946594238,0.9132163524627686,0,-0.9132163524627686,0.4074749946594238,0,0,0,1],"scale":0.9524999856948853,"type":"wca_rock7"}
{"pos":[749.4149780273438,-687.1240234375,195.5890045166016],"rotationMatrix":[-0.8845170736312866,0.4665078222751617,0,-0.4665078222751617,-0.8845170736312866,0,0,0,1],"scale":0.9916999936103821,"type":"wca_rock7"}
{"pos":[744.4119873046875,-667.3720092773438,194.3789978027344],"rotationMatrix":[0.8989298343658447,-0.4380926191806793,0,0.4380926191806793,0.8989298343658447,0,0,0,1],"scale":0.8202999830245972,"type":"wca_rock7"}
{"pos":[689.5880126953125,-706.551025390625,198.0950012207031],"rotationMatrix":[-0.9286479949951172,-0.3709621429443359,0,0.3709621429443359,-0.9286479949951172,0,0,0,1],"scale":1.092000007629395,"type":"wca_rock7"}
{"pos":[711.844970703125,-708.1409912109375,197.4989929199219],"rotationMatrix":[0.880341649055481,0.4743401408195496,0,-0.4743401408195496,0.880341649055481,0,0,0,1],"scale":1.539899945259094,"type":"wca_rock7"}
{"pos":[695.5650024414063,-707.1129760742188,197.9709930419922],"rotationMatrix":[0.6289949417114258,0.7774093747138977,0,-0.7774093747138977,0.6289949417114258,0,0,0,1],"scale":1.188899993896484,"type":"wca_rock7"}
{"pos":[715.8309936523438,-708.239990234375,197.2799987792969],"rotationMatrix":[0.2234928607940674,-0.9747055768966675,0,0.9747055768966675,0.2234928607940674,0,0,0,1],"scale":1.177600026130676,"type":"wca_rock7"}
{"pos":[734.801025390625,-704.1749877929688,197.2830047607422],"rotationMatrix":[-0.005362033843994141,-0.9999856352806091,0,0.9999856352806091,-0.005362033843994141,0,0,0,1],"scale":1.209200024604797,"type":"wca_rock7"}
{"pos":[713.97900390625,-709.5819702148438,197.5260009765625],"rotationMatrix":[0.4221874475479126,0.9065085649490356,0,-0.9065085649490356,0.4221874475479126,0,0,0,1],"scale":0.8407999873161316,"type":"wca_rock7"}
{"pos":[680.8209838867188,-704.6680297851563,198.6150054931641],"rotationMatrix":[0.8728911876678467,0.4879149198532104,0,-0.4879149198532104,0.8728911876678467,0,0,0,1],"scale":1.27620005607605,"type":"wca_rock7"}
{"pos":[683.198974609375,-705.2839965820313,198.1230010986328],"rotationMatrix":[-0.288975715637207,-0.95733642578125,0,0.95733642578125,-0.288975715637207,0,0,0,1],"scale":1.585299968719482,"type":"wca_rock7"}
{"pos":[519.7559814453125,-605.8070068359375,182.8170013427734],"rotationMatrix":[0.9516395330429077,-0.3072168529033661,0,0.3072168529033661,0.9516395330429077,0,0,0,1],"scale":1.080999970436096,"type":"wca_rock7"}
{"pos":[531.197021484375,-593.343994140625,179.1620025634766],"rotationMatrix":[0.8360645771026611,0.5486310720443726,0,-0.5486310720443726,0.8360645771026611,0,0,0,1],"scale":1.217000007629395,"type":"wca_rock7"}
{"pos":[529.1530151367188,-611.031982421875,181.2519989013672],"rotationMatrix":[-0.623602032661438,-0.7817419767379761,0,0.7817419767379761,-0.623602032661438,0,0,0,1],"scale":0.9527000188827515,"type":"wca_rock7"}
{"pos":[502.7120056152344,-596.9669799804688,177.5379943847656],"rotationMatrix":[-0.7420978546142578,-0.670291543006897,0,0.670291543006897,-0.7420978546142578,0,0,0,1],"scale":1.476500034332275,"type":"wca_rock7"}
{"pos":[546.697998046875,-630.8679809570313,187.8249969482422],"rotationMatrix":[0.902318000793457,0.431071013212204,0,-0.431071013212204,0.902318000793457,0,0,0,1],"scale":0.9847999811172485,"type":"wca_rock7"}
{"pos":[539.135986328125,-626.52001953125,183.6840057373047],"rotationMatrix":[-0.8470420837402344,0.5315258502960205,0,-0.5315258502960205,-0.8470420837402344,0,0,0,1],"scale":1.527899980545044,"type":"wca_rock7"}
{"pos":[531.9840087890625,-643.0460205078125,185.7330017089844],"rotationMatrix":[0.9956755638122559,0.09289871901273727,0,-0.09289871901273727,0.9956755638122559,0,0,0,1],"scale":1.309900045394897,"type":"wca_rock7"}
{"pos":[527.2930297851563,-651.3159790039063,184.8650054931641],"rotationMatrix":[-0.2507292032241821,-0.9680572748184204,0,0.9680572748184204,-0.2507292032241821,0,0,0,1],"scale":1.16159999370575,"type":"wca_rock7"}
{"pos":[503.7109985351563,-693.7420043945313,189.9880065917969],"rotationMatrix":[0.3417365550994873,-0.9397957921028137,0,0.9397957921028137,0.3417365550994873,0,0,0,1],"scale":1.592000007629395,"type":"wca_rock7"}
{"pos":[598.7169799804688,-998.405029296875,153.4989929199219],"rotationMatrix":[-0.9059327840805054,-0.4234215319156647,0,0.4234215319156647,-0.9059327840805054,0,0,0,1],"scale":0.8913999795913696,"type":"wca_rock7"}
{"pos":[540.4099731445313,-887.0089721679688,153.4940032958984],"rotationMatrix":[-0.9223684072494507,0.3863114416599274,0,-0.3863114416599274,-0.9223684072494507,0,0,0,1],"scale":1.027999997138977,"type":"wca_rock7"}
{"pos":[387.5499877929688,-304.0750122070313,150.947998046875],"rotationMatrix":[-0.2077689170837402,-0.9781779646873474,0,0.9781779646873474,-0.2077689170837402,0,0,0,1],"scale":1.344799995422363,"type":"wca_rock7"}
{"pos":[391.9580078125,-312.7229919433594,150.5240020751953],"rotationMatrix":[-0.9032005071640015,0.4292188882827759,0,-0.4292188882827759,-0.9032005071640015,0,0,0,1],"scale":0.8266000151634216,"type":"wca_rock7"}
{"pos":[383.3519897460938,-302.3989868164063,150.8589935302734],"rotationMatrix":[0.6016325950622559,-0.798772931098938,0,0.798772931098938,0.6016325950622559,0,0,0,1],"scale":0.8184000253677368,"type":"wca_rock7"}
{"pos":[499.7409973144531,-610.3720092773438,177.5200042724609],"rotationMatrix":[-0.244795560836792,-0.9445512890815735,-0.2188560217618942,0.8876517415046692,-0.3091373443603516,0.3413334786891937,-0.3900635540485382,-0.1107110008597374,0.9141080379486084],"scale":1.312700033187866,"type":"wca_rock7"}
{"pos":[493.875,-703.5380249023438,190.6540069580078],"rotationMatrix":[-0.1217024326324463,-0.9925666451454163,0,0.9925666451454163,-0.1217024326324463,0,0,0,1],"scale":1.119400024414063,"type":"wca_rock7"}
{"pos":[481.2380065917969,-709.4580078125,187.4570007324219],"rotationMatrix":[0.2262320518493652,0.9740734100341797,0,-0.9740734100341797,0.2262320518493652,0,0,0,1],"scale":0.8069000244140625,"type":"wca_rock7"}
{"pos":[483.2749938964844,-709.3369750976563,188.4349975585938],"rotationMatrix":[-0.2650041580200195,-0.9642472863197327,0,0.9642472863197327,-0.2650041580200195,0,0,0,1],"scale":1.081799983978271,"type":"wca_rock7"}
{"pos":[455.5910034179688,-726.1110229492188,188.3809967041016],"rotationMatrix":[0.1851462125778198,-0.9827109575271606,0,0.9827109575271606,0.1851462125778198,0,0,0,1],"scale":0.8478999733924866,"type":"wca_rock7"}
{"pos":[467.0450134277344,-698.9639892578125,187.5090026855469],"rotationMatrix":[-0.9274698495864868,-0.3738979399204254,0,0.3738979399204254,-0.9274698495864868,0,0,0,1],"scale":1.29639995098114,"type":"wca_rock7"}
{"pos":[466.2630004882813,-701.6729736328125,187.7270050048828],"rotationMatrix":[0.09306490421295166,0.9956600666046143,0,-0.9956600666046143,0.09306490421295166,0,0,0,1],"scale":1.58870005607605,"type":"wca_rock7"}
{"pos":[460.4960021972656,-703.8740234375,188.0379943847656],"rotationMatrix":[0.4341647624969482,0.9008334875106812,0,-0.9008334875106812,0.4341647624969482,0,0,0,1],"scale":1.311100006103516,"type":"wca_rock7"}
{"pos":[409.2439880371094,-714.0260009765625,162.6920013427734],"rotationMatrix":[-0.7909674644470215,0.6118581891059875,0,-0.6118581891059875,-0.7909674644470215,0,0,0,1],"scale":0.8202000260353088,"type":"wca_rock7"}
{"pos":[422.5270080566406,-893.6749877929688,150.7559967041016],"rotationMatrix":[0.8628168106079102,-0.5055167078971863,0,0.5055167078971863,0.8628168106079102,0,0,0,1],"scale":0.9553999900817871,"type":"wca_rock7"}
{"pos":[415.5539855957031,-894.031982421875,149.2480010986328],"rotationMatrix":[-0.07956826686859131,0.9968293905258179,0,-0.9968293905258179,-0.07956826686859131,0,0,0,1],"scale":1.492900013923645,"type":"wca_rock7"}
{"pos":[475.7219848632813,-893.02001953125,150.7089996337891],"rotationMatrix":[-0.5956124067306519,0.8032719492912292,0,-0.8032719492912292,-0.5956124067306519,0,0,0,1],"scale":0.8159999847412109,"type":"wca_rock7"}
{"pos":[219.3580017089844,-734.8159790039063,143.22900390625],"rotationMatrix":[-0.06755268573760986,0.9977157115936279,0,-0.9977157115936279,-0.06755268573760986,0,0,0,1],"scale":0.8264999985694885,"type":"wca_rock7"}
{"pos":[229.6260070800781,-727.0230102539063,143.3560028076172],"rotationMatrix":[0.9825528860092163,-0.1859834045171738,0,0.1859834045171738,0.9825528860092163,0,0,0,1],"scale":0.9817000031471252,"type":"wca_rock7"}
{"pos":[205.0760040283203,-744.3410034179688,143.3139953613281],"rotationMatrix":[0.2967020273208618,-0.954970121383667,0,0.954970121383667,0.2967020273208618,0,0,0,1],"scale":1.233700037002563,"type":"wca_rock7"}
{"pos":[180.2920074462891,-801.0560302734375,142.9429931640625],"rotationMatrix":[0.20292067527771,0.9791951775550842,0,-0.9791951775550842,0.20292067527771,0,0,0,1],"scale":1.503499984741211,"type":"wca_rock7"}
{"pos":[596.322021484375,-1005.789978027344,159.9770050048828],"rotationMatrix":[-0.9960020780563354,-0.08933006227016449,0,0.08933006227016449,-0.9960020780563354,0,0,0,1],"scale":0.8561000227928162,"type":"wca_rock7"}
{"pos":[628.8419799804688,-1000.190002441406,156.8059997558594],"rotationMatrix":[0.2567756175994873,-0.9664710164070129,0,0.9664710164070129,0.2567756175994873,0,0,0,1],"scale":1.263100028038025,"type":"wca_rock7"}
{"pos":[1002.97998046875,256.3450012207031,153.5480041503906],"rotationMatrix":[0.9810653924942017,0.1936767846345901,0,-0.1936767846345901,0.9810653924942017,0,0,0,1],"scale":1.594799995422363,"type":"wca_rock7"}
{"pos":[1006.200012207031,255.6139984130859,153.8990020751953],"rotationMatrix":[-0.3154419660568237,-0.9489448666572571,0,0.9489448666572571,-0.3154419660568237,0,0,0,1],"scale":1.562600016593933,"type":"wca_rock7"}
{"pos":[1003.789978027344,38.87820053100586,152.0980072021484],"rotationMatrix":[-0.427374005317688,-0.9040749073028564,0,0.9040749073028564,-0.427374005317688,0,0,0,1],"scale":0.9185000061988831,"type":"wca_rock7"}
{"pos":[955.9879760742188,562.9229736328125,143.4409942626953],"rotationMatrix":[-0.4487425088882446,-0.8936610817909241,0,0.8936610817909241,-0.4487425088882446,0,0,0,1],"scale":1.143900036811829,"type":"wca_rock7"}
{"pos":[976.6430053710938,400.3909912109375,151.3970031738281],"rotationMatrix":[0.4294743537902832,0.9030790328979492,0,-0.9030790328979492,0.4294743537902832,0,0,0,1],"scale":0.9016000032424927,"type":"wca_rock7"}
{"pos":[965.3070068359375,427.4649963378906,149.3549957275391],"rotationMatrix":[0.6283055543899536,0.7779666781425476,0,-0.7779666781425476,0.6283055543899536,0,0,0,1],"scale":1.437199950218201,"type":"wca_rock7"}
{"pos":[972.531005859375,400.9230041503906,149.3769989013672],"rotationMatrix":[0.9787406921386719,-0.2051015794277191,0,0.2051015794277191,0.9787406921386719,0,0,0,1],"scale":1.579399943351746,"type":"wca_rock7"}
{"pos":[921.458984375,423.8280029296875,149.9539947509766],"rotationMatrix":[-0.6631231307983398,0.7485103011131287,0,-0.7485103011131287,-0.6631231307983398,0,0,0,1],"scale":1.456599950790405,"type":"wca_rock7"}
{"pos":[999.4639892578125,269.9389953613281,153.2539978027344],"rotationMatrix":[0.4271218776702881,-0.9041940569877625,0,0.9041940569877625,0.4271218776702881,0,0,0,1],"scale":0.8407999873161316,"type":"wca_rock7"}
{"pos":[965.3839721679688,7.508399963378906,150.3099975585938],"rotationMatrix":[-0.6950087547302246,0.719001293182373,0,-0.719001293182373,-0.6950087547302246,0,0,0,1],"scale":1.316699981689453,"type":"wca_rock7"}
{"pos":[997.6920166015625,2.33870005607605,150.9290008544922],"rotationMatrix":[-0.3712921142578125,-0.9063718318939209,-0.2015745788812637,0.7965098023414612,-0.4224809408187866,0.4325297176837921,-0.4771941602230072,3.873820969602093e-05,0.8787978887557983],"scale":1.051399946212769,"type":"wca_rock7"}
{"pos":[131.218994140625,589.7009887695313,84.36869812011719],"rotationMatrix":[-0.1364288330078125,0.9906498789787292,0,-0.9906498789787292,-0.1364288330078125,0,0,0,1],"scale":1.439000010490417,"type":"wca_rock7"}
{"pos":[116.6190032958984,582.1259765625,80.68569946289063],"rotationMatrix":[0.3248780965805054,-0.9457558989524841,0,0.9457558989524841,0.3248780965805054,0,0,0,1],"scale":1.539399981498718,"type":"wca_rock7"}
{"pos":[76.24359893798828,529.7030029296875,101.4980010986328],"rotationMatrix":[0.4997999668121338,0.8661408424377441,0,-0.8661408424377441,0.4997999668121338,0,0,0,1],"scale":0.8270999789237976,"type":"wca_rock7"}
{"pos":[44.85520172119141,537.219970703125,74.29350280761719],"rotationMatrix":[0.8631309270858765,-0.504980206489563,0,0.504980206489563,0.8631309270858765,0,0,0,1],"scale":1.563699960708618,"type":"wca_rock7"}
{"pos":[49.63370132446289,539.6829833984375,74.78890228271484],"rotationMatrix":[-0.8493491411209106,-0.5278314352035522,0,0.5278314352035522,-0.8493491411209106,0,0,0,1],"scale":1.346199989318848,"type":"wca_rock7"}
{"pos":[31.28380012512207,524.2410278320313,75.30680084228516],"rotationMatrix":[0.9998270273208618,0.01859880238771439,0,-0.01859880238771439,0.9998270273208618,0,0,0,1],"scale":0.9731000065803528,"type":"wca_rock7"}
{"pos":[5.133999824523926,503.3219909667969,74.42079925537109],"rotationMatrix":[0.8893618583679199,0.4572039842605591,0,-0.4572039842605591,0.8893618583679199,0,0,0,1],"scale":0.8503999710083008,"type":"wca_rock7"}
{"pos":[54.85160064697266,544.6599731445313,75.08809661865234],"rotationMatrix":[0.4076926708221436,-0.9131191968917847,0,0.9131191968917847,0.4076926708221436,0,0,0,1],"scale":0.9143000245094299,"type":"wca_rock7"}
{"pos":[855.1720581054688,-957.8396606445313,171.3992614746094],"rotationMatrix":[-0.7673214077949524,0.6412627100944519,0,-0.6412627100944519,-0.7673214077949524,0,0,0,1],"scale":0.8989918231964111,"type":"wca_rock7"}
{"pos":[856.5064697265625,-959.6121826171875,171.2516174316406],"rotationMatrix":[-0.9090453386306763,-0.4166972041130066,0,0.4166972041130066,-0.9090453386306763,0,0,0,1],"scale":0.9235624074935913,"type":"wca_rock7"}
{"pos":[845.8428344726563,-959.8307495117188,171.9000549316406],"rotationMatrix":[-0.3172018527984619,-0.9483580589294434,0,0.9483580589294434,-0.3172018527984619,0,0,0,1],"scale":1.557347178459167,"type":"wca_rock7"}
{"pos":[859.582763671875,-937.636474609375,172.3330993652344],"rotationMatrix":[0.2548626661300659,0.9669772386550903,0,-0.9669772386550903,0.2548626661300659,0,0,0,1],"scale":1.349384665489197,"type":"wca_rock7"}
{"pos":[871.1760864257813,-940.4909057617188,171.04736328125],"rotationMatrix":[0.8590842485427856,-0.5118342041969299,0,0.5118342041969299,0.8590842485427856,0,0,0,1],"scale":1.088848829269409,"type":"wca_rock7"}
{"pos":[856.0034790039063,-979.467529296875,170.3882904052734],"rotationMatrix":[0.4998302459716797,0.866123378276825,0,-0.866123378276825,0.4998302459716797,0,0,0,1],"scale":1.369283199310303,"type":"wca_rock7"}
{"pos":[893.1365966796875,-951.3671264648438,169.2347106933594],"rotationMatrix":[-0.4887936115264893,0.8723994493484497,0,-0.8723994493484497,-0.4887936115264893,0,0,0,1],"scale":0.865437388420105,"type":"wca_rock7"}
{"pos":[49.63370132446289,539.6829833984375,74.78890228271484],"rotationMatrix":[-0.8493491411209106,-0.5278314352035522,0,0.5278314352035522,-0.8493491411209106,0,0,0,1],"scale":1.346199989318848,"type":"wca_rock7"}
{"pos":[31.28380012512207,524.2410278320313,75.30680084228516],"rotationMatrix":[0.9998270273208618,0.01859880238771439,0,-0.01859880238771439,0.9998270273208618,0,0,0,1],"scale":0.9731000065803528,"type":"wca_rock7"}
{"pos":[5.133999824523926,503.3219909667969,74.42079925537109],"rotationMatrix":[0.8893618583679199,0.4572039842605591,0,-0.4572039842605591,0.8893618583679199,0,0,0,1],"scale":0.8503999710083008,"type":"wca_rock7"}
{"pos":[54.85160064697266,544.6599731445313,75.08809661865234],"rotationMatrix":[0.4076926708221436,-0.9131191968917847,0,0.9131191968917847,0.4076926708221436,0,0,0,1],"scale":0.9143000245094299,"type":"wca_rock7"}
{"pos":[855.1720581054688,-957.8396606445313,171.3992614746094],"rotationMatrix":[-0.7673214077949524,0.6412627100944519,0,-0.6412627100944519,-0.7673214077949524,0,0,0,1],"scale":0.8989918231964111,"type":"wca_rock7"}
{"pos":[856.5064697265625,-959.6121826171875,171.2516174316406],"rotationMatrix":[-0.9090453386306763,-0.4166972041130066,0,0.4166972041130066,-0.9090453386306763,0,0,0,1],"scale":0.9235624074935913,"type":"wca_rock7"}
{"pos":[845.8428344726563,-959.8307495117188,171.9000549316406],"rotationMatrix":[-0.3172018527984619,-0.9483580589294434,0,0.9483580589294434,-0.3172018527984619,0,0,0,1],"scale":1.557347178459167,"type":"wca_rock7"}
{"pos":[859.582763671875,-937.636474609375,172.3330993652344],"rotationMatrix":[0.2548626661300659,0.9669772386550903,0,-0.9669772386550903,0.2548626661300659,0,0,0,1],"scale":1.349384665489197,"type":"wca_rock7"}
{"pos":[871.1760864257813,-940.4909057617188,171.04736328125],"rotationMatrix":[0.8590842485427856,-0.5118342041969299,0,0.5118342041969299,0.8590842485427856,0,0,0,1],"scale":1.088848829269409,"type":"wca_rock7"}
{"pos":[856.0034790039063,-979.467529296875,170.3882904052734],"rotationMatrix":[0.4998302459716797,0.866123378276825,0,-0.866123378276825,0.4998302459716797,0,0,0,1],"scale":1.369283199310303,"type":"wca_rock7"}
{"pos":[893.1365966796875,-951.3671264648438,169.2347106933594],"rotationMatrix":[-0.4887936115264893,0.8723994493484497,0,-0.8723994493484497,-0.4887936115264893,0,0,0,1],"scale":0.865437388420105,"type":"wca_rock7"}
{"pos":[50.31100463867188,-979.2047119140625,126.9414138793945],"rotationMatrix":[-0.4707373082637787,-0.8822730183601379,0,0.8822730183601379,-0.4707373082637787,0,0,0,1],"scale":1.215503931045532,"type":"wca_rock7"}
{"pos":[90.73056030273438,-976.5370483398438,126.3703002929688],"rotationMatrix":[-0.7607428431510925,0.6490533947944641,0,-0.6490533947944641,-0.7607428431510925,0,0,0,1],"scale":1.169808030128479,"type":"wca_rock7"}
{"pos":[17.08030128479004,-982.7266845703125,129.6278228759766],"rotationMatrix":[-0.08541034907102585,0.9963458776473999,0,-0.9963458776473999,-0.08541034907102585,0,0,0,1],"scale":0.8235738277435303,"type":"wca_rock7"}
{"pos":[-21.42667388916016,-998.4439697265625,129.7155456542969],"rotationMatrix":[0.9999595880508423,0.008989514783024788,0,-0.008989514783024788,0.9999595880508423,0,0,0,1],"scale":0.9355661869049072,"type":"wca_rock7"}
{"pos":[-4.134152889251709,-984.9742431640625,130.9826354980469],"rotationMatrix":[0.7854322791099548,-0.5373506546020508,-0.3071650564670563,0.544328510761261,0.8359078168869019,-0.07045937329530716,0.2946231365203857,-0.111857645213604,0.9490442276000977],"scale":1.430331707000732,"type":"wca_rock7"}
{"pos":[-12.58597755432129,-988.8163452148438,129.3692169189453],"rotationMatrix":[-0.7095309495925903,-0.7046743035316467,0,0.7046743035316467,-0.7095309495925903,0,0,0,1],"scale":1.128908395767212,"type":"wca_rock7"}
{"pos":[-47.16778182983398,-997.6419067382813,131.4384765625],"rotationMatrix":[0.8984798192977905,0.4390148520469666,0,-0.4390148520469666,0.8984798192977905,0,0,0,1],"scale":1.45281982421875,"type":"wca_rock7"}
{"pos":[-4.249961853027344,-1001.650939941406,134.0708160400391],"rotationMatrix":[-0.5186391472816467,0.8549932241439819,0,-0.8549932241439819,-0.5186391472816467,0,0,0,1],"scale":1.368095993995667,"type":"wca_rock7"}
{"pos":[-24.06482887268066,-914.005859375,125.3201599121094],"rotationMatrix":[0.9352167844772339,0.3540755808353424,0,-0.3540755808353424,0.9352167844772339,0,0,0,1],"scale":0.8730440735816956,"type":"wca_rock7"}
{"pos":[-11.16552352905273,-927.6087646484375,125.5709075927734],"rotationMatrix":[-0.9855485558509827,-0.1693931072950363,0,0.1693931072950363,-0.9855485558509827,0,0,0,1],"scale":1.029961824417114,"type":"wca_rock7"}
{"pos":[-20.59855270385742,-971.540283203125,127.8837966918945],"rotationMatrix":[0.7034003138542175,-0.7107939124107361,0,0.7107939124107361,0.7034003138542175,0,0,0,1],"scale":1.296047925949097,"type":"wca_rock7"}
{"pos":[-51.75516128540039,-973.2879028320313,129.2970275878906],"rotationMatrix":[0.1219122856855392,0.7239840626716614,-0.6789580583572388,-0.9861168265342712,0.1660530418157578,0,0.1127430126070976,0.6695320606231689,0.7341769933700562],"scale":1.360193014144897,"type":"wca_rock7"}
{"pos":[179.0340881347656,-994.9780883789063,127.6792297363281],"rotationMatrix":[-0.5360270738601685,0.8442007899284363,0,-0.8442007899284363,-0.5360270738601685,0,0,0,1],"scale":1.29667329788208,"type":"wca_rock7"}
{"pos":[176.663818359375,-995.4949951171875,128.074462890625],"rotationMatrix":[0.7254752516746521,0.6882482767105103,0,-0.6882482767105103,0.7254752516746521,0,0,0,1],"scale":0.881450891494751,"type":"wca_rock7"}
{"pos":[178.6194152832031,-996.7068481445313,128.0557556152344],"rotationMatrix":[0.4631872177124023,-0.886260449886322,0,0.886260449886322,0.4631872177124023,0,0,0,1],"scale":1.48322319984436,"type":"wca_rock7"}
{"pos":[-223.8353118896484,-598.7650756835938,112.3235931396484],"rotationMatrix":[-0.9991874694824219,0.04030384123325348,0,-0.04030384123325348,-0.9991874694824219,0,0,0,1],"scale":1.536717414855957,"type":"wca_rock7"}
{"pos":[-175.5105743408203,-660.7513427734375,115.4532928466797],"rotationMatrix":[0.9939582347869873,0.1097588241100311,0,-0.1097588241100311,0.9939582347869873,0,0,0,1],"scale":0.8194920420646667,"type":"wca_rock7"}
{"pos":[47.38919830322266,-979.4425659179688,126.8043670654297],"rotationMatrix":[0.07764981687068939,0.7687122225761414,-0.634864866733551,-0.9949376583099365,0.1005015224218369,0,0.06380489468574524,0.6316509246826172,0.7726231217384338],"scale":1.291706204414368,"type":"wca_rock7"}
{"pos":[45.76313018798828,-979.479736328125,127.2998504638672],"rotationMatrix":[-0.9996351599693298,0.027010103687644,0,-0.027010103687644,-0.9996351599693298,0,0,0,1],"scale":0.8851396441459656,"type":"wca_rock7"}
{"pos":[60.48492431640625,-977.8963012695313,126.7376937866211],"rotationMatrix":[0.1158431246876717,0.6637325286865234,0.7389444708824158,-0.9681981205940247,-0.09063344448804855,0.2331912368535995,0.2217499166727066,-0.7424579262733459,0.632125198841095],"scale":1.395361423492432,"type":"wca_rock7"}
{"pos":[-257.423583984375,-909.2401123046875,134.2705230712891],"rotationMatrix":[0.9272263050079346,0.3745003938674927,0,-0.3745003938674927,0.9272263050079346,0,0,0,1],"scale":1.408422231674194,"type":"wca_rock7"}
{"pos":[-269.1334533691406,-901.6176147460938,134.2294311523438],"rotationMatrix":[0.614912211894989,0.752540111541748,0.2357242107391357,-0.7814383506774902,0.5412921905517578,0.3104127645492554,0.1060023233294487,-0.3750804960727692,0.9209113717079163],"scale":1.306488275527954,"type":"wca_rock7"}
{"pos":[-280.2877197265625,-894.8074340820313,134.5660552978516],"rotationMatrix":[-0.927221953868866,-0.3745123147964478,0,0.3745123147964478,-0.927221953868866,0,0,0,1],"scale":0.8963698148727417,"type":"wca_rock7"}
{"pos":[-221.7593841552734,-930.1996459960938,134.0738372802734],"rotationMatrix":[0.7958096265792847,0.6055468916893005,0,-0.6055468916893005,0.7958096265792847,0,0,0,1],"scale":1.061821818351746,"type":"wca_rock7"}
{"pos":[-212.5136413574219,-936.3587646484375,134.8295440673828],"rotationMatrix":[-0.8719736337661743,-0.4895527958869934,0,0.4895527958869934,-0.8719736337661743,0,0,0,1],"scale":1.021114587783813,"type":"wca_rock7"}
{"pos":[-172.6985168457031,-954.4789428710938,133.2971801757813],"rotationMatrix":[-0.8134052753448486,0.581697404384613,0,-0.581697404384613,-0.8134052753448486,0,0,0,1],"scale":0.8421237468719482,"type":"wca_rock7"}
{"pos":[-226.6956329345703,-927.8184814453125,134.2818756103516],"rotationMatrix":[0.6618400812149048,-0.7496450543403625,0,0.7496450543403625,0.6618400812149048,0,0,0,1],"scale":0.8334826827049255,"type":"wca_rock7"}
{"pos":[-404.7723388671875,-877.4364624023438,143.8924102783203],"rotationMatrix":[0.7764875888824463,0.6301325559616089,0,-0.6301325559616089,0.7764875888824463,0,0,0,1],"scale":1.357395768165588,"type":"wca_rock7"}
{"pos":[-373.4795227050781,-871.4794921875,136.5363311767578],"rotationMatrix":[-0.5466868877410889,0.8373370766639709,0,-0.8373370766639709,-0.5466868877410889,0,0,0,1],"scale":1.138206481933594,"type":"wca_rock7"}
{"pos":[-370.2266235351563,-867.3766479492188,136.3429260253906],"rotationMatrix":[-0.9655905365943909,0.2600670456886292,0,-0.2600670456886292,-0.9655905365943909,0,0,0,1],"scale":1.015947103500366,"type":"wca_rock7"}
{"pos":[-394.0917663574219,-910.2927856445313,139.0582427978516],"rotationMatrix":[0.9588801264762878,-0.2838114202022552,0,0.2838114202022552,0.9588801264762878,0,0,0,1],"scale":1.162212371826172,"type":"wca_rock7"}
{"pos":[-385.8036804199219,-939.2884521484375,141.4678497314453],"rotationMatrix":[0.3164592981338501,-0.9486060738563538,0,0.9486060738563538,0.3164592981338501,0,0,0,1],"scale":1.047989010810852,"type":"wca_rock7"}
{"pos":[-378.1413879394531,-914.528564453125,138.546875],"rotationMatrix":[-0.9635629653930664,0.2674821615219116,0,-0.2674821615219116,-0.9635629653930664,0,0,0,1],"scale":0.9374940395355225,"type":"wca_rock7"}
{"pos":[-380.8686828613281,-899.9205932617188,140.1279907226563],"rotationMatrix":[-0.3397549390792847,0.9405140280723572,0,-0.5376930832862854,-0.1942384392023087,-0.8204608559608459,-0.7716553807258606,-0.2787559032440186,0.5717012882232666],"scale":0.9525518417358398,"type":"wca_rock7"}
{"pos":[-390.5198974609375,-873.8521118164063,137.5422973632813],"rotationMatrix":[-0.7355226278305054,0.5088015198707581,-0.4473561346530914,-0.5689026713371277,-0.8224048018455505,0,-0.3679078817367554,0.254502147436142,0.8943557739257813],"scale":1.597119092941284,"type":"wca_rock7"}
{"pos":[-382.9437866210938,-863.7932739257813,137.0605163574219],"rotationMatrix":[0.4077688753604889,0.7940476536750793,0.4507908523082733,-0.9117562770843506,0.3274662792682648,0.2479241639375687,0.04924483597278595,-0.5121071338653564,0.8575085997581482],"scale":1.125334024429321,"type":"wca_rock7"}
{"pos":[-384.8157043457031,-827.2523193359375,138.4245910644531],"rotationMatrix":[0.2281665056943893,0.9736221432685852,0,-0.9736221432685852,0.2281665056943893,0,0,0,1],"scale":1.23468279838562,"type":"wca_rock7"}
{"pos":[-407.6601867675781,-801.8236083984375,141.1557006835938],"rotationMatrix":[0.7793059349060059,0.5601869821548462,-0.2808423638343811,-0.5836778879165649,0.8119852542877197,0,0.2280397117137909,0.1639214754104614,0.9597539901733398],"scale":1.204922318458557,"type":"wca_rock7"}
{"pos":[-274.7645263671875,-901.7581176757813,135.8767242431641],"rotationMatrix":[0.5456623435020447,-0.534723699092865,0.645230770111084,0.8297954201698303,0.2372606694698334,-0.505120575428009,0.1170119494199753,0.8110349178314209,0.5731756091117859],"scale":1.239662170410156,"type":"wca_rock7"}
{"pos":[-402.9972229003906,-765.3724365234375,143.9220123291016],"rotationMatrix":[-0.7577689290046692,0.6525230407714844,0,-0.6525230407714844,-0.7577689290046692,0,0,0,1],"scale":1.329311370849609,"type":"wca_rock7"}
{"pos":[-759.9314575195313,-848.3125610351563,125.2632675170898],"rotationMatrix":[0.6587378978729248,0.7523725032806396,0,-0.7523725032806396,0.6587378978729248,0,0,0,1],"scale":1.355441689491272,"type":"wca_rock7"}
{"pos":[-751.6356201171875,-847.0775756835938,125.6960372924805],"rotationMatrix":[0.1082555651664734,-0.9693109393119812,-0.2207183390855789,0.9888779520988464,0.1277738660573959,-0.076119564473629,0.1019855588674545,-0.2100231945514679,0.9723628759384155],"scale":1.424634456634521,"type":"wca_rock7"}
{"pos":[-745.8465576171875,-843.8732299804688,126.126106262207],"rotationMatrix":[0.2111393362283707,0.9774559736251831,0,-0.9774559736251831,0.2111393362283707,0,0,0,1],"scale":1.139562845230103,"type":"wca_rock7"}
{"pos":[-741.8826904296875,-843.4964599609375,127.009880065918],"rotationMatrix":[-0.282364696264267,0.9593071341514587,0,-0.9593071341514587,-0.282364696264267,0,0,0,1],"scale":0.8645508289337158,"type":"wca_rock7"}
{"pos":[-804.6605834960938,-846.5078735351563,121.0480346679688],"rotationMatrix":[-0.4150622487068176,-0.9097930192947388,0,0.9097930192947388,-0.4150622487068176,0,0,0,1],"scale":1.110158205032349,"type":"wca_rock7"}
{"pos":[-810.4786376953125,-844.9393920898438,120.2074203491211],"rotationMatrix":[0.8042681813240051,0.5942664742469788,0,-0.5942664742469788,0.8042681813240051,0,0,0,1],"scale":1.490620136260986,"type":"wca_rock7"}
{"pos":[-865.49755859375,-788.9786376953125,114.2347793579102],"rotationMatrix":[0.06517907977104187,-0.9978736042976379,0,0.9978736042976379,0.06517907977104187,0,0,0,1],"scale":1.17985463142395,"type":"wca_rock7"}
{"pos":[-871.8021240234375,-904.1329345703125,129.8670654296875],"rotationMatrix":[-0.7698550224304199,0.6382188200950623,0,-0.6382188200950623,-0.7698550224304199,0,0,0,1],"scale":1.11668586730957,"type":"wca_rock7"}
{"pos":[-956.4439086914063,-966.3989868164063,136.393310546875],"rotationMatrix":[0.7041800618171692,0.5411196947097778,-0.4596955478191376,-0.661828339099884,0.7347037196159363,-0.1489757001399994,0.2571263611316681,0.409145176410675,0.8754922151565552],"scale":0.9588728547096252,"type":"wca_rock7"}
{"pos":[-931.3523559570313,-985.3810424804688,139.0781860351563],"rotationMatrix":[-0.7140409350395203,0.7001039385795593,0,-0.7001039385795593,-0.7140409350395203,0,0,0,1],"scale":1.178009033203125,"type":"wca_rock7"}
{"pos":[-900.4786376953125,-961.2312622070313,140.9618072509766],"rotationMatrix":[0.8759469389915466,0.4824075102806091,0,-0.4824075102806091,0.8759469389915466,0,0,0,1],"scale":1.562348127365112,"type":"wca_rock7"}
{"pos":[-876.172119140625,-974.5549926757813,145.4685668945313],"rotationMatrix":[0.9918267726898193,-0.1275919526815414,0,0.1275919526815414,0.9918267726898193,0,0,0,1],"scale":1.133776903152466,"type":"wca_rock7"}
{"pos":[-875.056396484375,-975.6943969726563,146.9379577636719],"rotationMatrix":[0.03965430334210396,-0.9992134571075439,0,0.9992134571075439,0.03965430334210396,0,0,0,1],"scale":0.9324487447738647,"type":"wca_rock7"}
{"pos":[-834.4179077148438,-937.3119506835938,151.8565368652344],"rotationMatrix":[-0.6253708600997925,0.7803276777267456,0,-0.7803276777267456,-0.6253708600997925,0,0,0,1],"scale":0.8259246349334717,"type":"wca_rock7"}
{"pos":[-793.2748413085938,-929.3223876953125,158.5495758056641],"rotationMatrix":[-0.5212276577949524,0.853417694568634,0,-0.853417694568634,-0.5212276577949524,0,0,0,1],"scale":1.010103821754456,"type":"wca_rock7"}
{"pos":[-715.5327758789063,-926.264892578125,163.9728088378906],"rotationMatrix":[0.6684278249740601,0.7437767386436462,0,-0.7437767386436462,0.6684278249740601,0,0,0,1],"scale":1.566859245300293,"type":"wca_rock7"}
{"pos":[-689.412841796875,-939.4495849609375,164.8063812255859],"rotationMatrix":[-0.8092275857925415,-0.5874953269958496,0,0.5874953269958496,-0.8092275857925415,0,0,0,1],"scale":1.263971447944641,"type":"wca_rock7"}
{"pos":[-633.2374267578125,-752.7147827148438,134.2512359619141],"rotationMatrix":[0.3185519874095917,-0.9479060769081116,0,0.9479060769081116,0.3185519874095917,0,0,0,1],"scale":1.239339113235474,"type":"wca_rock7"}
{"pos":[-630.7806396484375,-751.6670532226563,134.3264007568359],"rotationMatrix":[-0.135419175028801,-0.9907884001731873,0,0.9907884001731873,-0.135419175028801,0,0,0,1],"scale":1.187625288963318,"type":"wca_rock7"}
{"pos":[-326.8285827636719,-790.3427734375,136.8768463134766],"rotationMatrix":[0.6418582797050476,-0.7668232917785645,0,0.7668232917785645,0.6418582797050476,0,0,0,1],"scale":1.167362213134766,"type":"wca_rock7"}
{"pos":[-439.9573364257813,-740.4246215820313,142.1891174316406],"rotationMatrix":[0.7277469635009766,0.6094987988471985,-0.3144772350788116,-0.6420742869377136,0.766642153263092,0,0.2410915493965149,0.2019177675247192,0.9492651224136353],"scale":1.496816396713257,"type":"wca_rock7"}
{"pos":[-487.2889404296875,-721.8755493164063,141.8870239257813],"rotationMatrix":[-0.5670527815818787,-0.8236814737319946,0,0.8236814737319946,-0.5670527815818787,0,0,0,1],"scale":1.191641330718994,"type":"wca_rock7"}
{"pos":[-569.0870971679688,-724.8225708007813,138.4612426757813],"rotationMatrix":[0.1478942483663559,-0.9890031814575195,0,0.9890031814575195,0.1478942483663559,0,0,0,1],"scale":0.8063865303993225,"type":"wca_rock7"}
