{"pos":[19.84242248535156,-680.0298461914063,132.5928192138672],"rotationMatrix":[-0.8249610662460327,-0.5650747418403625,0.01138893980532885,0.5651116967201233,-0.8250144720077515,2.740859054028988e-05,0.009380551986396313,0.006458633579313755,0.9999351501464844],"scale":0.9999999403953552,"type":"barrierfence_plain"}
{"pos":[17.45841979980469,-681.67138671875,132.6259307861328],"rotationMatrix":[-0.8249366283416748,-0.5651080012321472,0.01150235161185265,0.5651456713676453,-0.8249911069869995,2.759345807135105e-05,0.009473744779825211,0.006523267365992069,0.9999338388442993],"scale":1,"type":"barrierfence_plain"}
{"pos":[15.07438659667969,-683.3129272460938,132.6595001220703],"rotationMatrix":[-0.8249104022979736,-0.5651417970657349,0.01172258239239454,0.5651808977127075,-0.8249669075012207,2.807797864079475e-05,0.009654874913394451,0.006648541893810034,0.999931275844574],"scale":0.9999999403953552,"type":"barrierfence_plain"}
{"pos":[12.69050598144531,-684.9547119140625,132.6938781738281],"rotationMatrix":[-0.8248752355575562,-0.5651863813400269,0.01205073948949575,0.565227746963501,-0.8249349594116211,2.881931141018867e-05,0.009924787096679211,0.006835184060037136,0.9999274015426636],"scale":0.9999999403953552,"type":"barrierfence_plain"}
{"pos":[10.30673217773438,-686.5965576171875,132.7293395996094],"rotationMatrix":[-0.8248296976089478,-0.5652434229850769,0.01248091086745262,0.5652877688407898,-0.8248937129974365,2.982839941978455e-05,0.01027856580913067,0.007079909089952707,0.9999220967292786],"scale":1,"type":"barrierfence_plain"}
{"pos":[7.923095703125,-688.2385864257813,132.7661895751953],"rotationMatrix":[-0.8247787952423096,-0.5653058886528015,0.01300819497555494,0.56535404920578,-0.8248484134674072,3.126543015241623e-05,0.01071211416274309,0.007380022667348385,0.9999153614044189],"scale":0.9999998807907104,"type":"barrierfence_plain"}
{"pos":[5.539627075195313,-689.8807373046875,132.8046569824219],"rotationMatrix":[-0.824723482131958,-0.5653720498085022,0.01362636964768171,0.5654248595237732,-0.8247998952865601,3.270595334470272e-05,0.01122053619474173,0.007731661200523376,0.9999071359634399],"scale":1,"type":"barrierfence_plain"}
{"pos":[3.156326293945313,-691.523193359375,132.8450622558594],"rotationMatrix":[-0.8246598243713379,-0.5654476881027222,0.01432957872748375,0.5655061006546021,-0.8247442245483398,3.445008769631386e-05,0.01179875619709492,0.008131874725222588,0.999897301197052],"scale":0.9999999403953552,"type":"barrierfence_plain"}
{"pos":[0.7732391357421875,-693.1658935546875,132.8875885009766],"rotationMatrix":[-0.8245929479598999,-0.5655244588851929,0.01511144079267979,0.5655895471572876,-0.8246868848800659,3.641797229647636e-05,0.012441610917449,0.008576903492212296,0.9998857975006104],"scale":0.9999999403953552,"type":"barrierfence_plain"}
{"pos":[-1.609756469726563,-694.80859375,132.9325256347656],"rotationMatrix":[-0.8245214223861694,-0.5656052231788635,0.01596718095242977,0.5656778216362,-0.8246262073516846,3.831600770354271e-05,0.01314528565853834,0.009063873440027237,0.9998725056648254],"scale":0.9999999403953552,"type":"barrierfence_plain"}
{"pos":[-3.992431640625,-696.4517822265625,132.9800720214844],"rotationMatrix":[-0.8244402408599854,-0.5656971335411072,0.0168891679495573,0.5657784342765808,-0.8245574235916138,4.062289372086525e-05,0.01390310749411583,0.009589018300175667,0.9998573660850525],"scale":1,"type":"barrierfence_plain"}
{"pos":[-6.3748779296875,-698.0951538085938,133.0303497314453],"rotationMatrix":[-0.8243581056594849,-0.5657863616943359,0.01787078380584717,0.5658773183822632,-0.8244893550872803,4.285154864192009e-05,0.01471002772450447,0.01014799624681473,0.9998403191566467],"scale":1,"type":"barrierfence_plain"}
{"pos":[-8.757095336914063,-699.7388916015625,133.0835266113281],"rotationMatrix":[-0.8242713212966919,-0.5658795237541199,0.01890506036579609,0.5659813284873962,-0.8244181871414185,4.542339593172073e-05,0.01555996853858232,0.01073735393583775,0.9998213052749634],"scale":1,"type":"barrierfence_plain"}
{"pos":[-11.13909912109375,-701.3827514648438,133.1397857666016],"rotationMatrix":[-0.8241763114929199,-0.5659804344177246,0.01998637989163399,0.5660942792892456,-0.8243404626846313,4.800222814083099e-05,0.01644841209053993,0.01135373767465353,0.9998002648353577],"scale":0.9999999403953552,"type":"barrierfence_plain"}
{"pos":[-13.52073669433594,-703.0269775390625,133.1991882324219],"rotationMatrix":[-0.8240814208984375,-0.5660780072212219,0.02110872976481915,0.5662050843238831,-0.8242644071578979,5.070678889751434e-05,0.01737047173082829,0.01199365500360727,0.9997771978378296],"scale":0.9999998807907104,"type":"barrierfence_plain"}
{"pos":[-15.90216064453125,-704.6714477539063,133.2619018554688],"rotationMatrix":[-0.8239823579788208,-0.5661779046058655,0.02226642332971096,0.5663192868232727,-0.8241859674453735,5.332008004188538e-05,0.01832148618996143,0.0126538397744298,0.9997520446777344],"scale":0.9999999403953552,"type":"barrierfence_plain"}
{"pos":[-18.28327941894531,-706.316162109375,133.3279724121094],"rotationMatrix":[-0.8238786458969116,-0.5662806034088135,0.02345449104905128,0.5664374828338623,-0.8241046667098999,5.608052015304565e-05,0.01929719746112823,0.0133317057043314,0.9997249245643616],"scale":0.9999998807907104,"type":"barrierfence_plain"}
{"pos":[-13.22454833984375,-138.9932556152344,127.0634918212891],"rotationMatrix":[0.9475248456001282,-0.3186798095703125,-0.02529577910900116,0.3187803626060486,0.9478285908699036,-6.062444299459457e-05,0.02399538457393646,-0.008006354793906212,0.9996799826622009],"scale":0.9999999403953552,"type":"barrierfence_plain"}
{"pos":[-10.49722290039063,-139.9029846191406,126.9902496337891],"rotationMatrix":[0.9475641846656799,-0.3185353875160217,-0.02563940174877644,0.3186386227607727,0.9478762745857239,-6.151571869850159e-05,0.02432257495820522,-0.008111413568258286,0.9996712803840637],"scale":1,"type":"barrierfence_plain"}
{"pos":[-7.769683837890625,-140.8123474121094,126.9159851074219],"rotationMatrix":[0.9475991129875183,-0.3184012770652771,-0.0260110292583704,0.3185074925422668,0.9479203224182129,-6.228918209671974e-05,0.02467621676623821,-0.008225683122873306,0.9996616244316101],"scale":0.9999999403953552,"type":"barrierfence_plain"}
{"pos":[-5.04217529296875,-141.7213897705078,126.8406143188477],"rotationMatrix":[0.9476305842399597,-0.318274587392807,-0.02641106769442558,0.3183840811252594,0.9479618072509766,-6.327079609036446e-05,0.02505682036280632,-0.00834890641272068,0.9996511936187744],"scale":0.9999998807907104,"type":"barrierfence_plain"}
{"pos":[-2.31451416015625,-142.6300201416016,126.7640686035156],"rotationMatrix":[0.947658360004425,-0.3181561529636383,-0.02683870121836662,0.3182691633701324,0.9480003714561462,-6.446568295359612e-05,0.02546361088752747,-0.008480839431285858,0.9996397495269775],"scale":0.9999999403953552,"type":"barrierfence_plain"}
{"pos":[0.413177490234375,-143.538330078125,126.6862640380859],"rotationMatrix":[0.9476823210716248,-0.3180460929870605,-0.02729298360645771,0.3181629180908203,0.9480360746383667,-6.546825170516968e-05,0.02589555270969868,-0.008621571585536003,0.9996274709701538],"scale":0.9999998807907104,"type":"barrierfence_plain"}
{"pos":[3.140960693359375,-144.4463500976563,126.6071014404297],"rotationMatrix":[0.9477028250694275,-0.3179433345794678,-0.02777412906289101,0.318064272403717,0.948069155216217,-6.646569818258286e-05,0.02635292708873749,-0.00877096876502037,0.9996142387390137],"scale":0.9999999403953552,"type":"barrierfence_plain"}
{"pos":[5.868804931640625,-145.3540649414063,126.5265045166016],"rotationMatrix":[0.9477205276489258,-0.3178457021713257,-0.02828243374824524,0.3179711103439331,0.9481003880500793,-6.773369386792183e-05,0.02683611586689949,-0.008928803727030754,0.9995999932289124],"scale":1,"type":"barrierfence_plain"}
{"pos":[8.596710205078125,-146.2615509033203,126.4444274902344],"rotationMatrix":[0.9477356672286987,-0.3177525103092194,-0.02881842851638794,0.317882627248764,0.9481300711631775,-6.908969953656197e-05,0.02734557166695595,-0.009095398709177971,0.9995846748352051],"scale":0.9999999403953552,"type":"barrierfence_plain"}
{"pos":[11.32461547851563,-147.1687316894531,126.3607559204102],"rotationMatrix":[0.9477485418319702,-0.3176623284816742,-0.02938289754092693,0.3177975714206696,0.9481585621833801,-7.047876715660095e-05,0.02788203395903111,-0.009271017275750637,0.9995682239532471],"scale":0.9999999403953552,"type":"barrierfence_plain"}
{"pos":[14.0526123046875,-148.0756683349609,126.2754287719727],"rotationMatrix":[0.947760283946991,-0.3175717294216156,-0.02997659705579281,0.3177124559879303,0.9481871128082275,-7.188227027654648e-05,0.02844625152647495,-0.00945581216365099,0.9995505809783936],"scale":0.9999999403953552,"type":"barrierfence_plain"}
{"pos":[16.780517578125,-148.9823913574219,126.1883392333984],"rotationMatrix":[0.9477690458297729,-0.3174859583377838,-0.03060185723006725,0.3176325857639313,0.9482138752937317,-7.34659843146801e-05,0.02904042787849903,-0.009650519117712975,0.999531626701355],"scale":0.9999999403953552,"type":"barrierfence_plain"}
{"pos":[19.508544921875,-149.8887939453125,126.0994110107422],"rotationMatrix":[0.9477752447128296,-0.3174033463001251,-0.03125965967774391,0.3175562918186188,0.9482393860816956,-7.501477375626564e-05,0.02966544963419437,-0.009855605661869049,0.9995113015174866],"scale":0.9999999403953552,"type":"barrierfence_plain"}
{"pos":[22.236572265625,-150.7949981689453,126.0085525512695],"rotationMatrix":[0.9477795362472534,-0.3173215985298157,-0.03195250779390335,0.3174813985824585,0.948264479637146,-7.666274905204773e-05,0.03032375499606133,-0.01007166691124439,0.9994893670082092],"scale":0.9999999403953552,"type":"barrierfence_plain"}
{"pos":[24.96456909179688,-151.7009887695313,125.9156494140625],"rotationMatrix":[0.9477811455726624,-0.3172424733638763,-0.0326828695833683,0.3174096047878265,0.9482885599136353,-7.835961878299713e-05,0.03101764991879463,-0.01029958855360746,0.9994657635688782],"scale":0.9999998807907104,"type":"barrierfence_plain"}
{"pos":[27.69265747070313,-152.606689453125,125.8205947875977],"rotationMatrix":[0.9477813839912415,-0.3171614110469818,-0.03345284983515739,0.3173364698886871,0.9483129978179932,-8.020410314202309e-05,0.03174920752644539,-0.01053979247808456,0.9994403123855591],"scale":1,"type":"barrierfence_plain"}
{"pos":[30.420654296875,-153.51220703125,125.7232818603516],"rotationMatrix":[0.9477803707122803,-0.31707763671875,-0.03426560759544373,0.317261278629303,0.9483381509780884,-8.231820538640022e-05,0.03252148628234863,-0.01079313084483147,0.9994127750396729],"scale":0.9999999403953552,"type":"barrierfence_plain"}
{"pos":[33.14871215820313,-154.4174652099609,125.6235580444336],"rotationMatrix":[0.9477754831314087,-0.3169981241226196,-0.03512543439865112,0.3171910643577576,0.9483616352081299,-8.424045518040657e-05,0.03333831578493118,-0.01106163114309311,0.9993829131126404],"scale":0.9999998807907104,"type":"barrierfence_plain"}
{"pos":[-57.94071960449219,-170.7016296386719,125.4878540039063],"rotationMatrix":[0.811059832572937,0.5842788815498352,0.02828601561486721,-0.584514319896698,0.8113833665847778,6.80088996887207e-05,-0.0229110661894083,-0.01658874005079269,0.9995998740196228],"scale":1,"type":"barrierfence_plain"}
{"pos":[-55.6123046875,-169.0154724121094,125.5698699951172],"rotationMatrix":[0.8109604120254517,0.5843952298164368,0.02872895076870918,-0.5846381783485413,0.8112941384315491,6.903242319822311e-05,-0.02326728776097298,-0.01685202494263649,0.9995872378349304],"scale":0.9999999403953552,"type":"barrierfence_plain"}
{"pos":[-53.2841796875,-167.3290252685547,125.6530532836914],"rotationMatrix":[0.8108691573143005,0.5845036506652832,0.02909719944000244,-0.5847529172897339,0.8112114667892456,6.978306919336319e-05,-0.0235631912946701,-0.01707125827670097,0.9995765686035156],"scale":1,"type":"barrierfence_plain"}
{"pos":[-50.95628356933594,-165.6422729492188,125.737174987793],"rotationMatrix":[0.8107891082763672,0.5845995545387268,0.02939912676811218,-0.5848540663719177,0.8111385107040405,7.05178827047348e-05,-0.02380554005503654,-0.01725137606263161,0.9995677471160889],"scale":0.9999999403953552,"type":"barrierfence_plain"}
{"pos":[-48.62858581542969,-163.9552154541016,125.8220901489258],"rotationMatrix":[0.8107128739356995,0.5846930146217346,0.02964233607053757,-0.5849518179893494,0.811068058013916,7.113534957170486e-05,-0.02400036156177521,-0.01739700883626938,0.9995605945587158],"scale":1.00000011920929,"type":"barrierfence_plain"}
{"pos":[-46.30111694335938,-162.2679443359375,125.9076232910156],"rotationMatrix":[0.8106426000595093,0.584780752658844,0.02983423508703709,-0.5850428938865662,0.8110023736953735,7.170997560024261e-05,-0.02415370009839535,-0.01751243695616722,0.9995548725128174],"scale":1,"type":"barrierfence_plain"}
{"pos":[-43.97386169433594,-160.5803680419922,125.99365234375],"rotationMatrix":[0.8105771541595459,0.5848639607429504,0.0299794003367424,-0.5851287245750427,0.8109404444694519,7.201824337244034e-05,-0.02426938712596893,-0.01760018244385719,0.9995505213737488],"scale":1,"type":"barrierfence_plain"}
{"pos":[-41.64677429199219,-158.8926086425781,126.0800323486328],"rotationMatrix":[0.8105180263519287,0.5849406719207764,0.03008211776614189,-0.5852072238922119,0.8108837604522705,7.230322808027267e-05,-0.02435080707073212,-0.01766287535429001,0.9995474219322205],"scale":0.9999999403953552,"type":"barrierfence_plain"}
{"pos":[-39.31983947753906,-157.2046051025391,126.1666488647461],"rotationMatrix":[0.8104600310325623,0.5850178003311157,0.03014595061540604,-0.5852855443954468,0.8108272552490234,7.232092320919037e-05,-0.02440084889531136,-0.01770260185003281,0.9995455145835876],"scale":0.9999999403953552,"type":"barrierfence_plain"}
{"pos":[-36.99307250976563,-155.5164031982422,126.2533950805664],"rotationMatrix":[0.8104051947593689,0.5850922465324402,0.03017336130142212,-0.585360586643219,0.8107730746269226,7.239356637001038e-05,-0.02442139387130737,-0.01772096380591393,0.9995446801185608],"scale":0.9999999403953552,"type":"barrierfence_plain"}
{"pos":[-34.66645812988281,-153.8279876708984,126.3401794433594],"rotationMatrix":[0.8103561401367188,0.5851606130599976,0.03016589023172855,-0.5854288339614868,0.8107238411903381,7.237959653139114e-05,-0.02441385202109814,-0.01771863549947739,0.9995449185371399],"scale":0.9999998807907104,"type":"barrierfence_plain"}
{"pos":[-32.33998107910156,-152.1394195556641,126.426887512207],"rotationMatrix":[0.8103055357933044,0.5852327942848206,0.03012548014521599,-0.5855002999305725,0.8106721639633179,7.22929835319519e-05,-0.02437958121299744,-0.01769705675542355,0.9995461106300354],"scale":1,"type":"barrierfence_plain"}
{"pos":[-30.01365661621094,-150.4505615234375,126.5134429931641],"rotationMatrix":[0.8102614879608154,0.5852974653244019,0.0300525426864624,-0.5855636596679688,0.8106263875961304,7.207877933979034e-05,-0.02431919798254967,-0.01765608042478561,0.9995483160018921],"scale":0.9999999403953552,"type":"barrierfence_plain"}
{"pos":[-27.68745422363281,-148.7615966796875,126.5997467041016],"rotationMatrix":[0.8102176189422607,0.5853636264801025,0.02994818054139614,-0.5856280326843262,0.8105798959732056,7.181242108345032e-05,-0.02423335798084736,-0.01759667694568634,0.9995514750480652],"scale":0.9999999403953552,"type":"barrierfence_plain"}
{"pos":[-25.36140441894531,-147.0724182128906,126.6856842041016],"rotationMatrix":[0.8101727366447449,0.5854326486587524,0.02981247939169407,-0.5856946706771851,0.8105317354202271,7.171835750341415e-05,-0.02412197552621365,-0.01751911640167236,0.9995555281639099],"scale":1.00000011920929,"type":"barrierfence_plain"}
{"pos":[-23.03541564941406,-145.3830108642578,126.7712097167969],"rotationMatrix":[0.8101340532302856,0.5854946374893188,0.02964496426284313,-0.5857537984848022,0.8104890584945679,7.107015699148178e-05,-0.02398530952632427,-0.01742222532629967,0.9995604753494263],"scale":1.00000011920929,"type":"barrierfence_plain"}
{"pos":[-20.70960998535156,-143.6934509277344,126.856201171875],"rotationMatrix":[0.8100950121879578,0.5855587124824524,0.02944523654878139,-0.5858144164085388,0.8104451894760132,7.056165486574173e-05,-0.02382243238389492,-0.0173066072165966,0.999566376209259],"scale":0.9999999403953552,"type":"barrierfence_plain"}
{"pos":[-18.38386535644531,-142.0037078857422,126.9405822753906],"rotationMatrix":[0.8100581169128418,0.5856214761734009,0.02921236120164394,-0.5858731269836426,0.8104027509689331,7.006153464317322e-05,-0.02363274805247784,-0.01717149280011654,0.9995732307434082],"scale":1,"type":"barrierfence_plain"}
{"pos":[14.55125427246094,-220.2406616210938,124.0341033935547],"rotationMatrix":[-0.8418982028961182,0.5395224094390869,0.01108241640031338,-0.5395553112030029,-0.8419500589370728,2.664024941623211e-05,0.009345214813947678,-0.005957148037850857,0.9999386072158813],"scale":1.00000011920929,"type":"barrierfence_plain"}
{"pos":[12.10688781738281,-218.6826629638672,124.067741394043],"rotationMatrix":[-0.8419479131698608,0.5394272208213806,0.01190764829516411,-0.5394651293754578,-0.8420078754425049,2.852361649274826e-05,0.01004172116518021,-0.006399746518582106,0.9999291300773621],"scale":0.9999999403953552,"type":"barrierfence_plain"}
{"pos":[9.662429809570313,-217.1248931884766,124.1030960083008],"rotationMatrix":[-0.8419792652130127,0.5393670201301575,0.01241158321499825,-0.539408266544342,-0.8420443534851074,2.977903932332993e-05,0.0104671660810709,-0.006669837981462479,0.9999229907989502],"scale":1,"type":"barrierfence_plain"}
{"pos":[7.217849731445313,-215.5673065185547,124.1396255493164],"rotationMatrix":[-0.8419997692108154,0.5393269062042236,0.01275989413261414,-0.5393705368041992,-0.8420685529708862,3.048637881875038e-05,0.01076114736497402,-0.006856641266494989,0.9999185800552368],"scale":1,"type":"barrierfence_plain"}
{"pos":[4.773284912109375,-214.0097503662109,124.1770095825195],"rotationMatrix":[-0.8420164585113525,0.5392943620681763,0.01303355675190687,-0.5393397808074951,-0.8420882225036621,3.121583722531796e-05,0.01099223922938108,-0.007003231905400753,0.9999150633811951],"scale":0.9999998807907104,"type":"barrierfence_plain"}
{"pos":[2.328628540039063,-212.4523315429688,124.215087890625],"rotationMatrix":[-0.8420288562774658,0.5392694473266602,0.01326161902397871,-0.5393165349960327,-0.842103123664856,3.182073123753071e-05,0.01118481066077948,-0.007125415839254856,0.9999120831489563],"scale":1,"type":"barrierfence_plain"}
{"pos":[-0.116058349609375,-210.8949737548828,124.2538604736328],"rotationMatrix":[-0.8420412540435791,0.5392453074455261,0.01345805078744888,-0.5392938256263733,-0.8421177864074707,3.223097883164883e-05,0.01135064288973808,-0.007230703718960285,0.9999094605445862],"scale":1,"type":"barrierfence_plain"}
{"pos":[-2.560806274414063,-209.3376617431641,124.2931518554688],"rotationMatrix":[-0.842052698135376,0.5392228960990906,0.013637725263834,-0.5392727255821228,-0.8421312570571899,3.262469545006752e-05,0.0115023460239172,-0.007326981518417597,0.9999070167541504],"scale":1.00000011920929,"type":"barrierfence_plain"}
{"pos":[-5.005523681640625,-207.7803955078125,124.3329315185547],"rotationMatrix":[-0.8420628309249878,0.5392026305198669,0.01380628813058138,-0.5392536520957947,-0.8421432971954346,3.318698145449162e-05,0.01164476852864027,-0.007417146116495132,0.9999046921730042],"scale":1.000000238418579,"type":"barrierfence_plain"}
{"pos":[-7.450271606445313,-206.2232513427734,124.373176574707],"rotationMatrix":[-0.8420729637145996,0.539182722568512,0.01396774500608444,-0.5392349362373352,-0.8421553373336792,3.348011523485184e-05,0.01178106293082237,-0.007503703236579895,0.9999024271965027],"scale":1,"type":"barrierfence_plain"}
{"pos":[-9.89508056640625,-204.6661224365234,124.4138641357422],"rotationMatrix":[-0.8420828580856323,0.5391632914543152,0.01412515249103308,-0.5392166972160339,-0.8421671390533447,3.387778997421265e-05,0.01191400457173586,-0.007587990257889032,0.999900221824646],"scale":1,"type":"barrierfence_plain"}
{"pos":[-12.33995056152344,-203.1090698242188,124.4550323486328],"rotationMatrix":[-0.8420923948287964,0.539143979549408,0.014280766248703,-0.5391985774040222,-0.8421785831451416,3.423565067350864e-05,0.01204541325569153,-0.007671339437365532,0.9998980164527893],"scale":1.00000011920929,"type":"barrierfence_plain"}
{"pos":[-14.78480529785156,-201.5520324707031,124.4966506958008],"rotationMatrix":[-0.8421018123626709,0.5391255021095276,0.0144371073693037,-0.5391812920570374,-0.8421897888183594,3.460398875176907e-05,0.01217743940651417,-0.007755078375339508,0.9998957514762878],"scale":0.9999999403953552,"type":"barrierfence_plain"}
{"pos":[-17.22967529296875,-199.9950714111328,124.5387496948242],"rotationMatrix":[-0.8421119451522827,0.539105236530304,0.01459603756666183,-0.5391622185707092,-0.8422019481658936,3.503682091832161e-05,0.01231169886887074,-0.007840126752853394,0.9998934864997864],"scale":1,"type":"barrierfence_plain"}
{"pos":[-19.67462158203125,-198.4381713867188,124.5812835693359],"rotationMatrix":[-0.8421229124069214,0.5390834212303162,0.01475944463163614,-0.5391417145729065,-0.8422149419784546,3.545079380273819e-05,0.01244973670691252,-0.007927578873932362,0.9998911023139954],"scale":1,"type":"barrierfence_plain"}
{"pos":[-22.11955261230469,-196.8813629150391,124.6242828369141],"rotationMatrix":[-0.8421337604522705,0.5390622615814209,0.01492890808731318,-0.5391218662261963,-0.8422278165817261,3.582518547773361e-05,0.01259285304695368,-0.008018331602215767,0.99988853931427],"scale":0.9999998807907104,"type":"barrierfence_plain"}
{"pos":[-24.56454467773438,-195.3245697021484,124.6678009033203],"rotationMatrix":[-0.8421438932418823,0.5390411019325256,0.01510719954967499,-0.5391021370887756,-0.8422403335571289,3.62694263458252e-05,0.01274344511330128,-0.008113780058920383,0.9998858571052551],"scale":0.9999999403953552,"type":"barrierfence_plain"}
{"pos":[-27.00953674316406,-193.7678680419922,124.7118530273438],"rotationMatrix":[-0.8421546220779419,0.5390188694000244,0.01529644429683685,-0.5390814542770386,-0.8422534465789795,3.663124516606331e-05,0.01290323026478291,-0.008215181529521942,0.9998829960823059],"scale":1.00000011920929,"type":"barrierfence_plain"}
{"pos":[-29.45458984375,-192.2112426757813,124.7565155029297],"rotationMatrix":[-0.8421677350997925,0.5389928817749023,0.01550013106316328,-0.5390571355819702,-0.8422693014144897,3.714999184012413e-05,0.01307530608028173,-0.008324170485138893,0.9998798370361328],"scale":0.9999998807907104,"type":"barrierfence_plain"}
{"pos":[-31.899658203125,-190.6546630859375,124.8017349243164],"rotationMatrix":[-0.8421816825866699,0.5389647483825684,0.01571960747241974,-0.539030909538269,-0.8422861099243164,3.771437332034111e-05,0.01326073240488768,-0.008441589772701263,0.9998764395713806],"scale":1,"type":"barrierfence_plain"}
{"pos":[-34.34480285644531,-189.0981903076172,124.8475952148438],"rotationMatrix":[-0.8421969413757324,0.5389338731765747,0.01595879718661308,-0.5390019416809082,-0.8423044681549072,3.842636942863464e-05,0.01346287690103054,-0.008569460362195969,0.999872624874115],"scale":1,"type":"barrierfence_plain"}
{"pos":[-36.78994750976563,-187.5418243408203,124.8942184448242],"rotationMatrix":[-0.8422139883041382,0.538899302482605,0.01622580364346504,-0.5389697551727295,-0.8423252105712891,3.891345113515854e-05,0.01368837337940931,-0.008712444454431534,0.9998683333396912],"scale":0.9999997615814209,"type":"barrierfence_plain"}
{"pos":[-39.23519897460938,-185.9855346679688,124.941650390625],"rotationMatrix":[-0.8422319889068604,0.5388619303703308,0.0165253821760416,-0.5389350056648254,-0.8423473834991455,3.965618088841438e-05,0.01394148170948029,-0.008872708305716515,0.9998634457588196],"scale":0.9999999403953552,"type":"barrierfence_plain"}
{"pos":[-41.68045043945313,-184.4293670654297,124.9900207519531],"rotationMatrix":[-0.8422523736953735,0.5388194918632507,0.01686829142272472,-0.5388955473899841,-0.8423725366592407,4.038074985146523e-05,0.01423114351928234,-0.00905623659491539,0.9998577237129211],"scale":0.9999999403953552,"type":"barrierfence_plain"}
{"pos":[-44.12580871582031,-182.8733215332031,125.0394439697266],"rotationMatrix":[-0.8422770500183105,0.5387682914733887,0.01726673357188702,-0.5388480424880981,-0.8424030542373657,4.145456477999687e-05,0.01456788275390863,-0.00926923006772995,0.9998509287834167],"scale":0.9999999403953552,"type":"barrierfence_plain"}
{"pos":[-46.57121276855469,-181.3174743652344,125.0900573730469],"rotationMatrix":[-0.8423055410385132,0.5387081503868103,0.01773728802800179,-0.5387923121452332,-0.8424384593963623,4.27737832069397e-05,0.01496561989188194,-0.009520686231553555,0.9998427033424377],"scale":0.9999999403953552,"type":"barrierfence_plain"}
{"pos":[-49.0167236328125,-179.7618103027344,125.142333984375],"rotationMatrix":[-0.8423409461975098,0.538633406162262,0.01832588948309422,-0.5387231707572937,-0.8424829244613647,4.397332668304443e-05,0.01546293310821056,-0.009835540316998959,0.9998320937156677],"scale":0.9999999403953552,"type":"barrierfence_plain"}
{"pos":[-51.46232604980469,-178.2063751220703,125.1964340209961],"rotationMatrix":[-0.8423862457275391,0.5385366678237915,0.01907043159008026,-0.5386339426040649,-0.84253990650177,4.591047763824463e-05,0.01609232276678085,-0.01023330725729465,0.9998181462287903],"scale":1.00000011920929,"type":"barrierfence_plain"}
{"pos":[-53.90809631347656,-176.6513061523438,125.2530059814453],"rotationMatrix":[-0.8424465656280518,0.5384055972099304,0.02007598802447319,-0.5385133624076843,-0.8426169157028198,4.813261330127716e-05,0.01694228500127792,-0.01077063847333193,0.9997984766960144],"scale":0.9999999403953552,"type":"barrierfence_plain"}
{"pos":[-56.35409545898438,-175.0966033935547,125.3130035400391],"rotationMatrix":[-0.8425313234329224,0.5382164120674133,0.02153951302170753,-0.5383403897285461,-0.8427274227142334,5.179550498723984e-05,0.01817981526255608,-0.01155195105820894,0.9997680187225342],"scale":1.00000011920929,"type":"barrierfence_plain"}
{"pos":[669.6198120117188,644.771484375,127.9707107543945],"rotationMatrix":[0.6789311170578003,0.7288289070129395,0.08866149187088013,-0.731723427772522,0.6816016435623169,0.0002126656472682953,-0.0602768175303936,-0.06502008438110352,0.9960618019104004],"scale":0.9999999403953552,"type":"barrierfence_plain"}
{"pos":[669.6198120117188,644.771484375,127.9707107543945],"rotationMatrix":[0.6789311170578003,0.7288289070129395,0.08866149187088013,-0.731723427772522,0.6816016435623169,0.0002126656472682953,-0.0602768175303936,-0.06502008438110352,0.9960618019104004],"scale":0.9999999403953552,"type":"barrierfence_plain"}
{"pos":[671.5606689453125,646.8651733398438,128.2220153808594],"rotationMatrix":[0.679049015045166,0.7289467453956604,0.08677046000957489,-0.7317188382148743,0.6816065311431885,0.0002082213759422302,-0.05899153649806976,-0.06363297253847122,0.9962283372879028],"scale":0.9999999403953552,"type":"barrierfence_plain"}
{"pos":[673.501953125,648.9590454101563,128.4684906005859],"rotationMatrix":[0.6791481971740723,0.7290321588516235,0.08526334166526794,-0.7317086458206177,0.6816174983978271,0.000204622745513916,-0.05796780809760094,-0.0625268965959549,0.9963584542274475],"scale":0.9999999403953552,"type":"barrierfence_plain"}
{"pos":[675.443359375,651.05322265625,128.7110900878906],"rotationMatrix":[0.6792161464691162,0.7291090488433838,0.08405574411153793,-0.7317100763320923,0.681615948677063,0.0002016611397266388,-0.05714670568704605,-0.06164140999317169,0.996461033821106],"scale":0.9999998807907104,"type":"barrierfence_plain"}
{"pos":[677.385009765625,653.1475219726563,128.9505920410156],"rotationMatrix":[0.6792757511138916,0.7291635274887085,0.08309610933065414,-0.7317054271697998,0.6816209554672241,0.0001994036138057709,-0.05649464577436447,-0.06093732640147209,0.9965415000915527],"scale":1,"type":"barrierfence_plain"}
{"pos":[679.3267822265625,655.2420043945313,129.1876220703125],"rotationMatrix":[0.6793177723884583,0.7292100787162781,0.08234085142612457,-0.7317058444023132,0.6816204786300659,0.0001976191997528076,-0.0559810996055603,-0.06038353219628334,0.9966042041778564],"scale":0.9999999403953552,"type":"barrierfence_plain"}
{"pos":[681.2685546875,657.336669921875,129.4227447509766],"rotationMatrix":[0.6793488264083862,0.729246199131012,0.08176293969154358,-0.7317070364952087,0.6816192865371704,0.0001960135996341705,-0.055588249117136,-0.05995967984199524,0.9966517686843872],"scale":0.9999999403953552,"type":"barrierfence_plain"}
{"pos":[683.2105712890625,659.4312133789063,129.6564331054688],"rotationMatrix":[0.6793743371963501,0.7292690873146057,0.08134546130895615,-0.7317047715187073,0.6816216111183167,0.0001951288431882858,-0.05530451983213425,-0.05965343117713928,0.9966859221458435],"scale":0.9999999403953552,"type":"barrierfence_plain"}
{"pos":[685.152587890625,661.5260009765625,129.88916015625],"rotationMatrix":[0.6793901920318604,0.7292846441268921,0.08107363432645798,-0.7317041158676147,0.6816223859786987,0.000194719061255455,-0.0551196001470089,-0.05945419520139694,0.9967080950737],"scale":0.9999999403953552,"type":"barrierfence_plain"}
{"pos":[687.0946044921875,663.6207885742188,130.1210632324219],"rotationMatrix":[0.6794451475143433,0.7293479442596436,0.08003692328929901,-0.7317057847976685,0.6816205978393555,0.0001920107752084732,-0.0544147752225399,-0.05869393795728683,0.9967918992042542],"scale":0.9999998807907104,"type":"barrierfence_plain"}
{"pos":[689.0369873046875,665.7158813476563,130.3488464355469],"rotationMatrix":[0.6794850826263428,0.729371964931488,0.07947678118944168,-0.7316967844963074,0.6816301941871643,0.00019056536257267,-0.05403478071093559,-0.05828239023685455,0.9968367218971252],"scale":0.9999998807907104,"type":"barrierfence_plain"}
{"pos":[690.979248046875,667.810791015625,130.5766143798828],"rotationMatrix":[0.6794761419296265,0.7293804883956909,0.07947452366352081,-0.7317053079605103,0.6816211342811584,0.0001906026154756546,-0.05403249338269234,-0.05828143656253815,0.9968369007110596],"scale":0.9999999403953552,"type":"barrierfence_plain"}
{"pos":[692.9215087890625,669.9058837890625,130.8043823242188],"rotationMatrix":[0.679477334022522,0.7293793559074402,0.07947523146867752,-0.7317041754722595,0.6816222667694092,0.0001907404512166977,-0.05403297021985054,-0.05828196555376053,0.9968368411064148],"scale":0.9999998807907104,"type":"barrierfence_plain"}
{"pos":[694.8638305664063,672.0007934570313,131.0321502685547],"rotationMatrix":[0.6794769167900085,0.7293795943260193,0.07947643846273422,-0.7317045331001282,0.6816219687461853,0.0001907423138618469,-0.05403376370668411,-0.05828287079930305,0.9968367218971252],"scale":1,"type":"barrierfence_plain"}
{"pos":[696.8060913085938,674.0958862304688,131.2599334716797],"rotationMatrix":[0.6794708967208862,0.7293853163719177,0.07947536557912827,-0.7317101359367371,0.6816158890724182,0.0001906733959913254,-0.05403260141611099,-0.05828248709440231,0.9968368411064148],"scale":0.9999999403953552,"type":"barrierfence_plain"}
{"pos":[698.7484130859375,676.19091796875,131.4877014160156],"rotationMatrix":[0.6794711947441101,0.7293849587440491,0.07947634160518646,-0.731709897518158,0.6816161870956421,0.0001907218247652054,-0.05403325334191322,-0.05828320980072021,0.9968367218971252],"scale":1,"type":"barrierfence_plain"}
{"pos":[700.690673828125,678.2859497070313,131.7154846191406],"rotationMatrix":[0.6794757843017578,0.7293804883956909,0.07947827130556107,-0.7317054271697998,0.6816209554672241,0.0001906938850879669,-0.05403496697545052,-0.05828425660729408,0.9968366026878357],"scale":1,"type":"barrierfence_plain"}
{"pos":[702.6329345703125,680.3809814453125,131.9432525634766],"rotationMatrix":[0.6794706583023071,0.7293853759765625,0.07947744429111481,-0.7317103147506714,0.6816157102584839,0.0001910142600536346,-0.05403374508023262,-0.05828425660729408,0.9968366622924805],"scale":0.9999998807907104,"type":"barrierfence_plain"}
{"pos":[704.5751953125,682.4759521484375,132.1710357666016],"rotationMatrix":[0.6794476509094238,0.7294057011604309,0.07948678731918335,-0.7317312359809875,0.6815931797027588,0.0001906901597976685,-0.05403855815529823,-0.05829253047704697,0.9968358874320984],"scale":0.9999999403953552,"type":"barrierfence_plain"}
{"pos":[706.5172119140625,684.5713500976563,132.3988952636719],"rotationMatrix":[0.6793226003646851,0.7295154929161072,0.07954839617013931,-0.7318450808525085,0.681471049785614,0.00019075907766819,-0.05407076328992844,-0.05834668874740601,0.9968309998512268],"scale":0.9999998807907104,"type":"barrierfence_plain"}
{"pos":[708.4588623046875,686.6668090820313,132.6270294189453],"rotationMatrix":[0.6792230606079102,0.729594886302948,0.07966984063386917,-0.7319318652153015,0.6813777685165405,0.0001911688596010208,-0.05414578691124916,-0.05844274163246155,0.9968212842941284],"scale":0.9999999403953552,"type":"barrierfence_plain"}
{"pos":[710.4003295898438,688.7625122070313,132.8555908203125],"rotationMatrix":[0.6791214942932129,0.7296715378761292,0.0798342153429985,-0.7320184111595154,0.6812847852706909,0.0001916307955980301,-0.05425000935792923,-0.0585702583193779,0.9968081116676331],"scale":0.9999999403953552,"type":"barrierfence_plain"}
{"pos":[712.3414306640625,690.8584594726563,133.0846557617188],"rotationMatrix":[0.679024338722229,0.729739248752594,0.08004163950681686,-0.7320986390113831,0.6811986565589905,0.0001918952912092209,-0.05438422411680222,-0.05872867256402969,0.9967914819717407],"scale":0.9999999403953552,"type":"barrierfence_plain"}
{"pos":[714.2823486328125,692.95458984375,133.3143920898438],"rotationMatrix":[0.6789344549179077,0.7297958135604858,0.08028780668973923,-0.7321699857711792,0.6811219453811646,0.0001926738768815994,-0.05454517528414726,-0.05891513079404831,0.9967716932296753],"scale":0.9999999403953552,"type":"barrierfence_plain"}
{"pos":[716.2229614257813,695.0509643554688,133.5448608398438],"rotationMatrix":[0.6788437366485596,0.7298489809036255,0.08057146519422531,-0.7322402000427246,0.6810464859008789,0.0001933686435222626,-0.05473177880048752,-0.05912892892956734,0.9967488050460815],"scale":0.9999998211860657,"type":"barrierfence_plain"}
{"pos":[718.1632690429688,697.1473388671875,133.7762145996094],"rotationMatrix":[0.6787495613098145,0.7299013137817383,0.08088891953229904,-0.7323117256164551,0.6809695363044739,0.0001941006630659103,-0.05494121462106705,-0.05936764925718307,0.9967231154441833],"scale":1,"type":"barrierfence_plain"}
{"pos":[720.103271484375,699.2439575195313,134.008544921875],"rotationMatrix":[0.6786686182022095,0.7299370765686035,0.08124521374702454,-0.7323689460754395,0.6809079647064209,0.0001950301229953766,-0.05517815053462982,-0.05963383242487907,0.9966941475868225],"scale":1,"type":"barrierfence_plain"}
{"pos":[722.042724609375,701.340087890625,134.2488098144531],"rotationMatrix":[0.6782059669494629,0.7295824289321899,0.08801204711198807,-0.7324373722076416,0.6808344125747681,0.0002112463116645813,-0.05976750701665878,-0.06460657715797424,0.9961193799972534],"scale":0.9999998807907104,"type":"barrierfence_plain"}
{"pos":[723.9810791015625,703.4356079101563,134.5043792724609],"rotationMatrix":[0.6780019998550415,0.7294871211051941,0.09034321457147598,-0.7324958443641663,0.6807714700698853,0.0002168081700801849,-0.0613449290394783,-0.06632302701473236,0.99591064453125],"scale":0.9999999403953552,"type":"barrierfence_plain"}
{"pos":[725.9188232421875,705.53076171875,134.7662658691406],"rotationMatrix":[0.6778163313865662,0.7294017672538757,0.09240163862705231,-0.7325497269630432,0.6807135343551636,0.0002217516303062439,-0.06273730099201202,-0.06783910095691681,0.9957218170166016],"scale":0.9999999403953552,"type":"barrierfence_plain"}
{"pos":[727.8560791015625,707.625732421875,135.0336303710938],"rotationMatrix":[0.6776412725448608,0.7293336391448975,0.09420579671859741,-0.7326061725616455,0.6806526780128479,0.0002259053289890289,-0.06395666301250458,-0.06916883587837219,0.9955527186393738],"scale":0.9999999403953552,"type":"barrierfence_plain"}
{"pos":[729.7928466796875,709.7205200195313,135.3058471679688],"rotationMatrix":[0.6774794459342957,0.7292798161506653,0.09577320516109467,-0.7326627373695374,0.6805918216705322,0.0002299286425113678,-0.06501477956771851,-0.07032522559165955,0.9954031705856323],"scale":0.9999999403953552,"type":"barrierfence_plain"}
{"pos":[731.729248046875,711.8152465820313,135.5823059082031],"rotationMatrix":[0.6773394346237183,0.7292325496673584,0.09711401909589767,-0.7327113151550293,0.6805394887924194,0.0002330504357814789,-0.06591997295618057,-0.07131439447402954,0.995273232460022],"scale":0.9999999403953552,"type":"barrierfence_plain"}
{"pos":[733.6651611328125,713.90966796875,135.8622436523438],"rotationMatrix":[0.6772079467773438,0.7292043566703796,0.09823609888553619,-0.7327644228935242,0.6804823875427246,0.0002356693148612976,-0.06667608022689819,-0.07214350998401642,0.9951630830764771],"scale":0.9999998807907104,"type":"barrierfence_plain"}
{"pos":[735.600830078125,716.0042114257813,136.1451416015625],"rotationMatrix":[0.6770894527435303,0.7291908264160156,0.09914997220039368,-0.7328177690505981,0.6804249286651611,0.0002379678189754486,-0.06729058921337128,-0.07281999289989471,0.9950724840164185],"scale":0.9999999403953552,"type":"barrierfence_plain"}
{"pos":[737.5360717773438,718.0986328125,136.4303283691406],"rotationMatrix":[0.6769855618476868,0.729190468788147,0.09985865652561188,-0.7328698635101318,0.6803687810897827,0.0002395883202552795,-0.06776599586009979,-0.0733456015586853,0.9950016140937805],"scale":0.9999999403953552,"type":"barrierfence_plain"}
{"pos":[740.849609375,719.2265014648438,136.6945037841797],"rotationMatrix":[0.9156665802001953,-0.4018794894218445,0.006896037142723799,0.4018889665603638,0.9156883955001831,1.653749495744705e-05,-0.006321267690509558,0.002756298519670963,0.9999762177467346],"scale":1,"type":"barrierfence_plain"}
{"pos":[743.4830322265625,718.07861328125,136.7145690917969],"rotationMatrix":[0.9157490134239197,-0.4016881287097931,0.00709637114778161,0.4016981422901154,0.9157721400260925,1.703924499452114e-05,-0.006505503784865141,0.002834995510056615,0.9999748468399048],"scale":1,"type":"barrierfence_plain"}
{"pos":[746.11669921875,716.93115234375,136.7352905273438],"rotationMatrix":[0.9158296585083008,-0.4014995992183685,0.007356049027293921,0.4015103280544281,0.9158545136451721,1.769885420799255e-05,-0.006744176615029573,0.002937320386990905,0.999972939491272],"scale":1,"type":"barrierfence_plain"}
{"pos":[748.750732421875,715.7842407226563,136.7568817138672],"rotationMatrix":[0.9159024953842163,-0.4013274312019348,0.007672272622585297,0.4013391137123108,0.9159295558929443,1.835636794567108e-05,-0.007034627720713615,0.003062370466068387,0.999970555305481],"scale":1,"type":"barrierfence_plain"}
{"pos":[751.384765625,714.6378173828125,136.7794036865234],"rotationMatrix":[0.9159680604934692,-0.4011708199977875,0.008029039949178696,0.4011836349964142,0.9159976243972778,1.948780845850706e-05,-0.007362400181591511,0.003203269094228745,0.9999677538871765],"scale":0.9999999403953552,"type":"barrierfence_plain"}
{"pos":[754.01904296875,713.4918212890625,136.8029937744141],"rotationMatrix":[0.916024386882782,-0.401034414768219,0.008411199785768986,0.4010484218597412,0.9160568714141846,2.024904824793339e-05,-0.0077132573351264,0.003354749642312527,0.9999646544456482],"scale":1,"type":"barrierfence_plain"}
{"pos":[756.6535034179688,712.3461303710938,136.8276977539063],"rotationMatrix":[0.916067361831665,-0.4009277820587158,0.008800473995506763,0.4009431600570679,0.9161029458045959,2.11973674595356e-05,-0.008070639334619045,0.003509071655571461,0.999961256980896],"scale":0.9999999403953552,"type":"barrierfence_plain"}
