{"pos":[-61.18650054931641,671.8939819335938,74.27510070800781],"rotationMatrix":[-0.4733576774597168,-0.8808703422546387,0,0.8808703422546387,-0.4733576774597168,0,0,0,1],"scale":1,"type":"bollard_yellow"}
{"pos":[-54.22790145874023,671.8989868164063,74.27510070800781],"rotationMatrix":[-0.529266357421875,-0.8449589014053345,0.07695169746875763,0.8461688160896301,-0.5323189496994019,-0.0251970998942852,0.06225335970520973,0.0517781488597393,0.9967163801193237],"scale":1,"type":"bollard_yellow"}
{"pos":[-55.96149826049805,671.905029296875,74.27510070800781],"rotationMatrix":[-0.357481837272644,-0.9329692721366882,-0.04213118553161621,0.9339030385017395,-0.3573838472366333,-0.01009289640933275,-0.005640642251819372,-0.0429544672369957,0.999061107635498],"scale":1,"type":"bollard_yellow"}
{"pos":[-57.68249893188477,671.926025390625,74.27510070800781],"rotationMatrix":[-0.6110014915466309,-0.7899602055549622,0.0513811782002449,0.7914190888404846,-0.6110472679138184,0.0166445504873991,0.01824779622256756,0.05083389207720757,0.9985404014587402],"scale":1,"type":"bollard_yellow"}
{"pos":[-59.38079833984375,671.9229736328125,74.27510070800781],"rotationMatrix":[-0.490228533744812,-0.8715939521789551,0,0.8715939521789551,-0.490228533744812,0,0,0,1],"scale":1,"type":"bollard_yellow"}
{"pos":[-52.58670043945313,671.8839721679688,74.27510070800781],"rotationMatrix":[-0.4971420764923096,-0.8676691651344299,0,0.8676691651344299,-0.4971420764923096,0,0,0,1],"scale":1,"type":"bollard_yellow"}
{"pos":[-50.88850021362305,671.8740234375,74.27510070800781],"rotationMatrix":[-0.6174967288970947,-0.7854223847389221,-0.04253751039505005,0.7837619185447693,-0.61895751953125,0.05107652023434639,-0.06644555181264877,-0.001799697754904628,0.9977884292602539],"scale":1,"type":"bollard_yellow"}
{"pos":[-49.16759872436523,671.8389892578125,74.27510070800781],"rotationMatrix":[-0.4971420764923096,-0.8676691651344299,0,0.8676691651344299,-0.4971420764923096,0,0,0,1],"scale":1,"type":"bollard_yellow"}
{"pos":[-47.43420028686523,671.8179931640625,74.27510070800781],"rotationMatrix":[-0.4017804861068726,-0.9156448841094971,-0.01291663851588964,0.9156257510185242,-0.4014732837677002,-0.02118165418505669,0.01420918852090836,-0.02033718302845955,0.9996922016143799],"scale":1,"type":"bollard_yellow"}
{"pos":[-69.73310089111328,689.072021484375,74.12030029296875],"rotationMatrix":[-0.8499044179916382,0.5216930508613586,-0.07415425777435303,-0.5257198214530945,-0.8490622043609619,0.05207731202244759,-0.03579320758581161,0.08324510604143143,0.9958860874176025],"scale":1,"type":"bollard_yellow"}
{"pos":[-69.76930236816406,690.77001953125,74.12030029296875],"rotationMatrix":[-0.8810240030288696,0.4730715751647949,0,-0.4730715751647949,-0.8810240030288696,0,0,0,1],"scale":1,"type":"bollard_yellow"}
{"pos":[-69.77020263671875,671.8660278320313,74.12030029296875],"rotationMatrix":[-0.9158693552017212,0.4012675881385803,-0.01294818334281445,-0.4009615778923035,-0.9158518314361572,-0.02110034972429276,-0.02032550424337387,-0.01413343939930201,0.9996935129165649],"scale":1,"type":"bollard_yellow"}
{"pos":[-69.75009918212891,673.5989990234375,74.12030029296875],"rotationMatrix":[-0.86747145652771,0.49748694896698,0,-0.49748694896698,-0.86747145652771,0,0,0,1],"scale":1,"type":"bollard_yellow"}
{"pos":[-69.71469879150391,675.3200073242188,74.12030029296875],"rotationMatrix":[-0.7853518724441528,0.6175872683525085,-0.04252532869577408,-0.6190474033355713,-0.7836787700653076,0.05126330628991127,-0.001666631666012108,0.06658492982387543,0.997779369354248],"scale":1,"type":"bollard_yellow"}
{"pos":[-69.70469665527344,677.0180053710938,74.12030029296875],"rotationMatrix":[-0.86747145652771,0.49748694896698,0,-0.49748694896698,-0.86747145652771,0,0,0,1],"scale":1,"type":"bollard_yellow"}
{"pos":[-69.66580200195313,683.81201171875,74.12030029296875],"rotationMatrix":[-0.8717255592346191,0.4899944365024567,0,-0.4899944365024567,-0.8717255592346191,0,0,0,1],"scale":1,"type":"bollard_yellow"}
{"pos":[-69.66220092773438,682.114013671875,74.12030029296875],"rotationMatrix":[-0.7902107238769531,0.6106631755828857,0.05155082792043686,-0.610709011554718,-0.7916791439056396,0.01669204048812389,0.05100493133068085,-0.01829232648015022,0.9985308647155762],"scale":1,"type":"bollard_yellow"}
{"pos":[-69.68370056152344,680.3930053710938,74.12030029296875],"rotationMatrix":[-0.9329736232757568,0.3574542701244354,-0.04226900264620781,-0.3573594987392426,-0.933912992477417,-0.01003569923341274,-0.04306287318468094,0.005742186680436134,0.9990558624267578],"scale":1,"type":"bollard_yellow"}
{"pos":[-69.68979644775391,678.6589965820313,74.12030029296875],"rotationMatrix":[-0.8449987173080444,0.5292130708694458,0.07688116282224655,-0.5322549343109131,-0.84621262550354,-0.0250773299485445,0.05178656056523323,-0.06211068853735924,0.9967248439788818],"scale":1,"type":"bollard_yellow"}
{"pos":[-69.69450378417969,685.6179809570313,74.12030029296875],"rotationMatrix":[-0.8810240030288696,0.4730715751647949,0,-0.4730715751647949,-0.8810240030288696,0,0,0,1],"scale":1,"type":"bollard_yellow"}
{"pos":[-69.72149658203125,687.3510131835938,74.12030029296875],"rotationMatrix":[-0.8280404806137085,0.5530583262443542,0.09206203371286392,-0.5566526651382446,-0.8305684328079224,-0.0171422716230154,0.06698314100503922,-0.0654410719871521,0.9956057071685791],"scale":1,"type":"bollard_yellow"}
{"pos":[-66.33889770507813,671.8189697265625,74.27510070800781],"rotationMatrix":[-0.4733576774597168,-0.8808703422546387,0,0.8808703422546387,-0.4733576774597168,0,0,0,1],"scale":1,"type":"bollard_yellow"}
{"pos":[-64.64099884033203,671.85498046875,74.27510070800781],"rotationMatrix":[-0.5215100049972534,-0.850037157535553,-0.07391996681690216,0.8491912484169006,-0.5255157947540283,0.05203195661306381,-0.08307520300149918,-0.03563700243830681,0.995905876159668],"scale":1,"type":"bollard_yellow"}
{"pos":[-62.9197998046875,671.8670043945313,74.27510070800781],"rotationMatrix":[-0.5530776977539063,-0.8280192613601685,0.09213653951883316,0.8305584192276001,-0.5566705465316772,-0.01704634167253971,0.06540440022945404,0.06709682941436768,0.9956004619598389],"scale":1,"type":"bollard_yellow"}
{"pos":[-419.2640075683594,174.2359924316406,99.40760040283203],"rotationMatrix":[0.6269247531890869,-0.779079794883728,0,0.779079794883728,0.6269247531890869,0,0,0,1],"scale":1,"type":"bollard_yellow"}
{"pos":[-419.9150085449219,172.6289978027344,99.40760040283203],"rotationMatrix":[0.6269247531890869,-0.779079794883728,0,0.779079794883728,0.6269247531890869,0,0,0,1],"scale":1,"type":"bollard_yellow"}
{"pos":[-420.5750122070313,171.0399932861328,99.40760040283203],"rotationMatrix":[0.6269247531890869,-0.779079794883728,0,0.779079794883728,0.6269247531890869,0,0,0,1],"scale":1,"type":"bollard_yellow"}
{"pos":[-421.2030029296875,169.4620056152344,99.40760040283203],"rotationMatrix":[0.6269247531890869,-0.779079794883728,0,0.779079794883728,0.6269247531890869,0,0,0,1],"scale":1,"type":"bollard_yellow"}
{"pos":[-423.7139892578125,163.1490020751953,99.40760040283203],"rotationMatrix":[0.6331182718276978,-0.7740550637245178,0,0.7740550637245178,0.6331182718276978,0,0,0,1],"scale":1,"type":"bollard_yellow"}
{"pos":[-423.0989990234375,164.7319946289063,99.40760040283203],"rotationMatrix":[0.6331182718276978,-0.7740550637245178,0,0.7740550637245178,0.6331182718276978,0,0,0,1],"scale":1,"type":"bollard_yellow"}
{"pos":[-422.4519958496094,166.3269958496094,99.40760040283203],"rotationMatrix":[0.6331182718276978,-0.7740550637245178,0,0.7740550637245178,0.6331182718276978,0,0,0,1],"scale":1,"type":"bollard_yellow"}
{"pos":[-421.8150024414063,167.9389953613281,99.40760040283203],"rotationMatrix":[0.6331182718276978,-0.7740550637245178,0,0.7740550637245178,0.6331182718276978,0,0,0,1],"scale":1,"type":"bollard_yellow"}
{"pos":[-424.3460083007813,161.4570007324219,99.40760040283203],"rotationMatrix":[0.647871732711792,-0.7617494463920593,0,0.7617494463920593,0.647871732711792,0,0,0,1],"scale":1,"type":"bollard_yellow"}
{"pos":[-424.9519958496094,159.8329925537109,99.40760040283203],"rotationMatrix":[0.647871732711792,-0.7617494463920593,0,0.7617494463920593,0.647871732711792,0,0,0,1],"scale":1,"type":"bollard_yellow"}
{"pos":[-425.5679931640625,158.2259979248047,99.40760040283203],"rotationMatrix":[0.647871732711792,-0.7617494463920593,0,0.7617494463920593,0.647871732711792,0,0,0,1],"scale":1,"type":"bollard_yellow"}
{"pos":[-426.1530151367188,156.6320037841797,99.40760040283203],"rotationMatrix":[0.647871732711792,-0.7617494463920593,0,0.7617494463920593,0.647871732711792,0,0,0,1],"scale":1,"type":"bollard_yellow"}
{"pos":[-416.885009765625,152.0570068359375,99.40760040283203],"rotationMatrix":[0.7070814371109009,0.70713210105896,0,-0.70713210105896,0.7070814371109009,0,0,0,1],"scale":1,"type":"bollard_yellow"}
{"pos":[-418.5230102539063,152.47900390625,99.40760040283203],"rotationMatrix":[0.7070814371109009,0.70713210105896,0,-0.70713210105896,0.7070814371109009,0,0,0,1],"scale":1,"type":"bollard_yellow"}
{"pos":[-420.1589965820313,152.9040069580078,99.40760040283203],"rotationMatrix":[0.7070814371109009,0.70713210105896,0,-0.70713210105896,0.7070814371109009,0,0,0,1],"scale":1,"type":"bollard_yellow"}
{"pos":[-421.7959899902344,153.3580017089844,99.40760040283203],"rotationMatrix":[0.7070814371109009,0.70713210105896,0,-0.70713210105896,0.7070814371109009,0,0,0,1],"scale":1,"type":"bollard_yellow"}
{"pos":[-423.4469909667969,153.8430023193359,99.40760040283203],"rotationMatrix":[0.7070814371109009,0.70713210105896,0,-0.70713210105896,0.7070814371109009,0,0,0,1],"scale":1,"type":"bollard_yellow"}
{"pos":[-425.114990234375,154.3159942626953,99.40760040283203],"rotationMatrix":[0.7070814371109009,0.70713210105896,0,-0.70713210105896,0.7070814371109009,0,0,0,1],"scale":1,"type":"bollard_yellow"}
{"pos":[-822.3400268554688,891.5430297851563,74.86979675292969],"rotationMatrix":[0.9999985694885254,-0.0005154183018021286,-0.001611013663932681,0.0004610060714185238,0.9994354248046875,-0.03359492868185043,0.001627419493161142,0.03359413519501686,0.999434232711792],"scale":1,"type":"bollard_yellow"}
{"pos":[-820.739990234375,891.5419921875,74.86979675292969],"rotationMatrix":[0.999359130859375,-0.0005441662506200373,-0.03579150140285492,-0.0005441662506200373,0.9995379447937012,-0.03039080090820789,0.03579150140285492,0.03039080090820789,0.9988970756530762],"scale":1,"type":"bollard_yellow"}
{"pos":[-817.5399780273438,891.5399780273438,74.86979675292969],"rotationMatrix":[0.9984533786773682,-0.0004907571128569543,-0.05559325218200684,0.0022699567489326,0.999487042427063,0.03194525465369225,0.05554905906319618,-0.03202204033732414,0.997942328453064],"scale":1,"type":"bollard_yellow"}
{"pos":[-819.1400146484375,891.541015625,74.86979675292969],"rotationMatrix":[0.998699426651001,-0.000569768191780895,-0.05098167061805725,0.0004064754757564515,0.9999947547912598,-0.003213279880583286,0.05098323151469231,0.003188377944752574,0.9986944198608398],"scale":1,"type":"bollard_yellow"}
{"pos":[-825.5399780273438,891.5440063476563,74.86979675292969],"rotationMatrix":[0.9975779056549072,-0.0004692545917350799,0.06955646723508835,-0.001159323030151427,0.9997261762619019,0.02337153069674969,-0.06954838335514069,-0.02339556068181992,0.9973042011260986],"scale":1,"type":"bollard_yellow"}
{"pos":[-823.9400024414063,891.5440063476563,74.86979675292969],"rotationMatrix":[0.9978742599487305,-0.0005890714819543064,-0.06516604870557785,-0.001784277381375432,0.9993373155593872,-0.03635582700371742,0.06514428555965424,0.03639481589198112,0.9972119331359863],"scale":1,"type":"bollard_yellow"}
{"pos":[-851.1309814453125,891.552978515625,74.86979675292969],"rotationMatrix":[0.9995851516723633,-0.0004942642990499735,-0.02879722602665424,0.0007016437593847513,0.9999738931655884,0.007191709242761135,0.02879291959106922,-0.007208931259810925,0.9995594024658203],"scale":1,"type":"bollard_yellow"}
{"pos":[-849.531005859375,891.552001953125,74.86979675292969],"rotationMatrix":[0.9998719692230225,-0.0004524624964687973,0.01599501259624958,0.0002380338701186702,0.9999101161956787,0.01340532954782248,-0.01599964126944542,-0.01339980587363243,0.9997822046279907],"scale":1,"type":"bollard_yellow"}
{"pos":[-846.3309936523438,891.551025390625,74.86979675292969],"rotationMatrix":[0.999351978302002,-0.0006845153984613717,-0.03598826006054878,-0.001374654937535524,0.9983639717102051,-0.05716196447610855,0.03596851229667664,0.05717439576983452,0.9977160692214966],"scale":1,"type":"bollard_yellow"}
{"pos":[-847.9310302734375,891.551025390625,74.86979675292969],"rotationMatrix":[0.999506950378418,-0.0001038175832945853,0.03139817342162132,-0.0007941958028823137,0.9995909929275513,0.02858699113130569,-0.0313883014023304,-0.02859783358871937,0.9990980625152588],"scale":1,"type":"bollard_yellow"}
{"pos":[-841.531005859375,891.5479736328125,74.86979675292969],"rotationMatrix":[0.9976047277450562,-0.0006050284137018025,-0.06916965544223785,0.002155279507860541,0.9997481107711792,0.02233986929059029,0.06913871318101883,-0.02243543975055218,0.9973547458648682],"scale":1,"type":"bollard_yellow"}
{"pos":[-839.9310302734375,891.5469970703125,74.86979675292969],"rotationMatrix":[0.9994751214981079,-0.0002347551635466516,-0.03239485248923302,-0.0009250878356397152,0.999359130859375,-0.03578368201851845,0.03238249197602272,0.03579486533999443,0.9988343715667725],"scale":1,"type":"bollard_yellow"}
{"pos":[-843.1309814453125,891.5490112304688,74.86979675292969],"rotationMatrix":[0.9979901313781738,-0.0003869167703669518,0.06336835026741028,-0.001362895360216498,0.9996190071105957,0.02756779082119465,-0.06335487216711044,-0.02759874798357487,0.9976093769073486],"scale":1,"type":"bollard_yellow"}
{"pos":[-844.7310180664063,891.5499877929688,74.86979675292969],"rotationMatrix":[0.9998843669891357,-0.0005687948432751,0.0151963522657752,0.0004077256890013814,0.999943733215332,0.01060019619762897,-0.01520152669399977,-0.01059277448803186,0.9998283386230469],"scale":1,"type":"bollard_yellow"}
{"pos":[-838.3309936523438,891.5460205078125,74.86979675292969],"rotationMatrix":[0.9991178512573242,-0.0003602922370191664,-0.04199273139238358,-0.001336440094746649,0.9991838932037354,-0.04037030413746834,0.04197300598025322,0.04039081186056137,0.9983019828796387],"scale":1,"type":"bollard_yellow"}
{"pos":[-836.7310180664063,891.5449829101563,74.86979675292969],"rotationMatrix":[0.9990048408508301,-0.0005671998369507492,0.04459827765822411,0.001503772335126996,0.9997789859771729,-0.0209694504737854,-0.04457652568817139,0.02101564779877663,0.9987848997116089],"scale":1,"type":"bollard_yellow"}
{"pos":[-833.531005859375,891.5440063476563,74.86979675292969],"rotationMatrix":[0.9982926845550537,-0.0006335887010209262,-0.05840646103024483,0.003390040714293718,0.9988840818405151,0.04710730910301208,0.05831143632531166,-0.04722488299012184,0.9971808195114136],"scale":1,"type":"bollard_yellow"}
{"pos":[-835.1309814453125,891.5440063476563,74.86979675292969],"rotationMatrix":[0.9999074935913086,-0.0005818049539811909,-0.01358917821198702,0.000108608503069263,0.999394416809082,-0.03479637578129768,0.01360119320452213,0.03479168191552162,0.9993020296096802],"scale":1,"type":"bollard_yellow"}
{"pos":[-828.7310180664063,891.541015625,74.86979675292969],"rotationMatrix":[0.9988861083984375,-0.0004720331344287843,-0.04718388989567757,-0.0004720331344287843,0.9997999668121338,-0.01999508775770664,0.04718388989567757,0.01999508775770664,0.9986860752105713],"scale":1,"type":"bollard_yellow"}
{"pos":[-827.1309814453125,891.5399780273438,74.86979675292969],"rotationMatrix":[0.9980027675628662,-0.0006560248439200222,-0.06316680461168289,-0.001631939550861716,0.9993445873260498,-0.03616258502006531,0.06314913183450699,0.03619344532489777,0.9973475933074951],"scale":1,"type":"bollard_yellow"}
{"pos":[-830.3309936523438,891.5419921875,74.86979675292969],"rotationMatrix":[0.9999277591705322,-0.0005969321937300265,0.01200500316917896,0.0007840687758289278,0.9998781681060791,-0.01558955386281013,-0.01199423521757126,0.01559783983975649,0.9998064041137695],"scale":1,"type":"bollard_yellow"}
{"pos":[-831.9310302734375,891.5430297851563,74.86979675292969],"rotationMatrix":[0.999955415725708,-0.0005990241188555956,-0.009423785842955112,0.001091832295060158,0.9986268281936646,0.05237619578838348,0.009379470720887184,-0.0523841492831707,0.9985829591751099],"scale":1,"type":"bollard_yellow"}
{"pos":[-857.6170043945313,891.5430297851563,74.86979675292969],"rotationMatrix":[0.9988565444946289,-0.0006612083525396883,0.04780341312289238,0.002267227973788977,0.9994344711303711,-0.03354992717504501,-0.0477541945874691,0.03361994400620461,0.9982931613922119],"scale":1,"type":"bollard_yellow"}
{"pos":[-856.0170288085938,891.5419921875,74.86979675292969],"rotationMatrix":[0.9990668296813965,-0.0005876614013686776,-0.04318708553910255,0.0003886706836055964,0.9999892711639404,-0.004615895450115204,0.04318933561444283,0.004594802390784025,0.999056339263916],"scale":1,"type":"bollard_yellow"}
{"pos":[-852.8170166015625,891.5399780273438,74.86979675292969],"rotationMatrix":[0.9999047517776489,-0.0004692490620072931,0.01379373669624329,-0.0004692788352258503,0.9976880550384521,0.06795825809240341,-0.01379373576492071,-0.06795825809240341,0.9975928068161011],"scale":1,"type":"bollard_yellow"}
{"pos":[-854.4169921875,891.541015625,74.86979675292969],"rotationMatrix":[0.9985828399658203,-0.000516825239174068,0.05321695655584335,0.00350662786513567,0.9984188079833984,-0.05610336363315582,-0.05310381576418877,0.0562104694545269,0.9970057010650635],"scale":1,"type":"bollard_yellow"}
{"pos":[-860.8170166015625,891.5440063476563,74.86979675292969],"rotationMatrix":[0.9995059967041016,-0.0005059136310592294,0.0314246192574501,0.00233966507948935,0.9982937574386597,-0.05834466591477394,-0.03134148195385933,0.05838936567306519,0.9978017807006836],"scale":1,"type":"bollard_yellow"}
{"pos":[-859.2169799804688,891.5440063476563,74.86979675292969],"rotationMatrix":[0.9995194673538208,-0.0004608722520060837,0.03099390305578709,-0.00115108978934586,0.998647928237915,0.05197105184197426,-0.03097594901919365,-0.05198175832629204,0.9981675148010254],"scale":1,"type":"bollard_yellow"}
{"pos":[-862.4169921875,891.5449829101563,74.86979675292969],"rotationMatrix":[0.9993942975997925,-0.0005160006694495678,-0.03479614481329918,-0.001711246790364385,0.9979517459869385,-0.06394829601049423,0.03475787118077278,0.06396910548210144,0.9973464012145996],"scale":1,"type":"bollard_yellow"}
{"pos":[-864.0170288085938,891.5460205078125,74.86979675292969],"rotationMatrix":[0.9999256134033203,-0.0002488538157194853,-0.01219449564814568,-0.0002487942401785403,0.9991676807403564,-0.04079073294997215,0.01219449751079082,0.04079073294997215,0.9990932941436768],"scale":1,"type":"bollard_yellow"}
{"pos":[-870.4169921875,891.5499877929688,74.86979675292969],"rotationMatrix":[0.9989027976989746,-0.0005140513530932367,0.04682879894971848,0.003509251866489649,0.9979500770568848,-0.06390093266963959,-0.04669995605945587,0.06399515271186829,0.9968569278717041],"scale":1,"type":"bollard_yellow"}
{"pos":[-868.8170166015625,891.5490112304688,74.86979675292969],"rotationMatrix":[0.9990034103393555,-0.0006068542716093361,0.0446297861635685,0.003416614141315222,0.9980134963989258,-0.06290777027606964,-0.04450295493006706,0.06299756467342377,0.997020959854126],"scale":1,"type":"bollard_yellow"}
{"pos":[-865.6170043945313,891.5469970703125,74.86979675292969],"rotationMatrix":[0.9988670349121094,-0.0004309612850192934,-0.0475863516330719,0.0002593759563751519,0.9999934434890747,-0.003611883614212275,0.04758759588003159,0.003595448797568679,0.9988605976104736],"scale":1,"type":"bollard_yellow"}
{"pos":[-867.2169799804688,891.5479736328125,74.86979675292969],"rotationMatrix":[0.9982805252075195,-0.000597493548411876,-0.05861429870128632,0.003820507088676095,0.9984850883483887,0.05489018186926842,0.05849270522594452,-0.05501973628997803,0.9967705011367798],"scale":1,"type":"bollard_yellow"}
{"pos":[-873.6170043945313,891.551025390625,74.86979675292969],"rotationMatrix":[0.9976437091827393,-0.0004818279412575066,0.06860610097646713,0.004680188838392496,0.9981238842010498,-0.06104758381843567,-0.06844797730445862,0.06122482940554619,0.9957742691040039],"scale":1,"type":"bollard_yellow"}
{"pos":[-872.0170288085938,891.551025390625,74.86979675292969],"rotationMatrix":[0.9976744651794434,-0.000627408386208117,-0.06815620511770248,-0.0006274381885305047,0.9998307228088379,-0.01838836632668972,0.06815620511770248,0.01838836818933487,0.9975051879882813],"scale":1,"type":"bollard_yellow"}
{"pos":[-875.2169799804688,891.552001953125,74.86979675292969],"rotationMatrix":[0.9999768733978271,-0.0001911111903609708,0.006798245944082737,-0.0001911111903609708,0.9984207153320313,0.05617863312363625,-0.006798245944082737,-0.05617863312363625,0.9983975887298584],"scale":1,"type":"bollard_yellow"}
{"pos":[-876.8170166015625,891.552978515625,74.86979675292969],"rotationMatrix":[0.9991083145141602,-0.0005390341393649578,0.04221712052822113,0.002623718930408359,0.9987785816192627,-0.04934025555849075,-0.0421389602124691,0.04940702766180038,0.9978893995285034],"scale":1,"type":"bollard_yellow"}
{"pos":[-902.3829956054688,891.552978515625,74.86979675292969],"rotationMatrix":[0.9986053705215454,-0.0005790867726318538,-0.05279184132814407,0.001909602899104357,0.9996817111968994,0.02515610679984093,0.05276047065854073,-0.02522183582186699,0.998288631439209],"scale":1,"type":"bollard_yellow"}
{"pos":[-900.7830200195313,891.552978515625,74.86979675292969],"rotationMatrix":[0.9992315769195557,-0.0006470053922384977,0.03918975591659546,4.337542850407772e-05,0.999881386756897,0.01540164090692997,-0.03919507190585136,-0.01538810599595308,0.9991130828857422],"scale":1,"type":"bollard_yellow"}
{"pos":[-897.5830078125,891.551025390625,74.86979675292969],"rotationMatrix":[0.9988565444946289,-0.0005177376442588866,-0.04780518263578415,0.002410537796095014,0.9992148876190186,0.03954488039016724,0.0477471761405468,-0.03961490094661713,0.9980735778808594],"scale":1,"type":"bollard_yellow"}
{"pos":[-899.1829833984375,891.552001953125,74.86979675292969],"rotationMatrix":[0.9979375600814819,-0.0005601857556030154,0.06418965756893158,0.00302542163990438,0.9992611408233643,-0.03831474110484123,-0.06412076950073242,0.03842991963028908,0.9972019195556641],"scale":1,"type":"bollard_yellow"}
{"pos":[-892.7830200195313,891.5479736328125,74.86979675292969],"rotationMatrix":[0.9984318017959595,-0.0005761681240983307,-0.05597861483693123,0.0006194026791490614,0.9999995231628418,0.0007549930014647543,0.05597815290093422,-0.0007884823135100305,0.9984316825866699],"scale":1,"type":"bollard_yellow"}
{"pos":[-891.1829833984375,891.5469970703125,74.86979675292969],"rotationMatrix":[0.9991593360900879,-0.0006723605911247432,0.04098986461758614,-0.001648326637223363,0.9983980655670166,0.05655603855848312,-0.04096222668886185,-0.05657606199383736,0.9975576400756836],"scale":1,"type":"bollard_yellow"}
{"pos":[-894.3829956054688,891.5490112304688,74.86979675292969],"rotationMatrix":[0.9991334676742554,-0.0005994192324578762,-0.04161675646901131,0.002637797966599464,0.998798131942749,0.04894214496016502,0.04153740406036377,-0.04900951310992241,0.9979342222213745],"scale":1,"type":"bollard_yellow"}
{"pos":[-895.9829711914063,891.5499877929688,74.86979675292969],"rotationMatrix":[0.9996190071105957,-0.0003648299316409975,0.02759904973208904,-0.001340833026915789,0.9980902671813965,0.06175775825977325,-0.02756887301802635,-0.06177123636007309,0.9977095127105713],"scale":1,"type":"bollard_yellow"}
{"pos":[-889.5830078125,891.5460205078125,74.86979675292969],"rotationMatrix":[0.9978971481323242,-0.0005952785722911358,0.06481456011533737,0.00461289007216692,0.9980745315551758,-0.06185426935553551,-0.0646529421210289,0.06202318146824837,0.9959784746170044],"scale":1,"type":"bollard_yellow"}
{"pos":[-887.9829711914063,891.5460205078125,74.86979675292969],"rotationMatrix":[0.9998781681060791,-0.0005849962471984327,-0.01559829246252775,0.0003915177076123655,0.9999229907989502,-0.01240399852395058,0.01560434699058533,0.01239638030529022,0.9998013973236084],"scale":1,"type":"bollard_yellow"}
{"pos":[-884.7830200195313,891.5440063476563,74.86979675292969],"rotationMatrix":[0.9999768733978271,-0.0005326003301888704,-0.006780044641345739,0.0001576665963511914,0.9984763860702515,-0.05518044531345367,0.006799103692173958,0.05517810210585594,0.9984533786773682],"scale":1,"type":"bollard_yellow"}
{"pos":[-886.3829956054688,891.5449829101563,74.86979675292969],"rotationMatrix":[0.9997445344924927,-0.0005531225469894707,0.02259557135403156,0.0001373381091980264,0.9998307228088379,0.01839855685830116,-0.02260192297399044,-0.01839075237512589,0.9995753765106201],"scale":1,"type":"bollard_yellow"}
{"pos":[-879.9829711914063,891.541015625,74.86979675292969],"rotationMatrix":[0.9986460208892822,-0.000498533365316689,-0.05201803892850876,0.003524868050590158,0.9983043670654297,0.05810306221246719,0.05190087109804153,-0.05820775032043457,0.9969544410705566],"scale":1,"type":"bollard_yellow"}
{"pos":[-878.3829956054688,891.5399780273438,74.86979675292969],"rotationMatrix":[0.9999806880950928,-0.0004562823160085827,0.006198002956807613,0.0002341376966796815,0.999359130859375,0.03579486906528473,-0.00621036347001791,-0.03579272702336311,0.9993399381637573],"scale":1,"type":"bollard_yellow"}
{"pos":[-881.5830078125,891.5419921875,74.86979675292969],"rotationMatrix":[0.9999498128890991,-0.0004819636815227568,-0.01000696793198586,0.0007139807567000389,0.9997307062149048,0.0231949407607317,0.009993094019591808,-0.02320092171430588,0.9996808767318726],"scale":1,"type":"bollard_yellow"}
{"pos":[-883.1829833984375,891.5430297851563,74.86979675292969],"rotationMatrix":[0.9985413551330566,-0.0004101544327568263,0.0539906844496727,0.001879040384665132,0.9996293783187866,-0.0271583367139101,-0.05395953357219696,0.02722017280757427,0.9981720447540283],"scale":1,"type":"bollard_yellow"}
{"pos":[-638.1060180664063,92.90290069580078,102.2269973754883],"rotationMatrix":[0.7070814371109009,0.70713210105896,0,-0.70713210105896,0.7070814371109009,0,0,0,1],"scale":1,"type":"bollard_yellow"}
{"pos":[-636.9749755859375,94.0343017578125,102.2269973754883],"rotationMatrix":[0.7070814371109009,0.70713210105896,0,-0.70713210105896,0.7070814371109009,0,0,0,1],"scale":1,"type":"bollard_yellow"}
{"pos":[-634.7119750976563,96.2969970703125,102.1399993896484],"rotationMatrix":[0.7070814371109009,0.70713210105896,0,-0.70713210105896,0.7070814371109009,0,0,0,1],"scale":1,"type":"bollard_yellow"}
{"pos":[-635.843017578125,95.16560363769531,102.1399993896484],"rotationMatrix":[0.7070814371109009,0.70713210105896,0,-0.70713210105896,0.7070814371109009,0,0,0,1],"scale":1,"type":"bollard_yellow"}
{"pos":[-640.3690185546875,90.64009857177734,102.177001953125],"rotationMatrix":[0.7070814371109009,0.70713210105896,0,-0.70713210105896,0.7070814371109009,0,0,0,1],"scale":1,"type":"bollard_yellow"}
{"pos":[-639.2369995117188,91.77149963378906,102.177001953125],"rotationMatrix":[0.7070814371109009,0.70713210105896,0,-0.70713210105896,0.7070814371109009,0,0,0,1],"scale":1,"type":"bollard_yellow"}
{"pos":[-641.5,89.50879669189453,102.2639999389648],"rotationMatrix":[0.7070814371109009,0.70713210105896,0,-0.70713210105896,0.7070814371109009,0,0,0,1],"scale":1,"type":"bollard_yellow"}
{"pos":[-642.6309814453125,88.37740325927734,102.2639999389648],"rotationMatrix":[0.7070814371109009,0.70713210105896,0,-0.70713210105896,0.7070814371109009,0,0,0,1],"scale":1,"type":"bollard_yellow"}
{"pos":[-647.156982421875,83.85189819335938,102.3889999389648],"rotationMatrix":[0.7070814371109009,0.70713210105896,0,-0.70713210105896,0.7070814371109009,0,0,0,1],"scale":1,"type":"bollard_yellow"}
{"pos":[-646.0260009765625,84.98329925537109,102.3889999389648],"rotationMatrix":[0.7070814371109009,0.70713210105896,0,-0.70713210105896,0.7070814371109009,0,0,0,1],"scale":1,"type":"bollard_yellow"}
{"pos":[-643.7630004882813,87.24600219726563,102.302001953125],"rotationMatrix":[0.7070814371109009,0.70713210105896,0,-0.70713210105896,0.7070814371109009,0,0,0,1],"scale":1,"type":"bollard_yellow"}
{"pos":[-644.8939819335938,86.11470031738281,102.302001953125],"rotationMatrix":[0.7070814371109009,0.70713210105896,0,-0.70713210105896,0.7070814371109009,0,0,0,1],"scale":1,"type":"bollard_yellow"}
{"pos":[-649.4199829101563,81.58920288085938,102.4390029907227],"rotationMatrix":[0.7070814371109009,0.70713210105896,0,-0.70713210105896,0.7070814371109009,0,0,0,1],"scale":1,"type":"bollard_yellow"}
{"pos":[-648.2880249023438,82.72059631347656,102.4390029907227],"rotationMatrix":[0.7070814371109009,0.70713210105896,0,-0.70713210105896,0.7070814371109009,0,0,0,1],"scale":1,"type":"bollard_yellow"}
{"pos":[-650.551025390625,80.45780181884766,102.5260009765625],"rotationMatrix":[0.7070814371109009,0.70713210105896,0,-0.70713210105896,0.7070814371109009,0,0,0,1],"scale":1,"type":"bollard_yellow"}
{"pos":[-651.6820068359375,79.32640075683594,102.5260009765625],"rotationMatrix":[0.7070814371109009,0.70713210105896,0,-0.70713210105896,0.7070814371109009,0,0,0,1],"scale":1,"type":"bollard_yellow"}
