{"pos":[-826.6631469726563,854.7911376953125,74.96601867675781],"rotationMatrix":[-0.01463890075683594,0.9998927712440491,-3.725290298461914e-09,-0.9948813319206238,-0.01456546783447266,-0.09999442100524902,-0.09998370707035065,-0.001463808119297028,0.9949880242347717],"scale":1,"type":"constructionbarrier"}
{"pos":[-828.759765625,854.049560546875,74.88121032714844],"rotationMatrix":[0.03059566020965576,0.9995319247245789,1.665334536937735e-16,-0.9995319247245789,0.03059566020965576,1.862645371275562e-09,1.861773180067416e-09,-5.698913563279007e-11,1],"scale":1,"type":"constructionbarrier"}
{"pos":[-894.2327270507813,800.6347045898438,87.50239562988281],"rotationMatrix":[0.03059566020965576,0.9995319247245789,1.665334536937735e-16,-0.9995319247245789,0.03059566020965576,1.862645371275562e-09,1.861773180067416e-09,-5.698913563279007e-11,1],"scale":1,"type":"constructionbarrier"}
{"pos":[-587.5344848632813,250.3031005859375,110.3277740478516],"rotationMatrix":[0.6949478387832642,0.7083272337913513,-0.1237735524773598,-0.7137134671211243,0.7004368305206299,0.001170162111520767,0.0875244066119194,0.08752565085887909,0.9923098087310791],"scale":1,"type":"constructionbarrier"}
{"pos":[-589.6118774414063,246.6357879638672,110.9023666381836],"rotationMatrix":[-0.7083250284194946,0.7058864235877991,0.0002152882516384125,-0.7004391551017761,-0.7028967142105103,0.1237790733575821,0.08752529323101044,0.08752502501010895,0.9923097491264343],"scale":1,"type":"constructionbarrier"}
{"pos":[-588.2857666015625,247.9235534667969,110.6718139648438],"rotationMatrix":[-0.7083278894424438,0.7058835029602051,0.0002157986164093018,-0.7004362344741821,-0.7028995752334595,0.1237790882587433,0.08752530068159103,0.08752502501010895,0.9923097491264343],"scale":1,"type":"constructionbarrier"}
{"pos":[-586.9600830078125,249.2113647460938,110.4412994384766],"rotationMatrix":[-0.7083276510238647,0.7058836221694946,0.0002157688140869141,-0.7004363536834717,-0.7028993368148804,0.1237790882587433,0.08752530068159103,0.08752502501010895,0.9923097491264343],"scale":1,"type":"constructionbarrier"}
{"pos":[-585.6544189453125,250.4795532226563,110.2142715454102],"rotationMatrix":[-0.7083276510238647,0.7058836221694946,0.0002148337662220001,-0.7004364728927612,-0.7028993368148804,0.1237789392471313,0.08752453327178955,0.08752557635307312,0.9923098087310791],"scale":1,"type":"constructionbarrier"}
{"pos":[-590.88720703125,245.3515472412109,111.1281356811523],"rotationMatrix":[-0.7083250284194946,0.7058864235877991,0.000215284526348114,-0.7004391551017761,-0.7028967142105103,0.1237790882587433,0.08752529323101044,0.08752502501010895,0.9923097491264343],"scale":1,"type":"constructionbarrier"}
{"pos":[-636.4109497070313,270.4660949707031,121.9269409179688],"rotationMatrix":[-0.7005689144134521,-0.7135822772979736,-0.001899354159832001,0.6991580724716187,-0.6858704090118408,-0.2018907219171524,0.1427629292011261,-0.1427663117647171,0.9794062376022339],"scale":1,"type":"constructionbarrier"}
{"pos":[-625.3862915039063,259.5376892089844,118.7269287109375],"rotationMatrix":[-0.7005720138549805,-0.7135790586471558,-0.001898288726806641,0.6991548538208008,-0.6858736276626587,-0.2018905431032181,0.1427628844976425,-0.142766073346138,0.9794062376022339],"scale":1,"type":"constructionbarrier"}
{"pos":[-631.8927001953125,265.9912414550781,120.6160583496094],"rotationMatrix":[-0.7005718946456909,-0.7135792970657349,-0.001898348331451416,0.6991550922393799,-0.6858735084533691,-0.2018905431032181,0.1427628844976425,-0.142766073346138,0.9794062376022339],"scale":1,"type":"constructionbarrier"}
{"pos":[-633.1907958984375,267.30712890625,120.9970855712891],"rotationMatrix":[-0.7005690336227417,-0.7135822176933289,-0.001899197697639465,0.6991580128669739,-0.6858706474304199,-0.2018905282020569,0.1427628844976425,-0.1427660882472992,0.9794062376022339],"scale":1,"type":"constructionbarrier"}
{"pos":[-630.5985717773438,264.7259521484375,120.2429809570313],"rotationMatrix":[-0.7005718946456909,-0.7135792970657349,-0.001898355782032013,0.6991550922393799,-0.6858735084533691,-0.2018904983997345,0.1427628695964813,-0.1427660584449768,0.9794062376022339],"scale":1,"type":"constructionbarrier"}
{"pos":[-629.285400390625,263.4545593261719,119.8662338256836],"rotationMatrix":[-0.7014203071594238,-0.7127459645271301,-0.001653179526329041,0.6983038783073425,-0.6867393255233765,-0.2018926739692688,0.1427628844976425,-0.1427660584449768,0.9794062376022339],"scale":1,"type":"constructionbarrier"}
{"pos":[-628.007080078125,262.1590881347656,119.4910583496094],"rotationMatrix":[-0.7014203071594238,-0.7127459645271301,-0.001653179526329041,0.6983038783073425,-0.6867393255233765,-0.2018926739692688,0.1427628844976425,-0.1427660584449768,0.9794062376022339],"scale":1,"type":"constructionbarrier"}
{"pos":[-626.7178955078125,260.8350219726563,119.1101379394531],"rotationMatrix":[-0.7005718946456909,-0.7135792970657349,-0.001898340880870819,0.6991550922393799,-0.6858735084533691,-0.2018906027078629,0.1427629292011261,-0.1427661031484604,0.9794062376022339],"scale":1,"type":"constructionbarrier"}
{"pos":[-615.0797119140625,249.0778656005859,115.6998825073242],"rotationMatrix":[-0.7059004306793213,-0.7083109617233276,-0.0003499388694763184,0.6937743425369263,-0.6913133859634399,-0.2018981277942657,0.1427647471427917,-0.1427627503871918,0.979406476020813],"scale":1,"type":"constructionbarrier"}
{"pos":[-616.3729858398438,250.3974456787109,116.0807571411133],"rotationMatrix":[-0.7067424058914185,-0.7074710726737976,-0.0001047775149345398,0.6929166913032532,-0.6921731233596802,-0.2018984705209732,0.1427648067474365,-0.1427627950906754,0.979406476020813],"scale":1,"type":"constructionbarrier"}
{"pos":[-617.6411743164063,251.7028503417969,116.4559097290039],"rotationMatrix":[-0.7067424058914185,-0.7074710726737976,-0.0001047775149345398,0.6929166913032532,-0.6921731233596802,-0.2018984705209732,0.1427648067474365,-0.1427627950906754,0.979406476020813],"scale":1,"type":"constructionbarrier"}
{"pos":[-618.9298706054688,252.9989776611328,116.8326568603516],"rotationMatrix":[-0.7059004306793213,-0.7083109617233276,-0.0003499314188957214,0.6937742233276367,-0.6913133859634399,-0.2018987387418747,0.1427651941776276,-0.1427631825208664,0.9794063568115234],"scale":1,"type":"constructionbarrier"}
{"pos":[-624.0579223632813,258.2317504882813,118.3429336547852],"rotationMatrix":[-0.7058979272842407,-0.708313524723053,-0.0003544166684150696,0.6937772631645203,-0.6913101673126221,-0.2018990814685822,0.1427628397941589,-0.1427660286426544,0.9794062376022339],"scale":1,"type":"constructionbarrier"}
{"pos":[-622.7896728515625,256.9260864257813,117.9677505493164],"rotationMatrix":[-0.7058978080749512,-0.708313524723053,-0.0003544166684150696,0.6937772631645203,-0.6913101673126221,-0.201899066567421,0.1427628397941589,-0.1427660137414932,0.9794062972068787],"scale":1,"type":"constructionbarrier"}
{"pos":[-621.5018920898438,255.6003875732422,117.5867767333984],"rotationMatrix":[-0.7058975696563721,-0.7083138823509216,-0.0003507360816001892,0.6937771439552307,-0.6913104057312012,-0.2018987387418747,0.14276522397995,-0.142763152718544,0.9794063568115234],"scale":1,"type":"constructionbarrier"}
{"pos":[-620.214111328125,254.2743072509766,117.2057495117188],"rotationMatrix":[-0.7059003114700317,-0.7083109617233276,-0.000349871814250946,0.6937742233276367,-0.6913133859634399,-0.2018987238407135,0.14276522397995,-0.1427631378173828,0.9794063568115234],"scale":1,"type":"constructionbarrier"}
{"pos":[-613.75830078125,247.7700958251953,115.3166427612305],"rotationMatrix":[-0.7059006690979004,-0.7083107829093933,-0.000349871814250946,0.6937741637229919,-0.691313624382019,-0.2018981277942657,0.1427647471427917,-0.1427627503871918,0.979406476020813],"scale":1,"type":"constructionbarrier"}
{"pos":[-990.7827758789063,-286.4386901855469,101.4870147705078],"rotationMatrix":[-0.01101517677307129,0.9998903870582581,0.0098915696144104,-0.985435426235199,-0.01253366470336914,0.1695873141288757,0.1696926951408386,-0.007879458367824554,0.9854655265808105],"scale":1,"type":"constructionbarrier"}
{"pos":[-992.8494262695313,-286.2371215820313,101.9562530517578],"rotationMatrix":[0.1494532227516174,0.9618280529975891,-0.2292390018701553,-0.9631734490394592,0.1940276026725769,0.1861454695463181,0.2235186249017715,0.1929768770933151,0.9554053544998169],"scale":1,"type":"constructionbarrier"}
{"pos":[-933.8663330078125,-547.26904296875,104.626579284668],"rotationMatrix":[0.9747998714447021,0.2229274809360504,0.008281855843961239,-0.2226459681987762,0.9745451211929321,-0.02627797797322273,-0.01392912585288286,0.02377184852957726,0.9996203780174255],"scale":1,"type":"constructionbarrier"}
{"pos":[-933.001220703125,-548.8795166015625,104.6769256591797],"rotationMatrix":[0.7435961961746216,0.6686061024665833,-0.005538520403206348,-0.6684839129447937,0.743236780166626,-0.0269894152879715,-0.01392885390669107,0.02377163618803024,0.9996203780174255],"scale":1,"type":"constructionbarrier"}
{"pos":[985.1162109375,-712.2769775390625,165.8534698486328],"rotationMatrix":[-0.9192205667495728,0.3749983608722687,0.1200411096215248,-0.3625055253505707,-0.9250128269195557,0.1137589514255524,0.1536989808082581,0.06105399504303932,0.9862297177314758],"scale":1,"type":"constructionbarrier"}
{"pos":[984.3935546875,-714.2135009765625,166.0859832763672],"rotationMatrix":[-0.9490067958831787,0.2871472239494324,0.1301247179508209,-0.2752462029457092,-0.9559378623962402,0.1020897179841995,0.1537059247493744,0.06106750667095184,0.986227810382843],"scale":1,"type":"constructionbarrier"}
{"pos":[983.98876953125,-716.1500244140625,166.2724914550781],"rotationMatrix":[-0.9923231601715088,0.1213660463690758,0.02376619726419449,-0.1190727427601814,-0.9895340204238892,0.08151025325059891,0.03341004252433777,0.07805461436510086,0.9963890910148621],"scale":1,"type":"constructionbarrier"}
{"pos":[983.79150390625,-718.0377807617188,166.4234008789063],"rotationMatrix":[-0.9955331087112427,0.08902899175882339,-0.03142648935317993,-0.08873865753412247,-0.9959994554519653,-0.01051813270896673,-0.03223718702793121,-0.007682404480874538,0.9994507431983948],"scale":1,"type":"constructionbarrier"}
{"pos":[181.2980651855469,853.2970581054688,101.9191741943359],"rotationMatrix":[0.9967811703681946,0.07574416697025299,-0.0262699443846941,-0.07518748939037323,0.9969360828399658,0.02156918123364449,0.0278231967240572,-0.01952458173036575,0.9994221925735474],"scale":1,"type":"constructionbarrier"}
{"pos":[181.5042419433594,851.4398193359375,101.8771514892578],"rotationMatrix":[0.9895941615104675,0.141736626625061,-0.02478063851594925,-0.1411708891391754,0.9897118210792542,0.02326497621834278,0.02782319113612175,-0.0195245798677206,0.9994221925735474],"scale":1,"type":"constructionbarrier"}
{"pos":[181.7508239746094,849.6104736328125,101.8345489501953],"rotationMatrix":[0.9921957850456238,0.1221093684434891,-0.02523649856448174,-0.1215460747480392,0.9923245906829834,0.02276969142258167,0.02782319113612175,-0.0195245947688818,0.9994221925735474],"scale":1,"type":"constructionbarrier"}
{"pos":[181.9359436035156,847.7695922851563,101.7934341430664],"rotationMatrix":[0.9942836761474609,0.1036423891782761,-0.02565539442002773,-0.1030815839767456,0.994422972202301,0.02229664288461208,0.0278231892734766,-0.0195245910435915,0.9994221925735474],"scale":1,"type":"constructionbarrier"}
{"pos":[181.2445373535156,855.1785888671875,101.9574203491211],"rotationMatrix":[0.9996047616004944,-0.003475649049505591,-0.02789618261158466,0.004018302075564861,0.999803364276886,0.01942016743123531,0.0278232004493475,-0.0195245873183012,0.9994221925735474],"scale":1,"type":"constructionbarrier"}
{"pos":[181.0559387207031,857.075439453125,101.9997253417969],"rotationMatrix":[0.9749953746795654,0.2210498601198196,-0.02282476983964443,-0.2204764932394028,0.9750670194625854,0.0251866914331913,0.0278231967240572,-0.01952458173036575,0.9994221925735474],"scale":1,"type":"constructionbarrier"}
{"pos":[937.4891967773438,-986.6851196289063,167.0029754638672],"rotationMatrix":[-0.8670495748519897,0.4982216656208038,5.03544470120687e-07,-0.4982216656208038,-0.8670495748519897,3.576651215553284e-05,1.825624713092111e-05,3.076046414207667e-05,1],"scale":1,"type":"constructionbarrier"}
{"pos":[938.3978271484375,-985.089111328125,167.0028991699219],"rotationMatrix":[-0.8844472169876099,0.4666401445865631,1.792623152141459e-06,-0.4666401445865631,-0.8844472169876099,3.572510468075052e-05,1.825625076889992e-05,3.076046414207667e-05,1],"scale":1,"type":"constructionbarrier"}
{"pos":[939.314208984375,-983.4497680664063,167.0028381347656],"rotationMatrix":[-0.8720011711120605,0.489503800868988,-5.95887286181096e-07,-0.489503800868988,-0.8720011711120605,3.485031993477605e-05,1.653975050430745e-05,3.068121077376418e-05,1],"scale":1,"type":"constructionbarrier"}
{"pos":[934.2930908203125,-991.2978515625,167.003173828125],"rotationMatrix":[-0.8451564311981201,0.5345190763473511,-9.568793757352978e-07,-0.5345190763473511,-0.8451564311981201,3.675068728625774e-05,1.883523145806976e-05,3.157155151711777e-05,1],"scale":1,"type":"constructionbarrier"}
{"pos":[936.4635620117188,-988.2822875976563,167.0030364990234],"rotationMatrix":[-0.8137295246124268,0.581243634223938,-4.419763172336388e-06,-0.581243634223938,-0.8137295246124268,3.557154559530318e-05,1.707924457150511e-05,3.151458076899871e-05,1],"scale":1,"type":"constructionbarrier"}
{"pos":[935.3536987304688,-989.7789916992188,167.0031127929688],"rotationMatrix":[-0.7922203540802002,0.6102352738380432,-5.700786459783558e-06,-0.6102352738380432,-0.7922203540802002,3.538884993758984e-05,1.707924457150511e-05,3.151458440697752e-05,1],"scale":1,"type":"constructionbarrier"}
{"pos":[942.3353271484375,-978.7189331054688,167.0026397705078],"rotationMatrix":[-0.7929692268371582,0.6092615127563477,-4.184720637567807e-06,-0.6092615127563477,-0.7929692268371582,3.452488090260886e-05,1.771632742020302e-05,2.992676127178129e-05,1],"scale":1,"type":"constructionbarrier"}
{"pos":[943.4432373046875,-977.2208251953125,167.0025787353516],"rotationMatrix":[-0.8144429922103882,0.5802434682846069,-2.935930297098821e-06,-0.5802434682846069,-0.8144429922103882,3.465351619524881e-05,1.771633105818182e-05,2.99268704111455e-05,1],"scale":1,"type":"constructionbarrier"}
{"pos":[940.277587890625,-981.8294677734375,167.0027770996094],"rotationMatrix":[-0.8594120740890503,0.5112836956977844,-1.434568730473984e-06,-0.5112836956977844,-0.8594120740890503,3.581750570447184e-05,1.708001946099102e-05,3.151546479784884e-05,1],"scale":1,"type":"constructionbarrier"}
{"pos":[941.2764892578125,-980.2391967773438,167.0027008056641],"rotationMatrix":[-0.8458124399185181,0.5334805846214294,-9.568793757352978e-07,-0.5334805846214294,-0.8458124399185181,3.675068728625774e-05,1.879643605207093e-05,3.159465995850042e-05,1],"scale":1,"type":"constructionbarrier"}
{"pos":[946.2880859375,-972.3849487304688,167.0023040771484],"rotationMatrix":[-0.8726016283035278,0.4884323179721832,3.343422577017918e-06,-0.4884323179721832,-0.8726016283035278,8.073088247328997e-05,4.234905281919055e-05,6.881287845317274e-05,1],"scale":1,"type":"constructionbarrier"}
{"pos":[945.3736572265625,-974.025390625,167.00244140625],"rotationMatrix":[-0.8850197792053223,0.4655532240867615,1.761570274538826e-06,-0.4655532240867615,-0.8850197792053223,3.725901478901505e-05,1.890508065116592e-05,3.215486503904685e-05,1],"scale":1,"type":"constructionbarrier"}
{"pos":[944.4669799804688,-975.6224365234375,167.0025024414063],"rotationMatrix":[-0.8676609992980957,0.4971560835838318,6.387717803590931e-07,-0.4971560835838318,-0.8676609992980957,3.744178684428334e-05,1.916864857776091e-05,3.216921322746202e-05,1],"scale":1,"type":"constructionbarrier"}
{"pos":[948.2938232421875,-969.257080078125,167.0018920898438],"rotationMatrix":[-0.8437256813049316,0.5367745757102966,-2.414250047877431e-06,-0.5367745757102966,-0.8437256813049316,0.0001514599425718188,7.92628779890947e-05,0.0001290865475311875,1],"scale":1,"type":"constructionbarrier"}
{"pos":[947.2657470703125,-970.811279296875,167.0021514892578],"rotationMatrix":[-0.8238019943237305,0.5668776631355286,-4.831759724766016e-06,-0.5668776631355286,-0.8238019943237305,8.01337300799787e-05,4.144560807617381e-05,6.875334656797349e-05,1],"scale":1,"type":"constructionbarrier"}
{"pos":[949.25341796875,-967.6473999023438,167.0016174316406],"rotationMatrix":[-0.8676605224609375,0.497156947851181,1.728811184875667e-06,-0.497156947851181,-0.8676605224609375,0.0001494661555625498,7.580815872643143e-05,0.0001288264174945652,1],"scale":1,"type":"constructionbarrier"}
{"pos":[950.075439453125,-966.0051879882813,167.0012359619141],"rotationMatrix":[-0.8850193023681641,0.4655544459819794,1.20770710054785e-05,-0.4655544459819794,-0.8850193023681641,0.0002239953610114753,0.0001149704767158255,0.0001926176773849875,1],"scale":1,"type":"constructionbarrier"}
{"pos":[950.9769287109375,-964.3699951171875,167.0008239746094],"rotationMatrix":[-0.8578037023544312,0.5139774680137634,-3.836794348899275e-07,-0.5139774680137634,-0.8578037023544312,0.0002243190829176456,0.0001149658201029524,0.0001926189288496971,1],"scale":1,"type":"constructionbarrier"}
{"pos":[905.2275390625,923.5838623046875,117.3300628662109],"rotationMatrix":[-0.6511826515197754,-0.7587745189666748,-0.01491142995655537,0.7589000463485718,-0.6511850357055664,-0.005362183786928654,-0.005641411524266005,-0.01480804663151503,0.9998744130134583],"scale":1,"type":"constructionbarrier"}
{"pos":[913.5624389648438,902.0703125,117.1295166015625],"rotationMatrix":[0.2689133882522583,-0.963107705116272,-0.01044475473463535,0.9631243944168091,0.2687875628471375,0.01202820055186749,-0.008777033537626266,-0.01329414173960686,0.9998731017112732],"scale":1,"type":"constructionbarrier"}
{"pos":[915.3458251953125,902.5623168945313,117.1517105102539],"rotationMatrix":[0.2869471311569214,-0.9578918814659119,-0.01021710224449635,0.957906186580658,0.2868210673332214,0.01222216803580523,-0.008777035400271416,-0.01329414080828428,0.9998731017112732],"scale":1,"type":"constructionbarrier"}
{"pos":[917.1749877929688,903.1187744140625,117.1681442260742],"rotationMatrix":[0.3107169270515442,-0.95045006275177,-0.009977522306144238,0.9504625797271729,0.3105906248092651,0.01241851598024368,-0.00870425533503294,-0.01334190554916859,0.9998731017112732],"scale":1,"type":"constructionbarrier"}
{"pos":[918.9683227539063,903.64404296875,117.1909103393555],"rotationMatrix":[0.2469131946563721,-0.9689777493476868,-0.01077206805348396,0.9689975380897522,0.2467867136001587,0.01183372084051371,-0.008808208629488945,-0.01336000952869654,0.9998719692230225],"scale":1,"type":"constructionbarrier"}
{"pos":[907.9717407226563,901.0805053710938,117.0675964355469],"rotationMatrix":[0.1323611736297607,-0.9911287426948547,-0.01201100368052721,0.9911637902259827,0.1322405934333801,0.01033490523695946,-0.008654878474771976,-0.01327281259000301,0.999874472618103],"scale":1,"type":"constructionbarrier"}
{"pos":[906.1294555664063,900.76806640625,117.0475006103516],"rotationMatrix":[0.1978243589401245,-0.980172336101532,-0.01129891723394394,0.9801992774009705,0.1977016925811768,0.01110896375030279,-0.00865488313138485,-0.01327281352132559,0.999874472618103],"scale":1,"type":"constructionbarrier"}
{"pos":[904.3172607421875,900.416748046875,117.0271530151367],"rotationMatrix":[0.1786013841629028,-0.9838541150093079,-0.01151418499648571,0.9838834404945374,0.1784793138504028,0.01088568288832903,-0.0086548812687397,-0.01327281352132559,0.999874472618103],"scale":1,"type":"constructionbarrier"}
{"pos":[902.490234375,900.1264038085938,117.0075531005859],"rotationMatrix":[0.1600845456123352,-0.9870337843894958,-0.01171515975147486,0.9870665669441223,0.1599648594856262,0.01053198333829641,-0.008521408773958683,-0.0132496515288949,0.9998759031295776],"scale":1,"type":"constructionbarrier"}
{"pos":[909.8472290039063,901.241943359375,117.0859756469727],"rotationMatrix":[0.05327391624450684,-0.9984980225563049,-0.01279340591281652,0.9985424876213074,0.05315649509429932,0.009348973631858826,-0.008654878474771976,-0.01327281631529331,0.999874472618103],"scale":1,"type":"constructionbarrier"}
{"pos":[911.7301635742188,901.5391845703125,117.1063690185547],"rotationMatrix":[0.2787549495697021,-0.9603068232536316,-0.01032111980021,0.9603222012519836,0.2786290049552917,0.01213445514440536,-0.008777035400271416,-0.01329413987696171,0.9998731017112732],"scale":1,"type":"constructionbarrier"}
{"pos":[900.61474609375,899.8309936523438,116.9884185791016],"rotationMatrix":[0.1393765211105347,-0.9901667833328247,-0.01199015416204929,0.9902033805847168,0.1392579078674316,0.01021935418248177,-0.008449142798781395,-0.01329702883958817,0.9998759031295776],"scale":1,"type":"constructionbarrier"}
{"pos":[898.748291015625,899.5560913085938,116.9689865112305],"rotationMatrix":[0.1570243835449219,-0.987524151802063,-0.01180588454008102,0.9875586032867432,0.1569051742553711,0.01043169014155865,-0.008449140936136246,-0.01329703256487846,0.9998759031295776],"scale":1,"type":"constructionbarrier"}
{"pos":[896.83837890625,899.295654296875,116.9493865966797],"rotationMatrix":[0.1219930648803711,-0.9924563765525818,-0.01216749474406242,0.9924950003623962,0.1218751668930054,0.01000754907727242,-0.008449140936136246,-0.01329702883958817,0.9998759031295776],"scale":1,"type":"constructionbarrier"}
{"pos":[894.9598388671875,898.9956665039063,116.9295806884766],"rotationMatrix":[0.1849249005317688,-0.9826852679252625,-0.01150632556527853,0.9827174544334412,0.1848065257072449,0.0106254555284977,-0.00831503514200449,-0.01327237859368324,0.9998773336410522],"scale":1,"type":"constructionbarrier"}
{"pos":[-976.341796875,165.9481353759766,157.7880096435547],"rotationMatrix":[-0.8893520832061768,-0.4572232365608215,0,0.4572232365608215,-0.8893520832061768,0,0,0,1],"scale":1,"type":"constructionbarrier"}
{"pos":[-975.5601806640625,164.2355804443359,157.7856140136719],"rotationMatrix":[-0.9228132963180542,-0.385247141122818,0.0003663599491119385,0.3852418959140778,-0.9228048324584961,-0.004434808623045683,0.002046576235443354,-0.003951363731175661,0.9999901056289673],"scale":1,"type":"constructionbarrier"}
{"pos":[-974.6478271484375,162.5618438720703,157.7879486083984],"rotationMatrix":[-0.8128986358642578,-0.5823978781700134,0.00290136830881238,0.5824049115180969,-0.8128846883773804,0.004778771195560694,-0.0004246681928634644,0.005574428010731936,0.9999843835830688],"scale":1,"type":"constructionbarrier"}
{"pos":[-973.5697021484375,161.0290069580078,157.78759765625],"rotationMatrix":[-0.8317669630050659,-0.5551199316978455,-0.002387630986049771,0.555122435092926,-0.8317685127258301,-0.0004771648673340678,-0.001721072592772543,-0.001722317538224161,0.9999970197677612],"scale":1,"type":"constructionbarrier"}
{"pos":[-976.771728515625,167.8841247558594,157.7880096435547],"rotationMatrix":[-0.9990137815475464,-0.04439848661422729,0,0.04439848661422729,-0.9990137815475464,0,0,0,1],"scale":1,"type":"constructionbarrier"}
{"pos":[-976.9007568359375,169.7537384033203,157.7926940917969],"rotationMatrix":[-0.9969271421432495,-0.07757699489593506,0.01086289249360561,0.07743394374847412,-0.9969123601913452,-0.01302298717200756,0.01183963753283024,-0.01214181259274483,0.999856173992157],"scale":1,"type":"constructionbarrier"}
{"pos":[-976.81494140625,171.6580200195313,157.8417205810547],"rotationMatrix":[-0.9877623319625854,0.1468304246664047,0.05259772762656212,-0.1489966362714767,-0.9880311489105225,-0.03993004187941551,0.04610524699091911,-0.0472782738506794,0.9978171586990356],"scale":1,"type":"constructionbarrier"}
{"pos":[-976.5972900390625,173.5278778076172,157.9290771484375],"rotationMatrix":[-0.995686411857605,0.06721605360507965,0.06395691633224487,-0.07087256014347076,-0.9958707094192505,-0.05673112347722054,0.05987958237528801,-0.06101920083165169,0.9963388442993164],"scale":1,"type":"constructionbarrier"}
{"pos":[-974.0562744140625,180.7046508789063,158.3419189453125],"rotationMatrix":[-0.8949624300003052,0.4171853959560394,0.1581092923879623,-0.4297145307064056,-0.9013437032699585,-0.05408228933811188,0.1199484840035439,-0.1163434833288193,0.9859394431114197],"scale":1,"type":"constructionbarrier"}
{"pos":[-973.3489990234375,182.3860626220703,158.4606323242188],"rotationMatrix":[-0.933988094329834,0.3168761730194092,0.165093332529068,-0.3324894309043884,-0.9399709701538086,-0.07684597373008728,0.1308322846889496,-0.126665011048317,0.9832796454429626],"scale":1,"type":"constructionbarrier"}
{"pos":[-972.73388671875,184.1572875976563,158.7634735107422],"rotationMatrix":[-0.9234760999679565,0.3429189920425415,0.1720414012670517,-0.3597124814987183,-0.9298428297042847,-0.07745300233364105,0.1334113925695419,-0.1334114521741867,0.9820401072502136],"scale":1,"type":"constructionbarrier"}
{"pos":[-974.9376220703125,179.0412139892578,158.2529754638672],"rotationMatrix":[-0.8606356382369995,0.4895925223827362,0.1400197893381119,-0.4988273680210114,-0.8658435344696045,-0.03855208680033684,0.102360412478447,-0.1030249893665314,0.9893978834152222],"scale":1,"type":"constructionbarrier"}
{"pos":[-975.708740234375,177.2979278564453,158.1526794433594],"rotationMatrix":[-0.9524184465408325,0.2847633957862854,0.1086680293083191,-0.2921032309532166,-0.9545868635177612,-0.05864782631397247,0.08703231811523438,-0.08759956061840057,0.9923465847969055],"scale":1,"type":"constructionbarrier"}
{"pos":[-976.266845703125,175.5089111328125,158.0449981689453],"rotationMatrix":[-0.9436353445053101,0.31766676902771,0.09295380115509033,-0.3228486180305481,-0.9452846050262451,-0.04696815088391304,0.07294756174087524,-0.07433080673217773,0.994562029838562],"scale":1,"type":"constructionbarrier"}
{"pos":[-933.2727661132813,865.002685546875,74.8253173828125],"rotationMatrix":[-0.9134501218795776,0.4069507718086243,0,-0.4069507718086243,-0.9134501218795776,0,0,0,1],"scale":1,"type":"constructionbarrier"}
{"pos":[-932.78857421875,866.82666015625,74.82353973388672],"rotationMatrix":[-0.9927531480789185,0.1201715171337128,0,-0.1201715171337128,-0.9927531480789185,0,0,0,1],"scale":1,"type":"constructionbarrier"}
{"pos":[-903.431396484375,891.1096801757813,74.86978912353516],"rotationMatrix":[-0.9098535776138306,0.4149294197559357,0,-0.4149294197559357,-0.9098535776138306,0,0,0,1],"scale":1,"type":"constructionbarrier"}
{"pos":[-904.4892578125,889.5521850585938,74.86978912353516],"rotationMatrix":[-0.7427471876144409,0.6695719361305237,0,-0.6695719361305237,-0.7427471876144409,0,0,0,1],"scale":1,"type":"constructionbarrier"}
{"pos":[-905.7532958984375,888.16552734375,74.86978149414063],"rotationMatrix":[-0.7427471876144409,0.6695719361305237,0,-0.6695719361305237,-0.7427471876144409,0,0,0,1],"scale":1,"type":"constructionbarrier"}
{"pos":[-907.017333984375,886.7612915039063,74.68829345703125],"rotationMatrix":[-0.7427471876144409,0.6695719361305237,0,-0.6695719361305237,-0.7427471876144409,0,0,0,1],"scale":1,"type":"constructionbarrier"}
{"pos":[-912.0938720703125,884.7644653320313,74.66040802001953],"rotationMatrix":[-0.202350378036499,0.9793131351470947,0,-0.9793131351470947,-0.202350378036499,0,0,0,1],"scale":1,"type":"constructionbarrier"}
{"pos":[-910.324951171875,885.2089233398438,74.66886901855469],"rotationMatrix":[-0.3057706356048584,0.9521051645278931,0,-0.9521051645278931,-0.3057706356048584,0,0,0,1],"scale":1,"type":"constructionbarrier"}
{"pos":[-908.5390625,885.7810668945313,74.67996215820313],"rotationMatrix":[-0.2782211303710938,0.9605171084403992,0,-0.9605171084403992,-0.2782211303710938,0,0,0,1],"scale":1,"type":"constructionbarrier"}
{"pos":[-913.953125,884.469970703125,74.66505432128906],"rotationMatrix":[-0.1240417957305908,0.9922770261764526,0,-0.9922770261764526,-0.1240417957305908,0,0,0,1],"scale":1,"type":"constructionbarrier"}
{"pos":[-915.81005859375,884.039306640625,74.67117309570313],"rotationMatrix":[-0.3434346914291382,0.9391764402389526,0,-0.9391764402389526,-0.3434346914291382,0,0,0,1],"scale":1,"type":"constructionbarrier"}
{"pos":[-917.5755615234375,883.4110717773438,74.68189239501953],"rotationMatrix":[-0.31209397315979,0.9500512480735779,0,-0.9500512480735779,-0.31209397315979,0,0,0,1],"scale":1,"type":"constructionbarrier"}
{"pos":[-927.8814697265625,878.9442749023438,74.66640472412109],"rotationMatrix":[-0.4591825008392334,0.888342022895813,0,-0.888342022895813,-0.4591825008392334,0,0,0,1],"scale":1,"type":"constructionbarrier"}
{"pos":[-926.2381591796875,879.8452758789063,74.66620635986328],"rotationMatrix":[-0.4883955717086792,0.8726223707199097,0,-0.8726223707199097,-0.4883955717086792,0,0,0,1],"scale":1,"type":"constructionbarrier"}
{"pos":[-924.473388671875,880.565673828125,74.67414093017578],"rotationMatrix":[-0.2802366018295288,0.9599310159683228,0,-0.9599310159683228,-0.2802366018295288,0,0,0,1],"scale":1,"type":"constructionbarrier"}
{"pos":[-919.336669921875,882.7208862304688,74.689208984375],"rotationMatrix":[-0.427404522895813,0.9040604829788208,0,-0.9040604829788208,-0.427404522895813,0,0,0,1],"scale":1,"type":"constructionbarrier"}
{"pos":[-921.0087890625,881.8721923828125,74.69026184082031],"rotationMatrix":[-0.4532662630081177,0.8913752436637878,0,-0.8913752436637878,-0.4532662630081177,0,0,0,1],"scale":1,"type":"constructionbarrier"}
{"pos":[-922.6846923828125,881.152099609375,74.68663787841797],"rotationMatrix":[-0.3554878234863281,0.9346809387207031,0,-0.9346809387207031,-0.3554878234863281,0,0,0,1],"scale":1,"type":"constructionbarrier"}
{"pos":[-930.2747802734375,873.9793090820313,74.66781616210938],"rotationMatrix":[-0.9198172092437744,0.3923469483852386,0,-0.3923469483852386,-0.9198172092437744,0,0,0,1],"scale":1,"type":"constructionbarrier"}
{"pos":[-929.630859375,875.6858520507813,74.66865539550781],"rotationMatrix":[-0.9564549922943115,0.2918798327445984,0,-0.2918798327445984,-0.9564549922943115,0,0,0,1],"scale":1,"type":"constructionbarrier"}
{"pos":[-929.082275390625,877.4788818359375,74.66972351074219],"rotationMatrix":[-0.9476513862609863,0.3193070292472839,0,-0.3193070292472839,-0.9476513862609863,0,0,0,1],"scale":1,"type":"constructionbarrier"}
{"pos":[-931.09326171875,872.2840576171875,74.66718292236328],"rotationMatrix":[-0.8858017921447754,0.4640639126300812,0,-0.4640639126300812,-0.8858017921447754,0,0,0,1],"scale":1,"type":"constructionbarrier"}
{"pos":[-931.7987060546875,870.51318359375,74.66550445556641],"rotationMatrix":[-0.9673174619674683,0.2535683810710907,0,-0.2535683810710907,-0.9673174619674683,0,0,0,1],"scale":1,"type":"constructionbarrier"}
{"pos":[-932.2896728515625,868.70458984375,74.66515350341797],"rotationMatrix":[-0.9583745002746582,0.2855144143104553,0,-0.2855144143104553,-0.9583745002746582,0,0,0,1],"scale":1,"type":"constructionbarrier"}
{"pos":[-936.4376831054688,777.4435424804688,92.40784454345703],"rotationMatrix":[0.03014445304870605,-0.9995455741882324,0,0.9995455741882324,0.03014445304870605,0,0,0,1],"scale":1,"type":"constructionbarrier"}
{"pos":[-937.5218505859375,765.5922241210938,92.25810241699219],"rotationMatrix":[-0.9971773624420166,-0.07508073747158051,0,0.07508073747158051,-0.9971773624420166,0,0,0,1],"scale":1,"type":"constructionbarrier"}
{"pos":[-937.708251953125,767.4569702148438,92.26045989990234],"rotationMatrix":[-0.994138240814209,-0.1081154048442841,0,0.1081154048442841,-0.994138240814209,0,0,0,1],"scale":1,"type":"constructionbarrier"}
{"pos":[-937.680908203125,769.3629760742188,92.26094055175781],"rotationMatrix":[-0.9930599927902222,0.1176101341843605,0,-0.1176101341843605,-0.9930599927902222,0,0,0,1],"scale":1,"type":"constructionbarrier"}
{"pos":[-937.6549072265625,774.9334106445313,92.43048858642578],"rotationMatrix":[-0.9992121458053589,-0.03968602418899536,0,0.03968602418899536,-0.9992121458053589,0,0,0,1],"scale":1,"type":"constructionbarrier"}
{"pos":[-937.5279541015625,773.0626831054688,92.23352813720703],"rotationMatrix":[-0.9976546764373779,-0.06844934076070786,0,0.06844934076070786,-0.9976546764373779,0,0,0,1],"scale":1,"type":"constructionbarrier"}
{"pos":[-937.520751953125,771.2386474609375,92.24999237060547],"rotationMatrix":[-0.9992595911026001,0.03847769275307655,0,-0.03847769275307655,-0.9992595911026001,0,0,0,1],"scale":1,"type":"constructionbarrier"}
{"pos":[-933.5484619140625,762.4251098632813,92.36677551269531],"rotationMatrix":[-0.8581017255783081,0.5134797692298889,0,-0.5134797692298889,-0.8581017255783081,0,0,0,1],"scale":1,"type":"constructionbarrier"}
{"pos":[-936.2138671875,764.2647705078125,92.4036865234375],"rotationMatrix":[-0.3083722591400146,-0.951265811920166,0,0.951265811920166,-0.3083722591400146,0,0,0,1],"scale":1,"type":"constructionbarrier"}
{"pos":[-934.5145263671875,763.6126708984375,92.37803649902344],"rotationMatrix":[-0.398903489112854,-0.9169928431510925,0,0.9169928431510925,-0.398903489112854,0,0,0,1],"scale":1,"type":"constructionbarrier"}
{"pos":[-936.386962890625,776.173828125,92.40689849853516],"rotationMatrix":[0.3799561262130737,-0.9250045418739319,0,0.9250045418739319,0.3799561262130737,0,0,0,1],"scale":1,"type":"constructionbarrier"}
{"pos":[-954.1082153320313,669.3656616210938,112.3298110961914],"rotationMatrix":[0.524433434009552,-0.8514514565467834,0,0.8514514565467834,0.524433434009552,0,0,0,1],"scale":1,"type":"constructionbarrier"}
{"pos":[-955.7816162109375,668.5570068359375,112.3384857177734],"rotationMatrix":[0.3799561262130737,-0.9250045418739319,0,0.9250045418739319,0.3799561262130737,0,0,0,1],"scale":1,"type":"constructionbarrier"}
{"pos":[-953.9089965820313,655.9957275390625,112.3267593383789],"rotationMatrix":[-0.398903489112854,-0.9169928431510925,0,0.9169928431510925,-0.398903489112854,0,0,0,1],"scale":1,"type":"constructionbarrier"}
{"pos":[-955.6083374023438,656.6478271484375,112.3373413085938],"rotationMatrix":[-0.3083722591400146,-0.951265811920166,0,0.951265811920166,-0.3083722591400146,0,0,0,1],"scale":1,"type":"constructionbarrier"}
{"pos":[-953.19580078125,654.5302734375,112.3224334716797],"rotationMatrix":[-0.8581017255783081,0.5134797692298889,0,-0.5134797692298889,-0.8581017255783081,0,0,0,1],"scale":1,"type":"constructionbarrier"}
{"pos":[-956.915283203125,663.6217651367188,112.1396026611328],"rotationMatrix":[-0.9992595911026001,0.03847769275307655,0,-0.03847769275307655,-0.9992595911026001,0,0,0,1],"scale":1,"type":"constructionbarrier"}
{"pos":[-956.9224853515625,665.4457397460938,112.1289520263672],"rotationMatrix":[-0.9976546764373779,-0.06844934076070786,0,0.06844934076070786,-0.9976546764373779,0,0,0,1],"scale":1,"type":"constructionbarrier"}
{"pos":[-957.0494384765625,667.3165283203125,112.3466186523438],"rotationMatrix":[-0.9992121458053589,-0.03968602418899536,0,0.03968602418899536,-0.9992121458053589,0,0,0,1],"scale":1,"type":"constructionbarrier"}
{"pos":[-957.075439453125,661.74609375,112.1427764892578],"rotationMatrix":[-0.9930599927902222,0.1176101341843605,0,-0.1176101341843605,-0.9930599927902222,0,0,0,1],"scale":1,"type":"constructionbarrier"}
{"pos":[-957.102783203125,659.840087890625,112.1416473388672],"rotationMatrix":[-0.994138240814209,-0.1081154048442841,0,0.1081154048442841,-0.994138240814209,0,0,0,1],"scale":1,"type":"constructionbarrier"}
{"pos":[-956.9163818359375,657.9752807617188,112.1381530761719],"rotationMatrix":[-0.9971773624420166,-0.07508073747158051,0,0.07508073747158051,-0.9971773624420166,0,0,0,1],"scale":1,"type":"constructionbarrier"}
{"pos":[-936.512451171875,436.99658203125,153.2404327392578],"rotationMatrix":[-0.9971773624420166,-0.07508073747158051,0,0.07508073747158051,-0.9971773624420166,0,0,0,1],"scale":1,"type":"constructionbarrier"}
{"pos":[-936.6988525390625,438.8613891601563,153.2413330078125],"rotationMatrix":[-0.994138240814209,-0.1081154048442841,0,0.1081154048442841,-0.994138240814209,0,0,0,1],"scale":1,"type":"constructionbarrier"}
{"pos":[-936.6715087890625,440.7673950195313,153.2415618896484],"rotationMatrix":[-0.9930599927902222,0.1176101341843605,0,-0.1176101341843605,-0.9930599927902222,0,0,0,1],"scale":1,"type":"constructionbarrier"}
{"pos":[-936.6456298828125,446.337890625,153.3737945556641],"rotationMatrix":[-0.9992121458053589,-0.03968602418899536,0,0.03968602418899536,-0.9992121458053589,0,0,0,1],"scale":1,"type":"constructionbarrier"}
{"pos":[-936.5185546875,444.4670715332031,153.2406005859375],"rotationMatrix":[-0.9976546764373779,-0.06844934076070786,0,0.06844934076070786,-0.9976546764373779,0,0,0,1],"scale":1,"type":"constructionbarrier"}
{"pos":[-936.5113525390625,442.64306640625,153.2410430908203],"rotationMatrix":[-0.9992595911026001,0.03847769275307655,0,-0.03847769275307655,-0.9992595911026001,0,0,0,1],"scale":1,"type":"constructionbarrier"}
{"pos":[-932.1153564453125,433.3287658691406,153.3680419921875],"rotationMatrix":[-0.9850995540618896,0.1719848364591599,0,-0.1719848364591599,-0.9850995540618896,0,0,0,1],"scale":1,"type":"constructionbarrier"}
{"pos":[-935.1263427734375,434.4414672851563,153.3713073730469],"rotationMatrix":[0.05288457870483398,-0.9986006617546082,0,0.9986006617546082,0.05288457870483398,0,0,0,1],"scale":1,"type":"constructionbarrier"}
{"pos":[-933.30615234375,434.4414672851563,153.3692169189453],"rotationMatrix":[-0.04391598701477051,-0.9990352392196655,0,0.9990352392196655,-0.04391598701477051,0,0,0,1],"scale":1,"type":"constructionbarrier"}
{"pos":[-935.377685546875,447.578369140625,153.3717346191406],"rotationMatrix":[0.3799561262130737,-0.9250045418739319,0,0.9250045418739319,0.3799561262130737,0,0,0,1],"scale":1,"type":"constructionbarrier"}
{"pos":[-933.7042846679688,448.3869323730469,153.3737945556641],"rotationMatrix":[0.524433434009552,-0.8514514565467834,0,0.8514514565467834,0.524433434009552,0,0,0,1],"scale":1,"type":"constructionbarrier"}
{"pos":[-943.802001953125,-441.2278442382813,100.539192199707],"rotationMatrix":[-0.703535795211792,0.7096311450004578,0.03822391480207443,-0.7105223536491394,-0.703439474105835,-0.01819045469164848,0.01397969387471676,-0.03995658084750175,0.9991036057472229],"scale":1,"type":"constructionbarrier"}
{"pos":[-945.1507568359375,-442.5135498046875,100.5066452026367],"rotationMatrix":[-0.6739449501037598,0.7377549409866333,0.0389346107840538,-0.7386493682861328,-0.6738851070404053,-0.01661494001746178,0.01397969573736191,-0.03995658084750175,0.9991036057472229],"scale":1,"type":"constructionbarrier"}
{"pos":[-946.4517822265625,-443.8643188476563,100.4710845947266],"rotationMatrix":[-0.7244014739990234,0.6883460879325867,0.03771257400512695,-0.6892330050468445,-0.7242875099182129,-0.0191168338060379,0.01415574923157692,-0.03984101116657257,0.9991057515144348],"scale":1,"type":"constructionbarrier"}
{"pos":[-954.159912109375,-449.149169921875,100.3646774291992],"rotationMatrix":[-0.5696263313293457,0.8209595084190369,0.03938743844628334,-0.8218064904212952,-0.5696420669555664,-0.01192002929747105,0.01265087816864252,-0.03915881365537643,0.9991528987884521],"scale":1,"type":"constructionbarrier"}
{"pos":[-952.6119384765625,-448.0905151367188,100.3863983154297],"rotationMatrix":[-0.5101933479309082,0.8591024279594421,0.04057122021913528,-0.8599575161933899,-0.5102924108505249,-0.008654517121613026,0.0132680656388402,-0.03930499777197838,0.9991391897201538],"scale":1,"type":"constructionbarrier"}
{"pos":[-951.0302734375,-447.1052856445313,100.4043197631836],"rotationMatrix":[-0.5448727607727051,0.8375554084777832,0.04018329456448555,-0.8384168148040771,-0.5449279546737671,-0.01053219474852085,0.01307570096105337,-0.03942905366420746,0.9991368055343628],"scale":1,"type":"constructionbarrier"}
{"pos":[-949.4254150390625,-446.105224609375,100.4225921630859],"rotationMatrix":[-0.5143747329711914,0.8565855622291565,0.04098337888717651,-0.8574559092521667,-0.5144850015640259,-0.008618974126875401,0.01370245218276978,-0.03957482799887657,0.999122679233551],"scale":1,"type":"constructionbarrier"}
