{"pos":[-442.3269958496094,-205.4089965820313,100.0830001831055],"rotationMatrix":[0.1067502498626709,-0.9942858815193176,0,0.9942858815193176,0.1067502498626709,0,0,0,1],"scale":1.104400038719177,"type":"fanpalm_slim"}
{"pos":[-365.8999938964844,-443.0589904785156,103.3160018920898],"rotationMatrix":[0.9336063861846924,0.3583003282546997,0,-0.3583003282546997,0.9336063861846924,0,0,0,1],"scale":1.265499949455261,"type":"fanpalm_slim"}
{"pos":[-376.6000061035156,-377.1489868164063,103.3219985961914],"rotationMatrix":[-0.08663284778594971,0.9962403178215027,0,-0.9962403178215027,-0.08663284778594971,0,0,0,1],"scale":1.114599943161011,"type":"fanpalm_slim"}
{"pos":[-421.8320007324219,-467.4849853515625,106.7190017700195],"rotationMatrix":[0.8697459697723389,0.4934996962547302,0,-0.4934996962547302,0.8697459697723389,0,0,0,1],"scale":0.9138000011444092,"type":"fanpalm_slim"}
{"pos":[-446.5190124511719,-450.9249877929688,105.5999984741211],"rotationMatrix":[-0.4392256736755371,-0.8983767628669739,0,0.8983767628669739,-0.4392256736755371,0,0,0,1],"scale":1.083999991416931,"type":"fanpalm_slim"}
{"pos":[-194.47900390625,-773.3740234375,132.5099945068359],"rotationMatrix":[-0.3086384534835815,0.9511794447898865,0,-0.9511794447898865,-0.3086384534835815,0,0,0,1],"scale":0.9223999977111816,"type":"fanpalm_slim"}
{"pos":[-392.39599609375,-539.8660278320313,123.2239990234375],"rotationMatrix":[-0.7894537448883057,-0.6138100624084473,0,0.6138100624084473,-0.7894537448883057,0,0,0,1],"scale":0.7031999826431274,"type":"fanpalm_slim"}
{"pos":[-532.81298828125,-81.70590209960938,98.72329711914063],"rotationMatrix":[0.9976056814193726,-0.06915854662656784,0,0.06915854662656784,0.9976056814193726,0,0,0,1],"scale":0.9905999898910522,"type":"fanpalm_slim"}
{"pos":[-603.06298828125,-238.2350006103516,105.495002746582],"rotationMatrix":[0.4800040721893311,-0.8772662878036499,0,0.8772662878036499,0.4800040721893311,0,0,0,1],"scale":0.9182999730110168,"type":"fanpalm_slim"}
{"pos":[-540.0540161132813,-352.8389892578125,101.8850021362305],"rotationMatrix":[0.08712935447692871,0.996196985244751,0,-0.996196985244751,0.08712935447692871,0,0,0,1],"scale":1.238299965858459,"type":"fanpalm_slim"}
{"pos":[-551.2130126953125,-353.4289855957031,103.2440032958984],"rotationMatrix":[0.3563413619995117,-0.9343558549880981,0,0.9343558549880981,0.3563413619995117,0,0,0,1],"scale":1.289700031280518,"type":"fanpalm_slim"}
{"pos":[-502.0390014648438,-415.8869934082031,104.3320007324219],"rotationMatrix":[-0.5611444711685181,0.8277179002761841,0,-0.8277179002761841,-0.5611444711685181,0,0,0,1],"scale":1.214300036430359,"type":"fanpalm_slim"}
{"pos":[-776.5079956054688,-4.016200065612793,111.818000793457],"rotationMatrix":[-0.07927429676055908,0.9968528151512146,0,-0.9968528151512146,-0.07927429676055908,0,0,0,1],"scale":1.027999997138977,"type":"fanpalm_slim"}
{"pos":[-759.2999877929688,-555.635009765625,101.463996887207],"rotationMatrix":[0.7196493148803711,-0.6943377256393433,0,0.6943377256393433,0.7196493148803711,0,0,0,1],"scale":1.025699973106384,"type":"fanpalm_slim"}
{"pos":[-813.7130126953125,-597.1710205078125,101.3730010986328],"rotationMatrix":[0.9376955032348633,-0.3474581241607666,0,0.3474581241607666,0.9376955032348633,0,0,0,1],"scale":1.152199983596802,"type":"fanpalm_slim"}
{"pos":[-764.5239868164063,-551.0809936523438,101.6029968261719],"rotationMatrix":[-0.9180570840835571,0.3964482247829437,0,-0.3964482247829437,-0.9180570840835571,0,0,0,1],"scale":0.9312999844551086,"type":"fanpalm_slim"}
{"pos":[-907.6129760742188,-670.791015625,103.6800003051758],"rotationMatrix":[-0.2224223613739014,-0.9749504327774048,0,0.9749504327774048,-0.2224223613739014,0,0,0,1],"scale":1.133499979972839,"type":"fanpalm_slim"}
{"pos":[-86.25759887695313,697.2479858398438,74.55400085449219],"rotationMatrix":[-0.5938266515731812,-0.804593026638031,0,0.804593026638031,-0.5938266515731812,0,0,0,1],"scale":1.128299951553345,"type":"fanpalm_slim"}
{"pos":[-34.79759979248047,531.3309936523438,74.88870239257813],"rotationMatrix":[0.9751355648040771,0.2216091901063919,0,-0.2216091901063919,0.9751355648040771,0,0,0,1],"scale":1.063300013542175,"type":"fanpalm_slim"}
{"pos":[-26.13699913024902,531.6790161132813,74.88619995117188],"rotationMatrix":[0.9436192512512207,0.331032782793045,0,-0.331032782793045,0.9436192512512207,0,0,0,1],"scale":1.095900058746338,"type":"fanpalm_slim"}
{"pos":[-209.3489990234375,683.3090209960938,74.15660095214844],"rotationMatrix":[0.8140720129013062,0.5807639360427856,0,-0.5807639360427856,0.8140720129013062,0,0,0,1],"scale":1.16729998588562,"type":"fanpalm_slim"}
{"pos":[-178.9579925537109,594.5830078125,74.47579956054688],"rotationMatrix":[-0.9157073497772217,-0.4018458127975464,0,0.4018458127975464,-0.9157073497772217,0,0,0,1],"scale":1.269999980926514,"type":"fanpalm_slim"}
{"pos":[-179.4069976806641,558.2100219726563,74.16190338134766],"rotationMatrix":[0.9999954700469971,0.003009964479133487,0,-0.003009964479133487,0.9999954700469971,0,0,0,1],"scale":1.230900049209595,"type":"fanpalm_slim"}
{"pos":[-358.5180053710938,659.6640014648438,74.47959899902344],"rotationMatrix":[-0.6554720401763916,-0.7552194595336914,0,0.7552194595336914,-0.6554720401763916,0,0,0,1],"scale":1.233500003814697,"type":"fanpalm_slim"}
{"pos":[-279.4599914550781,651.8660278320313,74.60500335693359],"rotationMatrix":[0.4901520013809204,-0.8716369867324829,0,0.8716369867324829,0.4901520013809204,0,0,0,1],"scale":0.9427000284194946,"type":"fanpalm_slim"}
{"pos":[-288.1910095214844,577.083984375,74.42410278320313],"rotationMatrix":[0.9825901985168457,-0.185786172747612,0,0.185786172747612,0.9825901985168457,0,0,0,1],"scale":1.267099976539612,"type":"fanpalm_slim"}
{"pos":[-437.1929931640625,720.3759765625,74.53369903564453],"rotationMatrix":[0.5815705060958862,0.8134959936141968,0,-0.8134959936141968,0.5815705060958862,0,0,0,1],"scale":1.070999979972839,"type":"fanpalm_slim"}
{"pos":[-414.4429931640625,656.4459838867188,74.88279724121094],"rotationMatrix":[-0.7890752553939819,0.614296555519104,0,-0.614296555519104,-0.7890752553939819,0,0,0,1],"scale":0.95660001039505,"type":"fanpalm_slim"}
{"pos":[-456.135009765625,663.3189697265625,77.69619750976563],"rotationMatrix":[0.8010456562042236,-0.5986032485961914,0,0.5986032485961914,0.8010456562042236,0,0,0,1],"scale":0.9020000100135803,"type":"fanpalm_slim"}
{"pos":[-443.1279907226563,676.3330078125,75.26319885253906],"rotationMatrix":[0.3490594625473022,0.9371005892753601,0,-0.9371005892753601,0.3490594625473022,0,0,0,1],"scale":0.9114999771118164,"type":"fanpalm_slim"}
{"pos":[-381.9710083007813,623.9329833984375,74.91439819335938],"rotationMatrix":[0.8544158935546875,-0.5195897221565247,0,0.5195897221565247,0.8544158935546875,0,0,0,1],"scale":1.004799962043762,"type":"fanpalm_slim"}
{"pos":[-377.1849975585938,609.6619873046875,75.59329986572266],"rotationMatrix":[0.8154110908508301,-0.5788823366165161,0,0.5788823366165161,0.8154110908508301,0,0,0,1],"scale":0.8154000043869019,"type":"fanpalm_slim"}
{"pos":[-60.74449920654297,478.0639953613281,74.23789978027344],"rotationMatrix":[-0.6402227878570557,-0.7681893110275269,0,0.7681893110275269,-0.6402227878570557,0,0,0,1],"scale":0.9532999992370605,"type":"fanpalm_slim"}
{"pos":[-124.8190002441406,300.7040100097656,108.6070022583008],"rotationMatrix":[0.912051796913147,0.4100750088691711,0,-0.4100750088691711,0.912051796913147,0,0,0,1],"scale":1.059999942779541,"type":"fanpalm_slim"}
{"pos":[-74.07420349121094,356.0090026855469,106.0309982299805],"rotationMatrix":[-0.0550234317779541,-0.9984850883483887,0,0.9984850883483887,-0.0550234317779541,0,0,0,1],"scale":1.030500054359436,"type":"fanpalm_slim"}
{"pos":[-194.1779937744141,471.6210021972656,74.27330017089844],"rotationMatrix":[-0.8316980600357056,-0.5552281737327576,0,0.5552281737327576,-0.8316980600357056,0,0,0,1],"scale":1.27240002155304,"type":"fanpalm_slim"}
{"pos":[-123.2850036621094,131.8350067138672,123.5039978027344],"rotationMatrix":[0.2435500621795654,0.9698883295059204,0,-0.9698883295059204,0.2435500621795654,0,0,0,1],"scale":0.9114000201225281,"type":"fanpalm_slim"}
{"pos":[-63.26750183105469,220.2070007324219,123.6360015869141],"rotationMatrix":[0.6644556522369385,0.7473276853561401,0,-0.7473276853561401,0.6644556522369385,0,0,0,1],"scale":1.115300059318542,"type":"fanpalm_slim"}
{"pos":[-50.53969955444336,143.8269958496094,124.7190017700195],"rotationMatrix":[0.4761215448379517,0.8793795108795166,0,-0.8793795108795166,0.4761215448379517,0,0,0,1],"scale":1.052500009536743,"type":"fanpalm_slim"}
{"pos":[-270.0140075683594,428.4219970703125,83.44349670410156],"rotationMatrix":[0.9983410835266113,0.0575767382979393,0,-0.0575767382979393,0.9983410835266113,0,0,0,1],"scale":0.996399998664856,"type":"fanpalm_slim"}
{"pos":[-350.7739868164063,376.1470031738281,101.193000793457],"rotationMatrix":[0.4341647624969482,0.9008334875106812,0,-0.9008334875106812,0.4341647624969482,0,0,0,1],"scale":0.8443999886512756,"type":"fanpalm_slim"}
{"pos":[-372.2950134277344,400.6499938964844,97.48390197753906],"rotationMatrix":[0.5252723693847656,-0.8509341478347778,0,0.8509341478347778,0.5252723693847656,0,0,0,1],"scale":1.202600002288818,"type":"fanpalm_slim"}
{"pos":[-357.1239929199219,385.4649963378906,99.40380096435547],"rotationMatrix":[-0.9526832103729248,0.3039649724960327,0,-0.3039649724960327,-0.9526832103729248,0,0,0,1],"scale":0.6924999952316284,"type":"fanpalm_slim"}
{"pos":[-327.7049865722656,320.6950073242188,101.7170028686523],"rotationMatrix":[0.06045365333557129,-0.9981710314750671,0,0.9981710314750671,0.06045365333557129,0,0,0,1],"scale":0.5976999998092651,"type":"fanpalm_slim"}
{"pos":[-300.135986328125,365.2349853515625,101.0380020141602],"rotationMatrix":[-0.05734884738922119,-0.9983541965484619,0,0.9983541965484619,-0.05734884738922119,0,0,0,1],"scale":0.9419000148773193,"type":"fanpalm_slim"}
{"pos":[-303.9649963378906,368.9819946289063,100.859001159668],"rotationMatrix":[-0.9629729986190796,0.2695978581905365,0,-0.2695978581905365,-0.9629729986190796,0,0,0,1],"scale":1.293799996376038,"type":"fanpalm_slim"}
{"pos":[-338.7340087890625,363.4110107421875,101.0230026245117],"rotationMatrix":[0.8196398019790649,-0.5728791952133179,0,0.5728791952133179,0.8196398019790649,0,0,0,1],"scale":0.7520999908447266,"type":"fanpalm_slim"}
{"pos":[-342.5010070800781,367.5950012207031,101.2590026855469],"rotationMatrix":[0.9379775524139404,-0.3466959893703461,0,0.3466959893703461,0.9379775524139404,0,0,0,1],"scale":0.6412000060081482,"type":"fanpalm_slim"}
{"pos":[-316.6449890136719,298.8190002441406,101.359001159668],"rotationMatrix":[-0.9748795032501221,0.2227329164743423,0,-0.2227329164743423,-0.9748795032501221,0,0,0,1],"scale":1.137500047683716,"type":"fanpalm_slim"}
{"pos":[-461.3200073242188,279.4049987792969,97.70850372314453],"rotationMatrix":[0.992509126663208,-0.1221705079078674,0,0.1221705079078674,0.992509126663208,0,0,0,1],"scale":1.103999972343445,"type":"fanpalm_slim"}
{"pos":[-414.8070068359375,257.5549926757813,100.8259963989258],"rotationMatrix":[-0.7713384628295898,-0.6364251375198364,0,0.6364251375198364,-0.7713384628295898,0,0,0,1],"scale":1.115300059318542,"type":"fanpalm_slim"}
{"pos":[-405.1749877929688,267.1180114746094,101.177001953125],"rotationMatrix":[0.7988951206207275,0.6014703512191772,0,-0.6014703512191772,0.7988951206207275,0,0,0,1],"scale":1.019500017166138,"type":"fanpalm_slim"}
{"pos":[-396.4049987792969,275.6369934082031,100.9160003662109],"rotationMatrix":[0.1764421463012695,-0.9843109846115112,0,0.9843109846115112,0.1764421463012695,0,0,0,1],"scale":1.00600004196167,"type":"fanpalm_slim"}
{"pos":[-434.6480102539063,319.781005859375,101.6110000610352],"rotationMatrix":[0.956073522567749,-0.2931269705295563,0,0.2931269705295563,0.956073522567749,0,0,0,1],"scale":0.8359000086784363,"type":"fanpalm_slim"}
{"pos":[-306.5090026855469,142.5879974365234,106.7200012207031],"rotationMatrix":[-1,0,0,0,-1,0,0,0,1],"scale":1.242499947547913,"type":"fanpalm_slim"}
{"pos":[-319.7409973144531,57.97779846191406,107.1620025634766],"rotationMatrix":[-0.9908105134963989,-0.1352572590112686,0,0.1352572590112686,-0.9908105134963989,0,0,0,1],"scale":1.136800050735474,"type":"fanpalm_slim"}
{"pos":[-486.6789855957031,230.1369934082031,101.4909973144531],"rotationMatrix":[0.1139533519744873,-0.9934861063957214,0,0.9934861063957214,0.1139533519744873,0,0,0,1],"scale":1.172299981117249,"type":"fanpalm_slim"}
{"pos":[-470.5706481933594,212.3006286621094,100.2880020141602],"rotationMatrix":[0.7400795221328735,-0.6725193858146667,0,0.6725193858146667,0.7400795221328735,0,0,0,1],"scale":1.073199987411499,"type":"fanpalm_slim"}
{"pos":[-428.18701171875,103.8919982910156,98.34200286865234],"rotationMatrix":[-0.01844990253448486,0.9998297691345215,0,-0.9998297691345215,-0.01844990253448486,0,0,0,1],"scale":0.9588000178337097,"type":"fanpalm_slim"}
{"pos":[-478.2109985351563,104.3420028686523,100.0690002441406],"rotationMatrix":[0.91660475730896,0.3997946083545685,0,-0.3997946083545685,0.91660475730896,0,0,0,1],"scale":0.9638000130653381,"type":"fanpalm_slim"}
{"pos":[-601.8170166015625,774.3099975585938,74.61190032958984],"rotationMatrix":[0.3837279081344604,-0.9234461784362793,0,0.9234461784362793,0.3837279081344604,0,0,0,1],"scale":0.9514999985694885,"type":"fanpalm_slim"}
{"pos":[-567.5770263671875,774.1790161132813,74.90699768066406],"rotationMatrix":[0.9989049434661865,-0.04678583145141602,0,0.04678583145141602,0.9989049434661865,0,0,0,1],"scale":0.8657000064849854,"type":"fanpalm_slim"}
{"pos":[-632.3060302734375,763.051025390625,74.62180328369141],"rotationMatrix":[-0.9956023693084717,-0.09367989003658295,0,0.09367989003658295,-0.9956023693084717,0,0,0,1],"scale":1.217300057411194,"type":"fanpalm_slim"}
{"pos":[-689.114990234375,805.0670166015625,74.76069641113281],"rotationMatrix":[-0.8864588737487793,-0.4628073871135712,0,0.4628073871135712,-0.8864588737487793,0,0,0,1],"scale":1.012099981307983,"type":"fanpalm_slim"}
{"pos":[-700.9979858398438,791.0819702148438,78.29540252685547],"rotationMatrix":[0.07547199726104736,-0.9971479177474976,0,0.9971479177474976,0.07547199726104736,0,0,0,1],"scale":0.9541000127792358,"type":"fanpalm_slim"}
{"pos":[-580.5880126953125,800.8569946289063,74.30400085449219],"rotationMatrix":[0.5065782070159912,0.8621940016746521,0,-0.8621940016746521,0.5065782070159912,0,0,0,1],"scale":0.9433000087738037,"type":"fanpalm_slim"}
{"pos":[-748.218994140625,900.5880126953125,74.30030059814453],"rotationMatrix":[-0.03968203067779541,-0.999212384223938,0,0.999212384223938,-0.03968203067779541,0,0,0,1],"scale":1.162999987602234,"type":"fanpalm_slim"}
{"pos":[-632.9169921875,795.0289916992188,74.40570068359375],"rotationMatrix":[-0.6293734312057495,0.7771030068397522,0,-0.7771030068397522,-0.6293734312057495,0,0,0,1],"scale":1.079300045967102,"type":"fanpalm_slim"}
{"pos":[-576.7869873046875,646.9080200195313,90.56790161132813],"rotationMatrix":[0.5813875198364258,-0.813626766204834,0,0.813626766204834,0.5813875198364258,0,0,0,1],"scale":1.051900029182434,"type":"fanpalm_slim"}
{"pos":[-597.7030029296875,661.6229858398438,91.01779937744141],"rotationMatrix":[-0.4559005498886108,0.8900307416915894,0,-0.8900307416915894,-0.4559005498886108,0,0,0,1],"scale":1.132799983024597,"type":"fanpalm_slim"}
{"pos":[-557.0579833984375,678.9819946289063,84.09580230712891],"rotationMatrix":[-0.7242244482040405,-0.6895643472671509,0,0.6895643472671509,-0.7242244482040405,0,0,0,1],"scale":1.124500036239624,"type":"fanpalm_slim"}
{"pos":[-561.68798828125,685.280029296875,84.20480346679688],"rotationMatrix":[-0.8938472270965576,0.4483716487884521,0,-0.4483716487884521,-0.8938472270965576,0,0,0,1],"scale":1.196400046348572,"type":"fanpalm_slim"}
{"pos":[-579.5139770507813,726.2659912109375,81.38400268554688],"rotationMatrix":[-0.333344578742981,0.9428050518035889,0,-0.9428050518035889,-0.333344578742981,0,0,0,1],"scale":1.267500042915344,"type":"fanpalm_slim"}
{"pos":[-541.572998046875,538.2780151367188,95.12419891357422],"rotationMatrix":[0.8023052215576172,0.5969139933586121,0,-0.5969139933586121,0.8023052215576172,0,0,0,1],"scale":1.220999956130981,"type":"fanpalm_slim"}
{"pos":[-544.0819702148438,563.22998046875,90.34860229492188],"rotationMatrix":[0.9135551452636719,0.4067148864269257,0,-0.4067148864269257,0.9135551452636719,0,0,0,1],"scale":1.240499973297119,"type":"fanpalm_slim"}
{"pos":[-653.4199829101563,680.22900390625,91.20330047607422],"rotationMatrix":[0.8406133651733398,-0.5416356325149536,0,0.5416356325149536,0.8406133651733398,0,0,0,1],"scale":1.236199975013733,"type":"fanpalm_slim"}
{"pos":[-640.56298828125,681.343994140625,91.20204925537109],"rotationMatrix":[0.2119854688644409,0.9772728085517883,0,-0.9772728085517883,0.2119854688644409,0,0,0,1],"scale":1.249899983406067,"type":"fanpalm_slim"}
{"pos":[-629.405029296875,685.9219970703125,91.31671905517578],"rotationMatrix":[0.6471999883651733,-0.7623202800750732,0,0.7623202800750732,0.6471999883651733,0,0,0,1],"scale":1.034999966621399,"type":"fanpalm_slim"}
{"pos":[-865.7059936523438,862.218017578125,74.78730010986328],"rotationMatrix":[-0.9105440378189087,0.4129349291324615,-0.01985723525285721,-0.4134120941162109,-0.9095008373260498,0.04357380047440529,-6.702869723085314e-05,0.04788508638739586,0.9988528490066528],"scale":0.7357000112533569,"type":"fanpalm_slim"}
{"pos":[-845.4229736328125,862.677001953125,75.05380249023438],"rotationMatrix":[-0.1809355020523071,0.9833977222442627,-0.01382793765515089,-0.9834949374198914,-0.1809177398681641,0.002535227220505476,-8.582376722188201e-06,0.01405841950327158,0.9999011754989624],"scale":0.975600004196167,"type":"fanpalm_slim"}
{"pos":[-782.041015625,843.64599609375,77.39830017089844],"rotationMatrix":[-0.0417017936706543,0.9991301298141479,0,-0.9991301298141479,-0.0417017936706543,0,0,0,1],"scale":1.23169994354248,"type":"fanpalm_slim"}
{"pos":[-818.3939819335938,862.281005859375,74.46299743652344],"rotationMatrix":[-0.693791389465332,-0.7200701236724854,0.0123516358435154,0.7201562523841858,-0.6935433149337769,0.01930296048521996,-0.005333089269697666,0.02228733524680138,0.9997373819351196],"scale":0.6729000210762024,"type":"fanpalm_slim"}
{"pos":[-827.8790283203125,843.4130249023438,74.85430145263672],"rotationMatrix":[0.6326041221618652,0.7744753360748291,0,-0.7744753360748291,0.6326041221618652,0,0,0,1],"scale":1.013599991798401,"type":"fanpalm_slim"}
{"pos":[-993.92431640625,892.3709716796875,74.19349670410156],"rotationMatrix":[-0.8732737302780151,-0.4872299134731293,0,0.4872299134731293,-0.8732737302780151,0,0,0,1],"scale":1.071699976921082,"type":"fanpalm_slim"}
{"pos":[-903.177978515625,862.3889770507813,74.83090209960938],"rotationMatrix":[0.1744676828384399,0.9840143322944641,-0.03573213517665863,-0.9846385717391968,0.1740932464599609,-0.01335921511054039,-0.006924936547875404,0.03751398622989655,0.9992721080780029],"scale":1.013399958610535,"type":"fanpalm_slim"}
{"pos":[-895,862.405029296875,74.96659851074219],"rotationMatrix":[0.752269983291626,-0.6585188508033752,0.02104221656918526,0.6588549613952637,0.751882791519165,-0.024132976308465,7.074078166624531e-05,0.03201828151941299,0.9994872808456421],"scale":1.227699995040894,"type":"fanpalm_slim"}
{"pos":[-927.5659790039063,859.7100219726563,74.87000274658203],"rotationMatrix":[0.8600795269012451,-0.510159969329834,0,0.510159969329834,0.8600795269012451,0,0,0,1],"scale":0.7555000185966492,"type":"fanpalm_slim"}
{"pos":[-905.541015625,605.1489868164063,122.4359970092773],"rotationMatrix":[-0.9483379125595093,-0.3172620534896851,0,0.3172620534896851,-0.9483379125595093,0,0,0,1],"scale":1.014999985694885,"type":"fanpalm_slim"}
{"pos":[-583.0469970703125,97.98390197753906,101.1259994506836],"rotationMatrix":[-0.9459699392318726,0.3242543339729309,0,-0.3242543339729309,-0.9459699392318726,0,0,0,1],"scale":0.9053000211715698,"type":"fanpalm_slim"}
{"pos":[-657.1669921875,113.7440032958984,116.7289962768555],"rotationMatrix":[-0.1612880229949951,0.9869073629379272,0,-0.9869073629379272,-0.1612880229949951,0,0,0,1],"scale":0.718999981880188,"type":"fanpalm_slim"}
{"pos":[-653.7999877929688,117.004997253418,116.5820007324219],"rotationMatrix":[0.2628591060638428,0.9648342132568359,0,-0.9648342132568359,0.2628591060638428,0,0,0,1],"scale":1.185899972915649,"type":"fanpalm_slim"}
{"pos":[-1129.25,1011.080017089844,81.9208984375],"rotationMatrix":[0.571262001991272,0.8207677602767944,0,-0.8207677602767944,0.571262001991272,0,0,0,1],"scale":0.9836000204086304,"type":"fanpalm_slim"}
{"pos":[-1131.27001953125,1046.18994140625,79.24050140380859],"rotationMatrix":[0.9852766990661621,0.1709673255681992,0,-0.1709673255681992,0.9852766990661621,0,0,0,1],"scale":1.091300010681152,"type":"fanpalm_slim"}
{"pos":[-1122.2900390625,1021.880004882813,80.40799713134766],"rotationMatrix":[0.3244130611419678,0.9459155201911926,0,-0.9459155201911926,0.3244130611419678,0,0,0,1],"scale":0.9577000141143799,"type":"fanpalm_slim"}
{"pos":[-1068.930053710938,1004.659973144531,73.51979827880859],"rotationMatrix":[0.935631275177002,0.35297891497612,0,-0.35297891497612,0.935631275177002,0,0,0,1],"scale":0.9502000212669373,"type":"fanpalm_slim"}
{"pos":[-1005.760009765625,894.0380249023438,74.31520080566406],"rotationMatrix":[-0.7807619571685791,0.624828577041626,0,-0.624828577041626,-0.7807619571685791,0,0,0,1],"scale":1.213000059127808,"type":"fanpalm_slim"}
{"pos":[-1068.989990234375,997.3629760742188,74.71070098876953],"rotationMatrix":[0.9351279735565186,-0.3543101251125336,0,0.3543101251125336,0.9351279735565186,0,0,0,1],"scale":1.238499999046326,"type":"fanpalm_slim"}
{"pos":[-1141.780029296875,893.5599975585938,93.49490356445313],"rotationMatrix":[0.5254671573638916,0.8508138656616211,0,-0.8508138656616211,0.5254671573638916,0,0,0,1],"scale":1.108700037002563,"type":"fanpalm_slim"}
{"pos":[1013.869995117188,273.989990234375,157.9219970703125],"rotationMatrix":[0.7044732570648193,-0.7097305059432983,0,0.7097305059432983,0.7044732570648193,0,0,0,1],"scale":0.9023000001907349,"type":"fanpalm_slim"}
{"pos":[1020.710021972656,96.04329681396484,155.781005859375],"rotationMatrix":[0.9941895008087158,0.1076440289616585,0,-0.1076440289616585,0.9941895008087158,0,0,0,1],"scale":1.140400052070618,"type":"fanpalm_slim"}
{"pos":[981.801025390625,502.4389953613281,148.9140014648438],"rotationMatrix":[-0.3774681091308594,-0.9260225892066956,0,0.9260225892066956,-0.3774681091308594,0,0,0,1],"scale":1.157699942588806,"type":"fanpalm_slim"}
{"pos":[957.6409912109375,265.2890014648438,156.2539978027344],"rotationMatrix":[0.7700223922729492,-0.6380168795585632,0,0.6380168795585632,0.7700223922729492,0,0,0,1],"scale":1.237300038337708,"type":"fanpalm_slim"}
{"pos":[257.8720092773438,868.0079956054688,101.7330017089844],"rotationMatrix":[-0.5519697666168213,0.833864152431488,0,-0.833864152431488,-0.5519697666168213,0,0,0,1],"scale":0.9882000088691711,"type":"fanpalm_slim"}
{"pos":[214.0630035400391,844.3770141601563,101],"rotationMatrix":[-0.6872844696044922,-0.7263883948326111,0,0.7263883948326111,-0.6872844696044922,0,0,0,1],"scale":1.182800054550171,"type":"fanpalm_slim"}
{"pos":[198.8119964599609,576.2839965820313,102.6750030517578],"rotationMatrix":[-0.86863112449646,0.4954593479633331,0,-0.4954593479633331,-0.86863112449646,0,0,0,1],"scale":0.9850999712944031,"type":"fanpalm_slim"}
{"pos":[48.59920120239258,541.760986328125,74.16950225830078],"rotationMatrix":[-0.6174808740615845,-0.7865858674049377,0,0.7865858674049377,-0.6174808740615845,0,0,0,1],"scale":0.988099992275238,"type":"fanpalm_slim"}
{"pos":[88.80809783935547,487.2659912109375,104.2480010986328],"rotationMatrix":[0.8764954805374146,-0.4814100861549377,0,0.4814100861549377,0.8764954805374146,0,0,0,1],"scale":1.182600021362305,"type":"fanpalm_slim"}
{"pos":[68.99579620361328,471.9049987792969,111.0419998168945],"rotationMatrix":[0.9814527034759521,0.1917044371366501,0,-0.1917044371366501,0.9814527034759521,0,0,0,1],"scale":0.9013000130653381,"type":"fanpalm_slim"}
{"pos":[8.282199859619141,213.9299926757813,124.1869964599609],"rotationMatrix":[0.7287101745605469,-0.6848222017288208,0,0.6848222017288208,0.7287101745605469,0,0,0,1],"scale":0.9855999946594238,"type":"fanpalm_slim"}
{"pos":[-652.7449951171875,560.9489135742188,107.8378143310547],"rotationMatrix":[-0.8910866379737854,0.4538311958312988,-0.001363279297947884,-0.4523677229881287,-0.8879639506340027,0.08296661823987961,0.03644229471683502,0.07454714924097061,0.9965513944625854],"scale":1.097137689590454,"type":"fanpalm_slim"}
{"pos":[-597.9190673828125,557.1752319335938,102.8633651733398],"rotationMatrix":[0.2687836885452271,0.963200569152832,0,-0.963200569152832,0.2687836885452271,0,0,0,1],"scale":0.9916762113571167,"type":"fanpalm_slim"}
{"pos":[-43.33896636962891,508.3545532226563,74.57605743408203],"rotationMatrix":[0.6222918033599854,0.7827853560447693,0,-0.7827853560447693,0.6222918033599854,0,0,0,1],"scale":1.040924668312073,"type":"fanpalm_slim"}
{"pos":[296.1263427734375,165.6598205566406,124.4301986694336],"rotationMatrix":[-0.6444317102432251,-0.7646618485450745,0,0.7646618485450745,-0.6444317102432251,0,0,0,1],"scale":1.269749164581299,"type":"fanpalm_slim"}
{"pos":[-757.612548828125,853.0160522460938,77.38565063476563],"rotationMatrix":[0.3600997626781464,0.9329137802124023,0,-0.9329137802124023,0.3600997626781464,0,0,0,1],"scale":0.7275500893592834,"type":"fanpalm_slim"}
{"pos":[4.405673027038574,1597.129516601563,94.10718536376953],"rotationMatrix":[0.9851381778717041,-0.1717637479305267,0,0.1717637479305267,0.9851381778717041,0,0,0,1],"scale":1.189417004585266,"type":"fanpalm_slim"}
{"pos":[8.561455726623535,1556.155639648438,89.302490234375],"rotationMatrix":[0.9488758444786072,0.3156495094299316,0,-0.3156495094299316,0.9488758444786072,0,0,0,1],"scale":1.083187699317932,"type":"fanpalm_slim"}
{"pos":[76.07006072998047,1610.388671875,103.0865631103516],"rotationMatrix":[-0.7037209868431091,0.7104764580726624,0,-0.7104764580726624,-0.7037209868431091,0,0,0,1],"scale":1.040104150772095,"type":"fanpalm_slim"}
{"pos":[-20.44793891906738,1539.238037109375,85.16892242431641],"rotationMatrix":[-0.7346490621566772,0.6784473061561584,0,-0.6784473061561584,-0.7346490621566772,0,0,0,1],"scale":1.032438397407532,"type":"fanpalm_slim"}
