{"pos":[-11.83520030975342,750.89697265625,75.90509796142578],"rotationMatrix":[1,0,0,0,1,0,0,0,1],"scale":1,"type":"fence_metal1"}
{"pos":[-11.83520030975342,757.5360107421875,75.90509796142578],"rotationMatrix":[1,0,0,0,1,0,0,0,1],"scale":1,"type":"fence_metal1"}
{"pos":[-11.83520030975342,754.2169799804688,75.90509796142578],"rotationMatrix":[1,0,0,0,1,0,0,0,1],"scale":1,"type":"fence_metal1"}
{"pos":[-0.1351000070571899,759.1400146484375,75.90509796142578],"rotationMatrix":[1.931190490722656e-05,1,0,-1,1.931190490722656e-05,0,0,0,1],"scale":1,"type":"fence_metal1"}
{"pos":[-10.0939998626709,759.1400146484375,75.90509796142578],"rotationMatrix":[1.931190490722656e-05,-1,0,1,1.931190490722656e-05,0,0,0,1],"scale":1,"type":"fence_metal1"}
{"pos":[-16.75670051574707,692.7550048828125,75.90509796142578],"rotationMatrix":[1.931190490722656e-05,-1,0,1,1.931190490722656e-05,0,0,0,1],"scale":1,"type":"fence_metal1"}
{"pos":[-13.4370002746582,692.7550048828125,75.90509796142578],"rotationMatrix":[1.931190490722656e-05,-1,0,1,1.931190490722656e-05,0,0,0,1],"scale":1,"type":"fence_metal1"}
{"pos":[-23.39590072631836,692.7550048828125,75.90509796142578],"rotationMatrix":[1.931190490722656e-05,-1,0,1,1.931190490722656e-05,0,0,0,1],"scale":1,"type":"fence_metal1"}
{"pos":[-20.0762996673584,692.7550048828125,75.90509796142578],"rotationMatrix":[1.931190490722656e-05,-1,0,1,1.931190490722656e-05,0,0,0,1],"scale":1,"type":"fence_metal1"}
{"pos":[-11.83520030975342,697.7899780273438,75.90509796142578],"rotationMatrix":[1,0,0,0,1,0,0,0,1],"scale":1,"type":"fence_metal1"}
{"pos":[-11.83520030975342,694.469970703125,75.90509796142578],"rotationMatrix":[1,0,0,0,1,0,0,0,1],"scale":1,"type":"fence_metal1"}
{"pos":[-11.83520030975342,704.4290161132813,75.90509796142578],"rotationMatrix":[1,0,0,0,1,0,0,0,1],"scale":1,"type":"fence_metal1"}
{"pos":[-11.83520030975342,701.1090087890625,75.90509796142578],"rotationMatrix":[1,0,0,0,1,0,0,0,1],"scale":1,"type":"fence_metal1"}
{"pos":[-11.83520030975342,714.3610229492188,75.90509796142578],"rotationMatrix":[1,0,0,0,1,0,0,0,1],"scale":1,"type":"fence_metal1"}
{"pos":[-11.83520030975342,717.6810302734375,75.90509796142578],"rotationMatrix":[1,0,0,0,1,0,0,0,1],"scale":1,"type":"fence_metal1"}
{"pos":[-11.83520030975342,707.7219848632813,75.90509796142578],"rotationMatrix":[1,0,0,0,1,0,0,0,1],"scale":1,"type":"fence_metal1"}
{"pos":[-11.83520030975342,711.0419921875,75.90509796142578],"rotationMatrix":[1,0,0,0,1,0,0,0,1],"scale":1,"type":"fence_metal1"}
{"pos":[-11.83520030975342,724.3289794921875,75.90509796142578],"rotationMatrix":[1,0,0,0,1,0,0,0,1],"scale":1,"type":"fence_metal1"}
{"pos":[-11.83520030975342,721.010009765625,75.90509796142578],"rotationMatrix":[1,0,0,0,1,0,0,0,1],"scale":1,"type":"fence_metal1"}
{"pos":[-11.83520030975342,730.968994140625,75.90509796142578],"rotationMatrix":[1,0,0,0,1,0,0,0,1],"scale":1,"type":"fence_metal1"}
{"pos":[-11.83520030975342,727.6489868164063,75.90509796142578],"rotationMatrix":[1,0,0,0,1,0,0,0,1],"scale":1,"type":"fence_metal1"}
{"pos":[-11.83520030975342,740.93798828125,75.90509796142578],"rotationMatrix":[1,0,0,0,1,0,0,0,1],"scale":1,"type":"fence_metal1"}
{"pos":[-11.83520030975342,744.2570190429688,75.90509796142578],"rotationMatrix":[1,0,0,0,1,0,0,0,1],"scale":1,"type":"fence_metal1"}
{"pos":[-11.83520030975342,734.2979736328125,75.90509796142578],"rotationMatrix":[1,0,0,0,1,0,0,0,1],"scale":1,"type":"fence_metal1"}
{"pos":[-11.83520030975342,737.6179809570313,75.90509796142578],"rotationMatrix":[1,0,0,0,1,0,0,0,1],"scale":1,"type":"fence_metal1"}
{"pos":[-11.83520030975342,747.5770263671875,75.90509796142578],"rotationMatrix":[1,0,0,0,1,0,0,0,1],"scale":1,"type":"fence_metal1"}
{"pos":[-43.63880157470703,650.4769897460938,76.04759979248047],"rotationMatrix":[1,0,0,0,1,0,0,0,1],"scale":1,"type":"fence_metal1"}
{"pos":[-43.63880157470703,647.1580200195313,76.04759979248047],"rotationMatrix":[1,0,0,0,1,0,0,0,1],"scale":1,"type":"fence_metal1"}
{"pos":[-43.63880157470703,640.5159912109375,76.04759979248047],"rotationMatrix":[1,0,0,0,1,0,0,0,1],"scale":1,"type":"fence_metal1"}
{"pos":[-43.63880157470703,643.8359985351563,76.04759979248047],"rotationMatrix":[1,0,0,0,1,0,0,0,1],"scale":1,"type":"fence_metal1"}
{"pos":[-43.63880157470703,630.5549926757813,76.04759979248047],"rotationMatrix":[1,0,0,0,1,0,0,0,1],"scale":1,"type":"fence_metal1"}
{"pos":[-43.63880157470703,627.2360229492188,76.04759979248047],"rotationMatrix":[1,0,0,0,1,0,0,0,1],"scale":1,"type":"fence_metal1"}
{"pos":[-43.63880157470703,633.8770141601563,76.04759979248047],"rotationMatrix":[1,0,0,0,1,0,0,0,1],"scale":1,"type":"fence_metal1"}
{"pos":[-43.63880157470703,637.197021484375,76.04759979248047],"rotationMatrix":[1,0,0,0,1,0,0,0,1],"scale":1,"type":"fence_metal1"}
{"pos":[-5.205100059509277,652.1010131835938,76.04759979248047],"rotationMatrix":[1.931190490722656e-05,-1,0,1,1.931190490722656e-05,0,0,0,1],"scale":1,"type":"fence_metal1"}
{"pos":[-1.885499954223633,652.1010131835938,76.04759979248047],"rotationMatrix":[1.931190490722656e-05,-1,0,1,1.931190490722656e-05,0,0,0,1],"scale":1,"type":"fence_metal1"}
{"pos":[-15.16600036621094,652.1010131835938,76.04759979248047],"rotationMatrix":[1.931190490722656e-05,-1,0,1,1.931190490722656e-05,0,0,0,1],"scale":1,"type":"fence_metal1"}
{"pos":[-18.4857006072998,652.1010131835938,76.04759979248047],"rotationMatrix":[1.931190490722656e-05,-1,0,1,1.931190490722656e-05,0,0,0,1],"scale":1,"type":"fence_metal1"}
{"pos":[-11.84430027008057,652.1010131835938,76.04759979248047],"rotationMatrix":[1.931190490722656e-05,-1,0,1,1.931190490722656e-05,0,0,0,1],"scale":1,"type":"fence_metal1"}
{"pos":[-8.524700164794922,652.1010131835938,76.04759979248047],"rotationMatrix":[1.931190490722656e-05,-1,0,1,1.931190490722656e-05,0,0,0,1],"scale":1,"type":"fence_metal1"}
{"pos":[-35.09270095825195,652.1010131835938,76.04759979248047],"rotationMatrix":[1.931190490722656e-05,-1,0,1,1.931190490722656e-05,0,0,0,1],"scale":1,"type":"fence_metal1"}
{"pos":[-38.41230010986328,652.1010131835938,76.04759979248047],"rotationMatrix":[1.931190490722656e-05,-1,0,1,1.931190490722656e-05,0,0,0,1],"scale":1,"type":"fence_metal1"}
{"pos":[-41.73400115966797,652.1010131835938,76.04759979248047],"rotationMatrix":[1.931190490722656e-05,-1,0,1,1.931190490722656e-05,0,0,0,1],"scale":1,"type":"fence_metal1"}
{"pos":[-28.45350074768066,652.1010131835938,76.04759979248047],"rotationMatrix":[1.931190490722656e-05,-1,0,1,1.931190490722656e-05,0,0,0,1],"scale":1,"type":"fence_metal1"}
{"pos":[-31.77309989929199,652.1010131835938,76.04759979248047],"rotationMatrix":[1.931190490722656e-05,-1,0,1,1.931190490722656e-05,0,0,0,1],"scale":1,"type":"fence_metal1"}
{"pos":[-25.13170051574707,652.1010131835938,76.04759979248047],"rotationMatrix":[1.931190490722656e-05,-1,0,1,1.931190490722656e-05,0,0,0,1],"scale":1,"type":"fence_metal1"}
{"pos":[-21.81209945678711,652.1010131835938,76.04759979248047],"rotationMatrix":[1.931190490722656e-05,-1,0,1,1.931190490722656e-05,0,0,0,1],"scale":1,"type":"fence_metal1"}
{"pos":[-43.63880157470703,610.6290283203125,76.04759979248047],"rotationMatrix":[1,0,0,0,1,0,0,0,1],"scale":1,"type":"fence_metal1"}
{"pos":[-43.63880157470703,607.3090209960938,76.04759979248047],"rotationMatrix":[1,0,0,0,1,0,0,0,1],"scale":1,"type":"fence_metal1"}
{"pos":[-43.63880157470703,600.6680297851563,76.04759979248047],"rotationMatrix":[1,0,0,0,1,0,0,0,1],"scale":1,"type":"fence_metal1"}
{"pos":[-43.63880157470703,603.9869995117188,76.04759979248047],"rotationMatrix":[1,0,0,0,1,0,0,0,1],"scale":1,"type":"fence_metal1"}
{"pos":[-43.63880157470703,617.2680053710938,76.04759979248047],"rotationMatrix":[1,0,0,0,1,0,0,0,1],"scale":1,"type":"fence_metal1"}
{"pos":[-43.63880157470703,613.947998046875,76.04759979248047],"rotationMatrix":[1,0,0,0,1,0,0,0,1],"scale":1,"type":"fence_metal1"}
{"pos":[-43.63880157470703,620.5900268554688,76.04759979248047],"rotationMatrix":[1,0,0,0,1,0,0,0,1],"scale":1,"type":"fence_metal1"}
{"pos":[-43.63880157470703,623.9089965820313,76.04759979248047],"rotationMatrix":[1,0,0,0,1,0,0,0,1],"scale":1,"type":"fence_metal1"}
{"pos":[-43.63880157470703,590.1420288085938,76.04759979248047],"rotationMatrix":[1,0,0,0,1,0,0,0,1],"scale":1,"type":"fence_metal1"}
{"pos":[-43.63880157470703,586.822021484375,76.04759979248047],"rotationMatrix":[1,0,0,0,1,0,0,0,1],"scale":1,"type":"fence_metal1"}
{"pos":[-43.63880157470703,580.1810302734375,76.04759979248047],"rotationMatrix":[1,0,0,0,1,0,0,0,1],"scale":1,"type":"fence_metal1"}
{"pos":[-43.63880157470703,583.5009765625,76.04759979248047],"rotationMatrix":[1,0,0,0,1,0,0,0,1],"scale":1,"type":"fence_metal1"}
{"pos":[-43.63880157470703,570.219970703125,76.04759979248047],"rotationMatrix":[1,0,0,0,1,0,0,0,1],"scale":1,"type":"fence_metal1"}
{"pos":[-43.63880157470703,566.9010009765625,76.04759979248047],"rotationMatrix":[1,0,0,0,1,0,0,0,1],"scale":1,"type":"fence_metal1"}
{"pos":[-43.63880157470703,573.5419921875,76.04759979248047],"rotationMatrix":[1,0,0,0,1,0,0,0,1],"scale":1,"type":"fence_metal1"}
{"pos":[-43.63880157470703,576.8619995117188,76.04759979248047],"rotationMatrix":[1,0,0,0,1,0,0,0,1],"scale":1,"type":"fence_metal1"}
{"pos":[-21.81209945678711,565.1240234375,76.04759979248047],"rotationMatrix":[1.931190490722656e-05,-1,0,1,1.931190490722656e-05,0,0,0,1],"scale":1,"type":"fence_metal1"}
{"pos":[-25.13170051574707,565.1240234375,76.04759979248047],"rotationMatrix":[1.931190490722656e-05,-1,0,1,1.931190490722656e-05,0,0,0,1],"scale":1,"type":"fence_metal1"}
{"pos":[-31.77309989929199,565.1240234375,76.04759979248047],"rotationMatrix":[1.931190490722656e-05,-1,0,1,1.931190490722656e-05,0,0,0,1],"scale":1,"type":"fence_metal1"}
{"pos":[-28.45350074768066,565.1240234375,76.04759979248047],"rotationMatrix":[1.931190490722656e-05,-1,0,1,1.931190490722656e-05,0,0,0,1],"scale":1,"type":"fence_metal1"}
{"pos":[-41.73400115966797,565.1240234375,76.04759979248047],"rotationMatrix":[1.931190490722656e-05,-1,0,1,1.931190490722656e-05,0,0,0,1],"scale":1,"type":"fence_metal1"}
{"pos":[-38.41230010986328,565.1240234375,76.04759979248047],"rotationMatrix":[1.931190490722656e-05,-1,0,1,1.931190490722656e-05,0,0,0,1],"scale":1,"type":"fence_metal1"}
{"pos":[-35.09270095825195,565.1240234375,76.04759979248047],"rotationMatrix":[1.931190490722656e-05,-1,0,1,1.931190490722656e-05,0,0,0,1],"scale":1,"type":"fence_metal1"}
{"pos":[-8.524700164794922,565.1240234375,76.04759979248047],"rotationMatrix":[1.931190490722656e-05,-1,0,1,1.931190490722656e-05,0,0,0,1],"scale":1,"type":"fence_metal1"}
{"pos":[-11.84430027008057,565.1240234375,76.04759979248047],"rotationMatrix":[1.931190490722656e-05,-1,0,1,1.931190490722656e-05,0,0,0,1],"scale":1,"type":"fence_metal1"}
{"pos":[-18.4857006072998,565.1240234375,76.04759979248047],"rotationMatrix":[1.931190490722656e-05,-1,0,1,1.931190490722656e-05,0,0,0,1],"scale":1,"type":"fence_metal1"}
{"pos":[-15.16600036621094,565.1240234375,76.04759979248047],"rotationMatrix":[1.931190490722656e-05,-1,0,1,1.931190490722656e-05,0,0,0,1],"scale":1,"type":"fence_metal1"}
{"pos":[-1.885499954223633,565.1240234375,76.04759979248047],"rotationMatrix":[1.931190490722656e-05,-1,0,1,1.931190490722656e-05,0,0,0,1],"scale":1,"type":"fence_metal1"}
{"pos":[-5.205100059509277,565.1240234375,76.04759979248047],"rotationMatrix":[1.931190490722656e-05,-1,0,1,1.931190490722656e-05,0,0,0,1],"scale":1,"type":"fence_metal1"}
{"pos":[-0.7598999738693237,449.8630065917969,103.140998840332],"rotationMatrix":[-0.667141318321228,0.7449304461479187,0.001054056803695858,-0.7449304461479187,-0.6671379804611206,-0.002358956029638648,-0.001054056803695858,-0.002358956029638648,0.9999966621398926],"scale":1,"type":"fence_metal1"}
{"pos":[-3.233000040054321,447.6260070800781,103.1419982910156],"rotationMatrix":[-0.6704304218292236,0.7419715523719788,0.001138637773692608,-0.7419715523719788,-0.6704264879226685,-0.002563455142080784,-0.001138637773692608,-0.002563455142080784,0.9999960660934448],"scale":1,"type":"fence_metal1"}
{"pos":[-5.697299957275391,445.3779907226563,103.1429977416992],"rotationMatrix":[-0.6726250648498535,0.7399824857711792,0.001217782031744719,-0.7399824857711792,-0.6726205348968506,-0.002752615604549646,-0.001217782031744719,-0.002752615604549646,0.9999954700469971],"scale":1,"type":"fence_metal1"}
{"pos":[-8.156399726867676,443.125,103.1429977416992],"rotationMatrix":[-0.6740891933441162,0.7386488318443298,0.001292537781409919,-0.7386488318443298,-0.6740840673446655,-0.002929388778284192,-0.001292510540224612,-0.002929400885477662,0.9999948740005493],"scale":1,"type":"fence_metal1"}
{"pos":[-10.6136999130249,440.8699951171875,103.1419982910156],"rotationMatrix":[-0.6737232208251953,0.738982617855072,0.001293263281695545,-0.738982617855072,-0.6737180948257446,-0.002929068636149168,-0.001293236040510237,-0.002929080510511994,0.9999948740005493],"scale":1,"type":"fence_metal1"}
{"pos":[-13.07569980621338,438.6159973144531,103.140998840332],"rotationMatrix":[-0.6722704172134399,0.7403044104576111,0.001377939130179584,-0.7402989268302917,-0.6722551584243774,-0.005525029264390469,-0.00316387671045959,-0.004734400659799576,0.9999837875366211],"scale":1,"type":"fence_metal1"}
{"pos":[-15.54889965057373,436.364013671875,103.1169967651367],"rotationMatrix":[-0.6690413951873779,0.7432238459587097,0.001393446116708219,-0.7431742548942566,-0.6689724922180176,-0.01295396219938993,-0.008695515803992748,-0.009702309966087341,0.9999151229858398],"scale":1,"type":"fence_metal1"}
{"pos":[-373.4519958496094,288.0350036621094,103.0419998168945],"rotationMatrix":[-0.6792259216308594,0.7339281439781189,0.0012650788994506,-0.7339228987693787,-0.6792118549346924,-0.005332925356924534,-0.003054727334529161,-0.004550731275230646,0.9999849796295166],"scale":1,"type":"fence_metal1"}
{"pos":[-371.0220031738281,290.2319946289063,103.0579986572266],"rotationMatrix":[-0.6740975379943848,0.7386411428451538,0.001321503194049001,-0.7386367917060852,-0.6740844249725342,-0.005090185906738043,-0.002869016258046031,-0.00440739281475544,0.9999861717224121],"scale":1,"type":"fence_metal1"}
{"pos":[-368.5910034179688,292.4289855957031,103.0739974975586],"rotationMatrix":[-0.6689770221710205,0.7432820200920105,0.001262962352484465,-0.7432777881622314,-0.6689648628234863,-0.004914668388664722,-0.002808107296004891,-0.00422653229907155,0.9999871253967285],"scale":1,"type":"fence_metal1"}
{"pos":[-366.1369934082031,294.5989990234375,103.088996887207],"rotationMatrix":[-0.6642282009124756,0.7475286722183228,0.001336612156592309,-0.7475259304046631,-0.6642178297042847,-0.004435203038156033,-0.002427639672532678,-0.003945139236748219,0.9999892711639404],"scale":1,"type":"fence_metal1"}
{"pos":[-363.6709899902344,296.7550048828125,103.1029968261719],"rotationMatrix":[-0.659487247467041,0.7517147064208984,0.001262935344129801,-0.7517120838165283,-0.6594778299331665,-0.004237360320985317,-0.00235240813344717,-0.003743848763406277,0.9999902248382568],"scale":1,"type":"fence_metal1"}
{"pos":[-361.2040100097656,298.9119873046875,103.1169967651367],"rotationMatrix":[-0.6547532081604004,0.7558413743972778,0.001425201073288918,-0.7558399438858032,-0.6547445058822632,-0.003951164428144693,-0.002053310861811042,-0.003664261428639293,0.9999911785125732],"scale":1,"type":"fence_metal1"}
{"pos":[-358.7139892578125,301.0400085449219,103.1289978027344],"rotationMatrix":[-0.6503890752792358,0.759600043296814,0.001363615621812642,-0.7595986127853394,-0.6503810882568359,-0.003788528731092811,-0.00199089664965868,-0.003499818267300725,0.9999918937683105],"scale":1,"type":"fence_metal1"}
{"pos":[-356.2179870605469,303.1629943847656,103.140998840332],"rotationMatrix":[-0.6460309028625488,0.7633095979690552,0.001597774331457913,-0.7633095979690552,-0.6460236310958862,-0.003445488167926669,-0.001597774331457913,-0.003445488167926669,0.999992847442627],"scale":1,"type":"fence_metal1"}
{"pos":[-343.4869995117188,312.9849853515625,103.2330017089844],"rotationMatrix":[-0.5838528871536255,0.8118594884872437,-2.724975274759345e-05,-0.8118503093719482,-0.5838464498519897,-0.004733970854431391,-0.003859228687360883,-0.002741819713264704,0.9999887943267822],"scale":1,"type":"fence_metal1"}
{"pos":[-340.7919921875,314.9159851074219,103.2460021972656],"rotationMatrix":[-0.5824257135391235,0.8128839135169983,-0.0001413102145306766,-0.8128781914710999,-0.5824222564697266,-0.003651222679764032,-0.003050322411581874,-0.00201169797219336,0.9999933242797852],"scale":1,"type":"fence_metal1"}
{"pos":[-338.0880126953125,316.8340148925781,103.254997253418],"rotationMatrix":[-0.5785115957260132,0.8156741857528687,-6.011241202941164e-05,-0.8156715631484985,-0.5785099267959595,-0.002489027800038457,-0.00206501130014658,-0.001390899531543255,0.9999969005584717],"scale":1,"type":"fence_metal1"}
{"pos":[-335.3720092773438,318.7349853515625,103.2600021362305],"rotationMatrix":[-0.5724743604660034,0.8199226260185242,-0.0001551275490783155,-0.8199217319488525,-0.5724740028381348,-0.001372327678836882,-0.001214008894748986,-0.0006584299262613058,0.9999990463256836],"scale":1,"type":"fence_metal1"}
{"pos":[-332.6369934082031,320.6090087890625,103.2620010375977],"rotationMatrix":[-0.5653884410858154,0.8248247504234314,-2.668433808139525e-05,-0.8248245716094971,-0.5653883218765259,-0.0006900181761011481,-0.0005842310492880642,-0.0003681184025481343,0.9999997615814209],"scale":1,"type":"fence_metal1"}
{"pos":[-329.8880004882813,322.4599914550781,103.2630004882813],"rotationMatrix":[-0.5579655170440674,0.8298641443252563,0,-0.8298641443252563,-0.5579655170440674,0,0,0,1],"scale":1,"type":"fence_metal1"}
{"pos":[-327.1229858398438,324.2869873046875,103.2630004882813],"rotationMatrix":[-0.5512650012969971,0.8343302011489868,0,-0.8343302011489868,-0.5512650012969971,0,0,0,1],"scale":1,"type":"fence_metal1"}
{"pos":[-409.489990234375,250.0449981689453,102.681999206543],"rotationMatrix":[-0.7796543836593628,0.6262100338935852,0.0002663076738826931,-0.6261947154998779,-0.7796322107315063,-0.007335594855248928,-0.00438600080087781,-0.005885989405214787,0.9999730587005615],"scale":1,"type":"fence_metal1"}
{"pos":[-407.4320068359375,252.5930023193359,102.7070007324219],"rotationMatrix":[-0.7732471227645874,0.6341047286987305,0.0003430266224313527,-0.6340887546539307,-0.7732236385345459,-0.007524968590587378,-0.004506381694227457,-0.006036169361323118,0.9999716281890869],"scale":1,"type":"fence_metal1"}
{"pos":[-405.322998046875,255.0989990234375,102.7320022583008],"rotationMatrix":[-0.7668514251708984,0.64182448387146,0.0004759042058140039,-0.6418083310127258,-0.7668263912200928,-0.007705664727836847,-0.00458074826747179,-0.006214539520442486,0.9999701976776123],"scale":1,"type":"fence_metal1"}
{"pos":[-403.18701171875,257.5830078125,102.7570037841797],"rotationMatrix":[-0.7600905895233154,0.6498169302940369,0.0005162313464097679,-0.6498007774353027,-0.7600655555725098,-0.007703068200498819,-0.004613214638084173,-0.006190477404743433,0.9999701976776123],"scale":1,"type":"fence_metal1"}
{"pos":[-401.052001953125,260.0669860839844,102.7829971313477],"rotationMatrix":[-0.7533427476882935,0.6576278805732727,0.0005559807177633047,-0.6576116681098938,-0.7533177137374878,-0.007700301241129637,-0.00464510265737772,-0.006166585721075535,0.9999701976776123],"scale":1,"type":"fence_metal1"}
{"pos":[-398.8580017089844,262.5,102.806999206543],"rotationMatrix":[-0.7466062307357788,0.6652660369873047,0.0004972078604623675,-0.6652501225471497,-0.7465827465057373,-0.007516355719417334,-0.004629169125109911,-0.005942525342106819,0.9999716281890869],"scale":1,"type":"fence_metal1"}
{"pos":[-396.6530151367188,264.9219970703125,102.8320007324219],"rotationMatrix":[-0.7398843765258789,0.6727336645126343,0.0007162344991229475,-0.6727191805839539,-0.7398605346679688,-0.007434795144945383,-0.004471723455935717,-0.005982713308185339,0.9999721050262451],"scale":1,"type":"fence_metal1"}
{"pos":[-394.447998046875,267.3450012207031,102.8570022583008],"rotationMatrix":[-0.7331740856170654,0.6800406575202942,0.0007103079697117209,-0.6800267696380615,-0.7331515550613403,-0.007240420207381248,-0.004403016529977322,-0.005791516974568367,0.9999735355377197],"scale":1,"type":"fence_metal1"}
{"pos":[-392.1789855957031,269.7080078125,102.879997253418],"rotationMatrix":[-0.7268497943878174,0.6867958307266235,0.0009197452454827726,-0.6867833137512207,-0.7268269062042236,-0.007167081348598003,-0.004253826104104519,-0.005841057281941175,0.9999738931655884],"scale":1,"type":"fence_metal1"}
{"pos":[-389.9110107421875,272.0710144042969,102.9029998779297],"rotationMatrix":[-0.7201646566390991,0.6938026547431946,0.0008495920337736607,-0.6937902569770813,-0.72014319896698,-0.006990611087530851,-0.004238276742398739,-0.005623829551041126,0.9999752044677734],"scale":1,"type":"fence_metal1"}
{"pos":[-387.6319885253906,274.4249877929688,102.9250030517578],"rotationMatrix":[-0.7138627767562866,0.7002848982810974,0.0009993067942559719,-0.7002742290496826,-0.7138422727584839,-0.006727113388478756,-0.00399754848331213,-0.005502024665474892,0.9999768733978271],"scale":1,"type":"fence_metal1"}
{"pos":[-385.3049926757813,276.7309875488281,102.9469985961914],"rotationMatrix":[-0.707942008972168,0.7062698602676392,0.0009814250515773892,-0.7062597870826721,-0.7079228162765503,-0.006513717584311962,-0.003905669320374727,-0.00530447531491518,0.9999783039093018],"scale":1,"type":"fence_metal1"}
{"pos":[-382.97900390625,279.0379943847656,102.9680023193359],"rotationMatrix":[-0.7016626596450806,0.712508499622345,0.001083490555174649,-0.7124996781349182,-0.7016444206237793,-0.006273499689996243,-0.003709696466103196,-0.005173867102712393,0.9999797344207764],"scale":1,"type":"fence_metal1"}
{"pos":[-380.6319885253906,281.3240051269531,102.9879989624023],"rotationMatrix":[-0.6957632303237915,0.7182704210281372,0.001068489626049995,-0.7182621359825134,-0.6957461833953857,-0.00606354046612978,-0.003611864289268851,-0.00498624425381422,0.9999810457229614],"scale":1,"type":"fence_metal1"}
{"pos":[-378.2460021972656,283.5690002441406,103.0059967041016],"rotationMatrix":[-0.690241813659668,0.7235777974128723,0.001182269654236734,-0.7235708832740784,-0.6902257204055786,-0.005800815764814615,-0.003381308633834124,-0.004859421402215958,0.999982476234436],"scale":1,"type":"fence_metal1"}
{"pos":[-375.8599853515625,285.8139953613281,103.0250015258789],"rotationMatrix":[-0.6847294569015503,0.728796124458313,0.001331034814938903,-0.7287906408309937,-0.6847141981124878,-0.005536516197025776,-0.003123613074421883,-0.004761061631143093,0.9999837875366211],"scale":1,"type":"fence_metal1"}
{"pos":[-436.2369995117188,212.8370056152344,102.3099975585938],"rotationMatrix":[-0.8401303291320801,0.5423845648765564,-7.789365918142721e-05,-0.5423839092254639,-0.8401294946670532,-0.00146277085877955,-0.0008588251075707376,-0.001186669920571148,0.999998927116394],"scale":1,"type":"fence_metal1"}
{"pos":[-427.1430053710938,226.4490051269531,102.5110015869141],"rotationMatrix":[-0.8171827793121338,0.5763785839080811,-0.0001459438062738627,-0.576376736164093,-0.8171807527542114,-0.002337160753086209,-0.001466351910494268,-0.001825768849812448,0.9999972581863403],"scale":1,"type":"fence_metal1"}
{"pos":[-425.2489929199219,229.1199951171875,102.5220031738281],"rotationMatrix":[-0.8152791261672974,0.579068124294281,-0.0002247139054816216,-0.5790645480155945,-0.8152753114700317,-0.003231082344427705,-0.002054220531135798,-0.002504110103473067,0.9999947547912598],"scale":1,"type":"fence_metal1"}
{"pos":[-423.3500061035156,231.7879943847656,102.5339965820313],"rotationMatrix":[-0.8133769035339355,0.5817370414733887,-0.0001501182414358482,-0.5817317962646484,-0.8133705854415894,-0.004053181502968073,-0.002479987451806664,-0.003209435613825917,0.999991774559021],"scale":1,"type":"fence_metal1"}
{"pos":[-421.4200134277344,234.4340057373047,102.5510025024414],"rotationMatrix":[-0.8095735311508179,0.5870184898376465,-0.0001190301700262353,-0.5870110392570496,-0.8095642328262329,-0.004881347063928843,-0.002961803460493684,-0.003881937125697732,0.9999880790710449],"scale":1,"type":"fence_metal1"}
{"pos":[-419.489990234375,237.0800018310547,102.5690002441406],"rotationMatrix":[-0.8057736158370972,0.5922236442565918,-0.000118489217129536,-0.5922141671180725,-0.8057618141174316,-0.005501353647559881,-0.003353505861014128,-0.004362674430012703,0.9999848604202271],"scale":1,"type":"fence_metal1"}
{"pos":[-417.5419921875,239.7120056152344,102.588996887207],"rotationMatrix":[-0.8019779920578003,0.5973535776138306,-8.656676072860137e-05,-0.5973418951034546,-0.801963210105896,-0.006136960815638304,-0.003735358826816082,-0.004869997501373291,0.999981164932251],"scale":1,"type":"fence_metal1"}
{"pos":[-415.5549926757813,242.3159942626953,102.6110000610352],"rotationMatrix":[-0.7966687679290771,0.6044161319732666,6.731407484039664e-05,-0.6044036746025085,-0.7966516017913818,-0.006514102220535278,-0.003883602563291788,-0.005230266600847244,0.99997878074646],"scale":1,"type":"fence_metal1"}
{"pos":[-413.5690002441406,244.9199981689453,102.6330032348633],"rotationMatrix":[-0.7913676500320435,0.6113405227661133,6.676762859569862e-05,-0.6113260984420776,-0.7913482189178467,-0.006956574507057667,-0.004199999384582043,-0.005546024534851313,0.9999758005142212],"scale":1,"type":"fence_metal1"}
{"pos":[-411.5469970703125,247.4960021972656,102.6569976806641],"rotationMatrix":[-0.7856965065002441,0.6186121106147766,0.0002306989626958966,-0.6185967922210693,-0.7856743335723877,-0.007336800917983055,-0.004357379861176014,-0.005907208658754826,0.9999730587005615],"scale":1,"type":"fence_metal1"}
{"pos":[-449.64599609375,189.4750061035156,102.1809997558594],"rotationMatrix":[-0.8802676200866699,0.4744773209095001,-0.000436134374467656,-0.4744648337364197,-0.8802504539489746,-0.006499833893030882,-0.003467931412160397,-0.005514663178473711,0.99997878074646],"scale":1,"type":"fence_metal1"}
{"pos":[-448.2229919433594,192.1080017089844,102.1999969482422],"rotationMatrix":[-0.8791028261184692,0.4766319394111633,-0.0004762387834489346,-0.4766198396682739,-0.8790868520736694,-0.006310872733592987,-0.003426618874073029,-0.005320921540260315,0.9999799728393555],"scale":1,"type":"fence_metal1"}
{"pos":[-446.7909851074219,194.7369995117188,102.2190017700195],"rotationMatrix":[-0.8771637678146362,0.4801912307739258,-0.000303740322124213,-0.4801808595657349,-0.8771486282348633,-0.006051765754818916,-0.003172430209815502,-0.005162538960576057,0.9999816417694092],"scale":1,"type":"fence_metal1"}
{"pos":[-445.3469848632813,197.3589935302734,102.2360000610352],"rotationMatrix":[-0.8748371601104736,0.4844169318675995,-0.0004197035741526634,-0.4844070672988892,-0.8748242855072021,-0.005678777582943439,-0.003118062857538462,-0.004764697980135679,0.9999837875366211],"scale":1,"type":"fence_metal1"}
{"pos":[-443.8880004882813,199.9730072021484,102.2529983520508],"rotationMatrix":[-0.871738076210022,0.4899720847606659,-0.0002995941904373467,-0.4899639785289764,-0.8717268705368042,-0.005250391084700823,-0.002833709353581071,-0.004430175293236971,0.9999861717224121],"scale":1,"type":"fence_metal1"}
{"pos":[-442.4129943847656,202.5780029296875,102.2679977416992],"rotationMatrix":[-0.8682550191879272,0.4961181282997131,-0.000152535256347619,-0.4961117804050446,-0.8682453632354736,-0.00480657909065485,-0.002517068991437554,-0.004097661934792995,0.9999884366989136],"scale":1,"type":"fence_metal1"}
{"pos":[-440.9119873046875,205.1679992675781,102.2819976806641],"rotationMatrix":[-0.8632301092147827,0.5048105120658875,-0.0003249713045079261,-0.5048048496246338,-0.8632230758666992,-0.004244304727762938,-0.002423092490062118,-0.003499764716252685,0.9999909400939941],"scale":1,"type":"fence_metal1"}
{"pos":[-439.385986328125,207.7440032958984,102.2939987182617],"rotationMatrix":[-0.8570549488067627,0.5152249932289124,-8.50168798933737e-05,-0.515221893787384,-0.8570502996444702,-0.003346403129398823,-0.001797014265321195,-0.002824248746037483,0.9999943971633911],"scale":1,"type":"fence_metal1"}
{"pos":[-437.8299865722656,210.302001953125,102.3030014038086],"rotationMatrix":[-0.8497366905212402,0.5272073149681091,-0.0001576645736349747,-0.5272052884101868,-0.8497341871261597,-0.002532278187572956,-0.001469008508138359,-0.002068648114800453,0.9999967813491821],"scale":1,"type":"fence_metal1"}
{"pos":[-455.3680114746094,178.9640045166016,102.1039962768555],"rotationMatrix":[-0.8624595403671265,0.5061259865760803,-0.0002177746791858226,-0.5061196684837341,-0.8624508380889893,-0.004627108108252287,-0.002529719611629844,-0.003880473552271724,0.9999892711639404],"scale":1,"type":"fence_metal1"}
{"pos":[-453.9100036621094,181.5740051269531,102.1220016479492],"rotationMatrix":[-0.8767772912979126,0.4808965921401978,-0.0002510602935217321,-0.4808858335018158,-0.8767609596252441,-0.006247978191822767,-0.003224751213565469,-0.005357354413717985,0.9999804496765137],"scale":1,"type":"fence_metal1"}
{"pos":[-452.4830017089844,184.2050018310547,102.140998840332],"rotationMatrix":[-0.8798797130584717,0.4751962721347809,-0.0004334793775342405,-0.4751838147640228,-0.8798625469207764,-0.006500011775642633,-0.00347018358297646,-0.005513246171176434,0.99997878074646],"scale":1,"type":"fence_metal1"}
{"pos":[-451.0639953613281,186.8399963378906,102.161003112793],"rotationMatrix":[-0.8806552886962891,0.4737573862075806,-0.0004387917288113385,-0.4737449288368225,-0.8806381225585938,-0.006499655079096556,-0.003465676447376609,-0.005516080651432276,0.99997878074646],"scale":1,"type":"fence_metal1"}
{"pos":[-455.3720092773438,178.9360046386719,15.52939987182617],"rotationMatrix":[-0.8160368204116821,0.5779999494552612,0,-0.5779999494552612,-0.8160368204116821,0,0,0,1],"scale":1,"type":"fence_metal1"}
{"pos":[-455.3720092773438,178.9360046386719,15.52939987182617],"rotationMatrix":[-0.8160368204116821,0.5779999494552612,0,-0.5779999494552612,-0.8160368204116821,0,0,0,1],"scale":1,"type":"fence_metal1"}
{"pos":[70.92939758300781,625.1110229492188,76.04759979248047],"rotationMatrix":[-0.3791283369064331,0.9253441095352173,0,-0.9253441095352173,-0.3791283369064331,0,0,0,1],"scale":1,"type":"fence_metal1"}
{"pos":[37.10630035400391,689.8590087890625,76.04759979248047],"rotationMatrix":[-0.3791283369064331,0.9253441095352173,0,-0.9253441095352173,-0.3791283369064331,0,0,0,1],"scale":1,"type":"fence_metal1"}
{"pos":[34.03469848632813,688.5999755859375,76.04759979248047],"rotationMatrix":[-0.3791283369064331,0.9253441095352173,0,-0.9253441095352173,-0.3791283369064331,0,0,0,1],"scale":1,"type":"fence_metal1"}
{"pos":[46.32310104370117,693.6370239257813,76.04759979248047],"rotationMatrix":[-0.3791283369064331,0.9253441095352173,0,-0.9253441095352173,-0.3791283369064331,0,0,0,1],"scale":1,"type":"fence_metal1"}
{"pos":[49.39479827880859,694.89599609375,76.04759979248047],"rotationMatrix":[-0.3791283369064331,0.9253441095352173,0,-0.9253441095352173,-0.3791283369064331,0,0,0,1],"scale":1,"type":"fence_metal1"}
{"pos":[43.24959945678711,692.3770141601563,76.04759979248047],"rotationMatrix":[-0.3791283369064331,0.9253441095352173,0,-0.9253441095352173,-0.3791283369064331,0,0,0,1],"scale":1,"type":"fence_metal1"}
{"pos":[40.17789840698242,691.1179809570313,76.04759979248047],"rotationMatrix":[-0.3791283369064331,0.9253441095352173,0,-0.9253441095352173,-0.3791283369064331,0,0,0,1],"scale":1,"type":"fence_metal1"}
{"pos":[52.47269821166992,696.1580200195313,76.04759979248047],"rotationMatrix":[-0.3791283369064331,0.9253441095352173,0,-0.9253441095352173,-0.3791283369064331,0,0,0,1],"scale":1,"type":"fence_metal1"}
{"pos":[26.43519973754883,670.5070190429688,76.04759979248047],"rotationMatrix":[-1,0,0,0,-1,0,0,0,1],"scale":1,"type":"fence_metal1"}
{"pos":[26.43519973754883,667.18701171875,76.04759979248047],"rotationMatrix":[-1,0,0,0,-1,0,0,0,1],"scale":1,"type":"fence_metal1"}
{"pos":[26.43519973754883,680.468017578125,76.04759979248047],"rotationMatrix":[-1,0,0,0,-1,0,0,0,1],"scale":1,"type":"fence_metal1"}
{"pos":[26.43519973754883,677.14599609375,76.04759979248047],"rotationMatrix":[-1,0,0,0,-1,0,0,0,1],"scale":1,"type":"fence_metal1"}
{"pos":[26.43519973754883,673.8259887695313,76.04759979248047],"rotationMatrix":[-1,0,0,0,-1,0,0,0,1],"scale":1,"type":"fence_metal1"}
{"pos":[26.43519973754883,683.7659912109375,76.04759979248047],"rotationMatrix":[-1,0,0,0,-1,0,0,0,1],"scale":1,"type":"fence_metal1"}
{"pos":[27.88949966430664,686.0819702148438,76.04759979248047],"rotationMatrix":[-0.3791283369064331,0.9253441095352173,0,-0.9253441095352173,-0.3791283369064331,0,0,0,1],"scale":1,"type":"fence_metal1"}
{"pos":[30.96109962463379,687.3410034179688,76.04759979248047],"rotationMatrix":[-0.3791283369064331,0.9253441095352173,0,-0.9253441095352173,-0.3791283369064331,0,0,0,1],"scale":1,"type":"fence_metal1"}
{"pos":[6.705699920654297,637.197021484375,76.04759979248047],"rotationMatrix":[1,0,0,0,1,0,0,0,1],"scale":1,"type":"fence_metal1"}
{"pos":[6.705699920654297,633.8770141601563,76.04759979248047],"rotationMatrix":[1,0,0,0,1,0,0,0,1],"scale":1,"type":"fence_metal1"}
{"pos":[6.705699920654297,627.2360229492188,76.04759979248047],"rotationMatrix":[1,0,0,0,1,0,0,0,1],"scale":1,"type":"fence_metal1"}
{"pos":[6.705699920654297,630.5549926757813,76.04759979248047],"rotationMatrix":[1,0,0,0,1,0,0,0,1],"scale":1,"type":"fence_metal1"}
{"pos":[6.705699920654297,643.8359985351563,76.04759979248047],"rotationMatrix":[1,0,0,0,1,0,0,0,1],"scale":1,"type":"fence_metal1"}
{"pos":[6.705699920654297,640.5159912109375,76.04759979248047],"rotationMatrix":[1,0,0,0,1,0,0,0,1],"scale":1,"type":"fence_metal1"}
{"pos":[6.705699920654297,647.1580200195313,76.04759979248047],"rotationMatrix":[1,0,0,0,1,0,0,0,1],"scale":1,"type":"fence_metal1"}
{"pos":[6.705699920654297,650.4769897460938,76.04759979248047],"rotationMatrix":[1,0,0,0,1,0,0,0,1],"scale":1,"type":"fence_metal1"}
{"pos":[4.755899906158447,652.1010131835938,76.04759979248047],"rotationMatrix":[1.931190490722656e-05,-1,0,1,1.931190490722656e-05,0,0,0,1],"scale":1,"type":"fence_metal1"}
{"pos":[1.436300039291382,652.1010131835938,76.04759979248047],"rotationMatrix":[1.931190490722656e-05,-1,0,1,1.931190490722656e-05,0,0,0,1],"scale":1,"type":"fence_metal1"}
{"pos":[26.43519973754883,628.3820190429688,76.04759979248047],"rotationMatrix":[-1,0,0,0,-1,0,0,0,1],"scale":1,"type":"fence_metal1"}
{"pos":[26.43519973754883,631.7009887695313,76.04759979248047],"rotationMatrix":[-1,0,0,0,-1,0,0,0,1],"scale":1,"type":"fence_metal1"}
{"pos":[26.43519973754883,625.0599975585938,76.04759979248047],"rotationMatrix":[-1,0,0,0,-1,0,0,0,1],"scale":1,"type":"fence_metal1"}
{"pos":[26.43519973754883,648.3079833984375,76.04759979248047],"rotationMatrix":[-1,0,0,0,-1,0,0,0,1],"scale":1,"type":"fence_metal1"}
{"pos":[26.43519973754883,651.6279907226563,76.04759979248047],"rotationMatrix":[-1,0,0,0,-1,0,0,0,1],"scale":1,"type":"fence_metal1"}
{"pos":[26.43519973754883,654.9500122070313,76.04759979248047],"rotationMatrix":[-1,0,0,0,-1,0,0,0,1],"scale":1,"type":"fence_metal1"}
{"pos":[26.43519973754883,641.6690063476563,76.04759979248047],"rotationMatrix":[-1,0,0,0,-1,0,0,0,1],"scale":1,"type":"fence_metal1"}
{"pos":[26.43519973754883,644.989013671875,76.04759979248047],"rotationMatrix":[-1,0,0,0,-1,0,0,0,1],"scale":1,"type":"fence_metal1"}
{"pos":[26.43519973754883,638.3469848632813,76.04759979248047],"rotationMatrix":[-1,0,0,0,-1,0,0,0,1],"scale":1,"type":"fence_metal1"}
{"pos":[26.43519973754883,635.0280151367188,76.04759979248047],"rotationMatrix":[-1,0,0,0,-1,0,0,0,1],"scale":1,"type":"fence_metal1"}
{"pos":[67.85590362548828,623.8510131835938,76.04759979248047],"rotationMatrix":[-0.3791283369064331,0.9253441095352173,0,-0.9253441095352173,-0.3791283369064331,0,0,0,1],"scale":1,"type":"fence_metal1"}
{"pos":[64.78420257568359,622.5919799804688,76.04759979248047],"rotationMatrix":[-0.3791283369064331,0.9253441095352173,0,-0.9253441095352173,-0.3791283369064331,0,0,0,1],"scale":1,"type":"fence_metal1"}
{"pos":[70.58910369873047,519.8759765625,102.8779983520508],"rotationMatrix":[-0.7394989728927612,0.6731560826301575,0.001459346385672688,-0.6729004979133606,-0.7391548156738281,-0.02924106270074844,-0.01860511675477028,-0.02260573022067547,0.9995713233947754],"scale":1,"type":"fence_metal1"}
{"pos":[68.35829925537109,517.4320068359375,102.8280029296875],"rotationMatrix":[-0.7335642576217651,0.6796184778213501,0.001483547617681324,-0.679599940776825,-0.733523964881897,-0.009299936704337597,-0.005232191644608974,-0.007830320857465267,0.9999556541442871],"scale":1,"type":"fence_metal1"}
{"pos":[66.09310150146484,514.9929809570313,102.8190002441406],"rotationMatrix":[-0.7275768518447876,0.6860238313674927,0.001801460981369019,-0.6860252022743225,-0.7275688648223877,-0.003600991098210216,-0.001159678678959608,-0.003855845192447305,0.9999918937683105],"scale":1,"type":"fence_metal1"}
{"pos":[63.80350112915039,512.572021484375,102.8199996948242],"rotationMatrix":[-0.7212561368942261,0.6926666498184204,0.001588015118613839,-0.6926684379577637,-0.7212549448013306,-0.001330315019004047,0.0002238989254692569,-0.002059465739876032,0.9999978542327881],"scale":1,"type":"fence_metal1"}
{"pos":[6.705699920654297,576.8619995117188,76.04759979248047],"rotationMatrix":[1,0,0,0,1,0,0,0,1],"scale":1,"type":"fence_metal1"}
{"pos":[6.705699920654297,573.5419921875,76.04759979248047],"rotationMatrix":[1,0,0,0,1,0,0,0,1],"scale":1,"type":"fence_metal1"}
{"pos":[6.705699920654297,566.9010009765625,76.04759979248047],"rotationMatrix":[1,0,0,0,1,0,0,0,1],"scale":1,"type":"fence_metal1"}
{"pos":[6.705699920654297,570.219970703125,76.04759979248047],"rotationMatrix":[1,0,0,0,1,0,0,0,1],"scale":1,"type":"fence_metal1"}
{"pos":[6.705699920654297,583.5009765625,76.04759979248047],"rotationMatrix":[1,0,0,0,1,0,0,0,1],"scale":1,"type":"fence_metal1"}
{"pos":[6.705699920654297,580.1810302734375,76.04759979248047],"rotationMatrix":[1,0,0,0,1,0,0,0,1],"scale":1,"type":"fence_metal1"}
{"pos":[6.705699920654297,586.822021484375,76.04759979248047],"rotationMatrix":[1,0,0,0,1,0,0,0,1],"scale":1,"type":"fence_metal1"}
{"pos":[6.705699920654297,590.1420288085938,76.04759979248047],"rotationMatrix":[1,0,0,0,1,0,0,0,1],"scale":1,"type":"fence_metal1"}
{"pos":[6.705699920654297,623.9089965820313,76.04759979248047],"rotationMatrix":[1,0,0,0,1,0,0,0,1],"scale":1,"type":"fence_metal1"}
{"pos":[6.705699920654297,620.5900268554688,76.04759979248047],"rotationMatrix":[1,0,0,0,1,0,0,0,1],"scale":1,"type":"fence_metal1"}
{"pos":[6.705699920654297,613.947998046875,76.04759979248047],"rotationMatrix":[1,0,0,0,1,0,0,0,1],"scale":1,"type":"fence_metal1"}
{"pos":[6.705699920654297,617.2680053710938,76.04759979248047],"rotationMatrix":[1,0,0,0,1,0,0,0,1],"scale":1,"type":"fence_metal1"}
{"pos":[6.705699920654297,603.9869995117188,76.04759979248047],"rotationMatrix":[1,0,0,0,1,0,0,0,1],"scale":1,"type":"fence_metal1"}
{"pos":[6.705699920654297,600.6680297851563,76.04759979248047],"rotationMatrix":[1,0,0,0,1,0,0,0,1],"scale":1,"type":"fence_metal1"}
{"pos":[6.705699920654297,607.3090209960938,76.04759979248047],"rotationMatrix":[1,0,0,0,1,0,0,0,1],"scale":1,"type":"fence_metal1"}
{"pos":[6.705699920654297,610.6290283203125,76.04759979248047],"rotationMatrix":[1,0,0,0,1,0,0,0,1],"scale":1,"type":"fence_metal1"}
{"pos":[1.436300039291382,565.1240234375,76.04759979248047],"rotationMatrix":[1.931190490722656e-05,-1,0,1,1.931190490722656e-05,0,0,0,1],"scale":1,"type":"fence_metal1"}
{"pos":[4.755899906158447,565.1240234375,76.04759979248047],"rotationMatrix":[1.931190490722656e-05,-1,0,1,1.931190490722656e-05,0,0,0,1],"scale":1,"type":"fence_metal1"}
{"pos":[26.43519973754883,608.4600219726563,76.04759979248047],"rotationMatrix":[-1,0,0,0,-1,0,0,0,1],"scale":1,"type":"fence_metal1"}
{"pos":[26.43519973754883,611.7789916992188,76.04759979248047],"rotationMatrix":[-1,0,0,0,-1,0,0,0,1],"scale":1,"type":"fence_metal1"}
