{"pos":[-337.6950073242188,-258.4920043945313,118.0100021362305],"rotationMatrix":[-0.86863112449646,-0.4954593479633331,0,0.4954593479633331,-0.86863112449646,0,0,0,1],"scale":1.037500023841858,"type":"oak_dry_b"}
{"pos":[-342.4739990234375,-645.7839965820313,126.4649963378906],"rotationMatrix":[0.469343900680542,0.8830154538154602,0,-0.8830154538154602,0.469343900680542,0,0,0,1],"scale":1.139799952507019,"type":"oak_dry_b"}
{"pos":[-476.1830139160156,-549.8380126953125,125.5479965209961],"rotationMatrix":[0.9932255744934082,0.1162022277712822,0,-0.1162022277712822,0.9932255744934082,0,0,0,1],"scale":1.070899963378906,"type":"oak_dry_b"}
{"pos":[-481.6510009765625,-549.85498046875,125.4580001831055],"rotationMatrix":[-0.2519948482513428,-0.9677285552024841,0,0.9677285552024841,-0.2519948482513428,0,0,0,1],"scale":0.9402999877929688,"type":"oak_dry_b"}
{"pos":[-468.1390075683594,-554.2260131835938,126.3209991455078],"rotationMatrix":[0.1269509792327881,0.9919089674949646,0,-0.9919089674949646,0.1269509792327881,0,0,0,1],"scale":0.9972000122070313,"type":"oak_dry_b"}
{"pos":[-496.0469970703125,-548.6170043945313,124.4720001220703],"rotationMatrix":[0.6928287744522095,-0.7211021184921265,0,0.7211021184921265,0.6928287744522095,0,0,0,1],"scale":1.156599998474121,"type":"oak_dry_b"}
{"pos":[-297.0130004882813,-782.7639770507813,136.8979949951172],"rotationMatrix":[-0.7465803623199463,-0.6652952432632446,0,0.6652952432632446,-0.7465803623199463,0,0,0,1],"scale":1.044399976730347,"type":"oak_dry_b"}
{"pos":[-277.1610107421875,-798.8740234375,137.3840026855469],"rotationMatrix":[-0.1808772087097168,-0.9835056662559509,0,0.9835056662559509,-0.1808772087097168,0,0,0,1],"scale":1.112100005149841,"type":"oak_dry_b"}
{"pos":[-607.9459838867188,-497.18701171875,114.7060012817383],"rotationMatrix":[-0.9605960845947266,0.2779481410980225,0,-0.2779481410980225,-0.9605960845947266,0,0,0,1],"scale":1.151600003242493,"type":"oak_dry_b"}
{"pos":[-606.8660278320313,-479.968994140625,113.6740036010742],"rotationMatrix":[0.2780787944793701,0.960558295249939,0,-0.960558295249939,0.2780787944793701,0,0,0,1],"scale":1.051699995994568,"type":"oak_dry_b"}
{"pos":[-721.7650146484375,-477.2999877929688,100.8840026855469],"rotationMatrix":[0.9999181032180786,-0.01279792375862598,0,0.01279792375862598,0.9999181032180786,0,0,0,1],"scale":1.141499996185303,"type":"oak_dry_b"}
{"pos":[-640.06201171875,-455.7019958496094,110.0370025634766],"rotationMatrix":[0.9097723960876465,-0.4151074290275574,0,0.4151074290275574,0.9097723960876465,0,0,0,1],"scale":1.097300052642822,"type":"oak_dry_b"}
{"pos":[-750.9349975585938,-29.37430000305176,103.2559967041016],"rotationMatrix":[-0.5795754194259644,-0.814918577671051,0,0.814918577671051,-0.5795754194259644,0,0,0,1],"scale":1.36269998550415,"type":"oak_dry_b"}
{"pos":[-624.7919921875,-518.1110229492188,113.0979995727539],"rotationMatrix":[0.6010968685150146,-0.7991761565208435,0,0.7991761565208435,0.6010968685150146,0,0,0,1],"scale":0.9107999801635742,"type":"oak_dry_b"}
{"pos":[-608.7360229492188,-514.9349975585938,115.7160034179688],"rotationMatrix":[0.9834743738174438,-0.1810473799705505,0,0.1810473799705505,0.9834743738174438,0,0,0,1],"scale":1.015900015830994,"type":"oak_dry_b"}
{"pos":[-608.5020141601563,-505.2170104980469,115.5039978027344],"rotationMatrix":[0.7456729412078857,-0.6663121581077576,0,0.6663121581077576,0.7456729412078857,0,0,0,1],"scale":1.001500010490417,"type":"oak_dry_b"}
{"pos":[-694.5139770507813,-544.4550170898438,107.7699966430664],"rotationMatrix":[-0.3268203735351563,0.9450864791870117,0,-0.9450864791870117,-0.3268203735351563,0,0,0,1],"scale":1.059100031852722,"type":"oak_dry_b"}
{"pos":[-646.35400390625,-519.9769897460938,112.8199996948242],"rotationMatrix":[0.9911022186279297,-0.1331029385328293,0,0.1331029385328293,0.9911022186279297,0,0,0,1],"scale":0.9101999998092651,"type":"oak_dry_b"}
{"pos":[-717.5,-518.0640258789063,103.995002746582],"rotationMatrix":[-0.1485216617584229,0.988909125328064,0,-0.988909125328064,-0.1485216617584229,0,0,0,1],"scale":1.084699988365173,"type":"oak_dry_b"}
{"pos":[-742.8610229492188,-531.6090087890625,102.484001159668],"rotationMatrix":[-0.8558937311172485,0.5171517133712769,0,-0.5171517133712769,-0.8558937311172485,0,0,0,1],"scale":1.048200011253357,"type":"oak_dry_b"}
{"pos":[-781.06298828125,-531.5960083007813,100.8119964599609],"rotationMatrix":[-0.6369640827178955,0.7708934545516968,0,-0.7708934545516968,-0.6369640827178955,0,0,0,1],"scale":0.9993000030517578,"type":"oak_dry_b"}
{"pos":[-797.3809814453125,-586.5260009765625,101.5110015869141],"rotationMatrix":[0.1248354911804199,-0.992177426815033,0,0.992177426815033,0.1248354911804199,0,0,0,1],"scale":0.9857000112533569,"type":"oak_dry_b"}
{"pos":[-933.1909790039063,-637.4990234375,103.1669998168945],"rotationMatrix":[-0.9928064346313477,0.1197304576635361,0,-0.1197304576635361,-0.9928064346313477,0,0,0,1],"scale":1.179499983787537,"type":"oak_dry_b"}
{"pos":[-71.41850280761719,-1041.489990234375,145.9040069580078],"rotationMatrix":[-1,0,0,0,-1,0,0,0,1],"scale":0.9010999798774719,"type":"oak_dry_b"}
{"pos":[-72.37169647216797,-1036.869995117188,144.1280059814453],"rotationMatrix":[0.2809596061706543,0.9597195982933044,0,-0.9597195982933044,0.2809596061706543,0,0,0,1],"scale":1.199900031089783,"type":"oak_dry_b"}
{"pos":[-1134.130004882813,-141.7779998779297,161.5800018310547],"rotationMatrix":[0.7604296207427979,-0.6494203209877014,0,0.6494203209877014,0.7604296207427979,0,0,0,1],"scale":1.225100040435791,"type":"oak_dry_b"}
{"pos":[-1148.7900390625,-170.7640075683594,148.8529968261719],"rotationMatrix":[0.5197999477386475,0.8542880415916443,0,-0.8542880415916443,0.5197999477386475,0,0,0,1],"scale":0.927299976348877,"type":"oak_dry_b"}
{"pos":[-1093.569946289063,-95.10079956054688,169.3979949951172],"rotationMatrix":[0.07710301876068115,-0.9970231056213379,0,0.9970231056213379,0.07710301876068115,0,0,0,1],"scale":1.141999959945679,"type":"oak_dry_b"}
{"pos":[-1130.390014648438,-189.5350036621094,133.9049987792969],"rotationMatrix":[0.9271907806396484,-0.3745894432067871,0,0.3745894432067871,0.9271907806396484,0,0,0,1],"scale":1.187199950218201,"type":"oak_dry_b"}
{"pos":[-86.31829833984375,634.9920043945313,74.17559814453125],"rotationMatrix":[-0.5023378133773804,-0.8646714687347412,0,0.8646714687347412,-0.5023378133773804,0,0,0,1],"scale":1.278499960899353,"type":"oak_dry_b"}
{"pos":[-87.29979705810547,645.5189819335938,74.38980102539063],"rotationMatrix":[0.650050163269043,-0.7598912715911865,0,0.7598912715911865,0.650050163269043,0,0,0,1],"scale":1.076900005340576,"type":"oak_dry_b"}
{"pos":[-87.16809844970703,611.0590209960938,74.09649658203125],"rotationMatrix":[0.1401150226593018,-0.9901352524757385,0,0.9901352524757385,0.1401150226593018,0,0,0,1],"scale":1.16569995880127,"type":"oak_dry_b"}
{"pos":[-49.67610168457031,516.9000244140625,74.00599670410156],"rotationMatrix":[0.2516462802886963,0.9678192734718323,0,-0.9678192734718323,0.2516462802886963,0,0,0,1],"scale":1.218299984931946,"type":"oak_dry_b"}
{"pos":[-27.43449974060059,548.7109985351563,74.29599761962891],"rotationMatrix":[-0.6315404176712036,-0.7753429412841797,0,0.7753429412841797,-0.6315404176712036,0,0,0,1],"scale":1.033200025558472,"type":"oak_dry_b"}
{"pos":[-40.80500030517578,532.9240112304688,74.70189666748047],"rotationMatrix":[0.9619672298431396,-0.2731648683547974,0,0.2731648683547974,0.9619672298431396,0,0,0,1],"scale":0.9807000160217285,"type":"oak_dry_b"}
{"pos":[-43.34989929199219,543.7830200195313,74.85900115966797],"rotationMatrix":[-0.964558482170105,-0.2638691663742065,0,0.2638691663742065,-0.964558482170105,0,0,0,1],"scale":1.196099996566772,"type":"oak_dry_b"}
{"pos":[-152.3320007324219,594.2050170898438,74.61370086669922],"rotationMatrix":[-1,0,0,0,-1,0,0,0,1],"scale":1.116500020027161,"type":"oak_dry_b"}
{"pos":[-145.6159973144531,602.8200073242188,74.36209869384766],"rotationMatrix":[0.8654232025146484,-0.50104159116745,0,0.50104159116745,0.8654232025146484,0,0,0,1],"scale":1.060099959373474,"type":"oak_dry_b"}
{"pos":[-256.7990112304688,646.5079956054688,74.50389862060547],"rotationMatrix":[0.2059478759765625,0.9785629510879517,0,-0.9785629510879517,0.2059478759765625,0,0,0,1],"scale":0.9027000069618225,"type":"oak_dry_b"}
{"pos":[-486.6839904785156,506.0719909667969,97.21240234375],"rotationMatrix":[-0.4494234323501587,-0.8933188319206238,0,0.8933188319206238,-0.4494234323501587,0,0,0,1],"scale":0.883400022983551,"type":"oak_dry_b"}
{"pos":[-45.66210174560547,482.9769897460938,74.39089965820313],"rotationMatrix":[0.4951884746551514,0.868785560131073,0,-0.868785560131073,0.4951884746551514,0,0,0,1],"scale":1.280699968338013,"type":"oak_dry_b"}
{"pos":[-249.977783203125,357.0160217285156,102.0220031738281],"rotationMatrix":[-0.9920080900192261,0.1261742860078812,0,-0.1261742860078812,-0.9920080900192261,0,0,0,1],"scale":1.154000043869019,"type":"oak_dry_b"}
{"pos":[-212.3906555175781,366.9107971191406,102.1569976806641],"rotationMatrix":[-0.09875476360321045,0.9951118230819702,0,-0.9951118230819702,-0.09875476360321045,0,0,0,1],"scale":1.414000034332275,"type":"oak_dry_b"}
{"pos":[-370.3380126953125,426.7860107421875,95.37509918212891],"rotationMatrix":[-0.1686147451400757,0.9856820106506348,0,-0.9856820106506348,-0.1686147451400757,0,0,0,1],"scale":1.289000034332275,"type":"oak_dry_b"}
{"pos":[-327.3399963378906,383.8160095214844,99.96869659423828],"rotationMatrix":[-0.5386087894439697,0.8425559997558594,0,-0.8425559997558594,-0.5386087894439697,0,0,0,1],"scale":1.044899940490723,"type":"oak_dry_b"}
{"pos":[-374.2149963378906,402.9530029296875,95.00150299072266],"rotationMatrix":[-0.8701779842376709,-0.4927375316619873,0,0.4927375316619873,-0.8701779842376709,0,0,0,1],"scale":1.354099988937378,"type":"oak_dry_b"}
{"pos":[-363.2239990234375,480.4309997558594,88.84500122070313],"rotationMatrix":[0.6458547115325928,0.7634603381156921,0,-0.7634603381156921,0.6458547115325928,0,0,0,1],"scale":1.250399947166443,"type":"oak_dry_b"}
{"pos":[-332.9089965820313,450.5599975585938,86.89630126953125],"rotationMatrix":[-0.787940502166748,0.6157513856887817,0,-0.6157513856887817,-0.787940502166748,0,0,0,1],"scale":1.202999949455261,"type":"oak_dry_b"}
{"pos":[-340.6889953613281,448.6629943847656,88.09169769287109],"rotationMatrix":[-0.9960020780563354,-0.08933006227016449,0,0.08933006227016449,-0.9960020780563354,0,0,0,1],"scale":1.108399987220764,"type":"oak_dry_b"}
{"pos":[-327.7449951171875,290.5199890136719,102.2269973754883],"rotationMatrix":[-0.7420978546142578,0.670291543006897,0,-0.670291543006897,-0.7420978546142578,0,0,0,1],"scale":1.01639997959137,"type":"oak_dry_b"}
{"pos":[-434.1289978027344,466.0960083007813,96.26010131835938],"rotationMatrix":[0.6115670204162598,0.7911926507949829,0,-0.7911926507949829,0.6115670204162598,0,0,0,1],"scale":0.9463000297546387,"type":"oak_dry_b"}
{"pos":[-398.2319946289063,454.718994140625,95.54209899902344],"rotationMatrix":[-0.2621426582336426,0.9650291204452515,0,-0.9650291204452515,-0.2621426582336426,0,0,0,1],"scale":0.9929999709129333,"type":"oak_dry_b"}
{"pos":[-438.2229919433594,494.8009948730469,95.32589721679688],"rotationMatrix":[0.9999539852142334,-0.009593093767762184,0,0.009593093767762184,0.9999539852142334,0,0,0,1],"scale":1.097200036048889,"type":"oak_dry_b"}
{"pos":[-419.6180114746094,389.6530151367188,96.27110290527344],"rotationMatrix":[-0.9243296384811401,0.3815949559211731,0,-0.3815949559211731,-0.9243296384811401,0,0,0,1],"scale":1.102800011634827,"type":"oak_dry_b"}
{"pos":[-430.7170104980469,378.6109924316406,96.14040374755859],"rotationMatrix":[-0.9192323684692383,0.3937154412269592,0,-0.3937154412269592,-0.9192323684692383,0,0,0,1],"scale":0.9559000134468079,"type":"oak_dry_b"}
{"pos":[-435.8070068359375,398.02099609375,96.127197265625],"rotationMatrix":[-0.2242995500564575,0.9745202660560608,0,-0.9745202660560608,-0.2242995500564575,0,0,0,1],"scale":1.027600049972534,"type":"oak_dry_b"}
{"pos":[-481.5,484.9849853515625,98.00099945068359],"rotationMatrix":[0.4362903833389282,0.8998059034347534,0,-0.8998059034347534,0.4362903833389282,0,0,0,1],"scale":0.9114999771118164,"type":"oak_dry_b"}
{"pos":[-475.7070007324219,358.1239929199219,96.50800323486328],"rotationMatrix":[0.07791793346405029,0.9969598054885864,0,-0.9969598054885864,0.07791793346405029,0,0,0,1],"scale":1.171599984169006,"type":"oak_dry_b"}
{"pos":[-374.2730102539063,182.0820007324219,101.1169967651367],"rotationMatrix":[0.7873175144195557,0.6165477633476257,0,-0.6165477633476257,0.7873175144195557,0,0,0,1],"scale":1.255800008773804,"type":"oak_dry_b"}
{"pos":[-400.6419982910156,153.5870056152344,99.17829895019531],"rotationMatrix":[0.9488639831542969,0.3156851828098297,0,-0.3156851828098297,0.9488639831542969,0,0,0,1],"scale":1.006500005722046,"type":"oak_dry_b"}
{"pos":[-702.6069946289063,774.5889892578125,79.99929809570313],"rotationMatrix":[-0.9916088581085205,0.1292744129896164,0,-0.1292744129896164,-0.9916088581085205,0,0,0,1],"scale":1.099699974060059,"type":"oak_dry_b"}
{"pos":[-624.8049926757813,790.9929809570313,74.54519653320313],"rotationMatrix":[0.1513559818267822,-0.9884793162345886,0,0.9884793162345886,0.1513559818267822,0,0,0,1],"scale":0.9646000266075134,"type":"oak_dry_b"}
{"pos":[-649.2169799804688,809.7470092773438,74.622802734375],"rotationMatrix":[-0.2828816175460815,-0.9591548442840576,0,0.9591548442840576,-0.2828816175460815,0,0,0,1],"scale":0.9258000254631042,"type":"oak_dry_b"}
{"pos":[-626.333984375,801.22802734375,74.49960327148438],"rotationMatrix":[0.6438319683074951,-0.7651668787002563,0,0.7651668787002563,0.6438319683074951,0,0,0,1],"scale":1.02020001411438,"type":"oak_dry_b"}
{"pos":[-720.4420166015625,762.6489868164063,82.54070281982422],"rotationMatrix":[0.8531179428100586,-0.5217180848121643,0,0.5217180848121643,0.8531179428100586,0,0,0,1],"scale":1.022199988365173,"type":"oak_dry_b"}
{"pos":[-690.9149780273438,762.6859741210938,78.00749969482422],"rotationMatrix":[-0.9932057857513428,-0.1163712441921234,0,0.1163712441921234,-0.9932057857513428,0,0,0,1],"scale":1.249799966812134,"type":"oak_dry_b"}
{"pos":[-576.1640014648438,722.739990234375,82.05580139160156],"rotationMatrix":[0.6272702217102051,0.7788016796112061,0,-0.7788016796112061,0.6272702217102051,0,0,0,1],"scale":1.053599953651428,"type":"oak_dry_b"}
{"pos":[-560.5709838867188,583.5809936523438,89.84100341796875],"rotationMatrix":[-0.1907331943511963,-0.9816418886184692,0,0.9816418886184692,-0.1907331943511963,0,0,0,1],"scale":1.049700021743774,"type":"oak_dry_b"}
{"pos":[-550.739990234375,607.2789916992188,89.68949890136719],"rotationMatrix":[0.2747104167938232,0.9615269899368286,0,-0.9615269899368286,0.2747104167938232,0,0,0,1],"scale":0.9186000227928162,"type":"oak_dry_b"}
{"pos":[-605.655029296875,569.9509887695313,101.0091247558594],"rotationMatrix":[0.3583821058273315,0.9335749745368958,0,-0.9335749745368958,0.3583821058273315,0,0,0,1],"scale":1.208500027656555,"type":"oak_dry_b"}
{"pos":[-600.3599853515625,557.3670043945313,102.1256942749023],"rotationMatrix":[0.9391692876815796,0.3434545695781708,0,-0.3434545695781708,0.9391692876815796,0,0,0,1],"scale":0.9538000226020813,"type":"oak_dry_b"}
{"pos":[-575.8849487304688,607.9676513671875,90.09639739990234],"rotationMatrix":[0.7549999952316284,-0.655724823474884,0,0.655724823474884,0.7549999952316284,0,0,0,1],"scale":0.9929999709129333,"type":"oak_dry_b"}
{"pos":[-703.2520141601563,525.2930297851563,118.9789962768555],"rotationMatrix":[-0.9910887479782104,-0.1221093609929085,0.05322027578949928,0.1163905784487724,-0.9881753921508789,-0.09981296211481094,0.06477906554937363,-0.09272916615009308,0.9935818910598755],"scale":0.7189000248908997,"type":"oak_dry_b"}
{"pos":[-736.2930297851563,548.5330200195313,119.9339981079102],"rotationMatrix":[-0.6146045923233032,-0.788835346698761,0,0.788835346698761,-0.6146045923233032,0,0,0,1],"scale":0.9731000065803528,"type":"oak_dry_b"}
{"pos":[-680.3060302734375,502.114990234375,117.9410018920898],"rotationMatrix":[-0.3329566717147827,0.9384555220603943,-0.09187548607587814,-0.9423792958259583,-0.3278087377548218,0.06680306792259216,0.0325741246342659,0.1088240817189217,0.9935271739959717],"scale":0.7675999999046326,"type":"oak_dry_b"}
{"pos":[-688.7630004882813,529.1530151367188,119.1709976196289],"rotationMatrix":[-0.6518348455429077,0.7583609819412231,0,-0.7583609819412231,-0.6518348455429077,0,0,0,1],"scale":0.6072999835014343,"type":"oak_dry_b"}
{"pos":[-694.073974609375,534.6190185546875,119.5599975585938],"rotationMatrix":[0.9939241409301758,-0.009677020832896233,0.1096410378813744,0.004683062899857759,0.998943567276001,0.04571453109383583,-0.1099675893783569,-0.0449233204126358,0.9929194450378418],"scale":0.4521999955177307,"type":"oak_dry_b"}
{"pos":[-700.47998046875,540.9810180664063,120.1119995117188],"rotationMatrix":[0.6737296581268311,-0.7389779090881348,0,0.7389779090881348,0.6737296581268311,0,0,0,1],"scale":0.5444999933242798,"type":"oak_dry_b"}
{"pos":[-692.2269897460938,514,119.306999206543],"rotationMatrix":[0.9972915649414063,0.0735495388507843,0,-0.0735495388507843,0.9972915649414063,0,0,0,1],"scale":0.3388999998569489,"type":"oak_dry_b"}
{"pos":[-660.2839965820313,512.2039794921875,117.4739990234375],"rotationMatrix":[0.6177122592926025,0.7864041924476624,0,-0.7864041924476624,0.6177122592926025,0,0,0,1],"scale":1.30620002746582,"type":"oak_dry_b"}
{"pos":[-678.2349853515625,606.0850219726563,110.9219970703125],"rotationMatrix":[0.2269783020019531,-0.9738998413085938,0,0.9738998413085938,0.2269783020019531,0,0,0,1],"scale":1.195999979972839,"type":"oak_dry_b"}
{"pos":[-668.2930297851563,614.6160278320313,111.5510025024414],"rotationMatrix":[0.9413810968399048,0.3373449742794037,0,-0.3373449742794037,0.9413810968399048,0,0,0,1],"scale":1.029099941253662,"type":"oak_dry_b"}
{"pos":[-642.2059936523438,606.719970703125,105.8310012817383],"rotationMatrix":[-0.4297404289245605,-0.9029524922370911,0,0.9029524922370911,-0.4297404289245605,0,0,0,1],"scale":1.397699952125549,"type":"oak_dry_b"}
{"pos":[-631.47802734375,512.5369873046875,111.4739990234375],"rotationMatrix":[-0.8860703706741333,-0.4635507464408875,0,0.4635507464408875,-0.8860703706741333,0,0,0,1],"scale":1.140400052070618,"type":"oak_dry_b"}
{"pos":[-792.2410278320313,888.0999755859375,74.79840087890625],"rotationMatrix":[-0.2672320604324341,0.9636322259902954,0,-0.9636322259902954,-0.2672320604324341,0,0,0,1],"scale":1.024700045585632,"type":"oak_dry_b"}
{"pos":[-791.093994140625,896.031982421875,74.65219879150391],"rotationMatrix":[-0.6598420143127441,-0.751404345035553,0,0.751404345035553,-0.6598420143127441,0,0,0,1],"scale":0.9451000094413757,"type":"oak_dry_b"}
{"pos":[-786.552978515625,896.0050048828125,74.44879913330078],"rotationMatrix":[-0.9936050176620483,-0.1129117757081985,0,0.1129117757081985,-0.9936050176620483,0,0,0,1],"scale":1.269799947738647,"type":"oak_dry_b"}
{"pos":[-794.4420166015625,774.5189819335938,88.04029846191406],"rotationMatrix":[0.983799934387207,-0.1792698800563812,0,0.1792698800563812,0.983799934387207,0,0,0,1],"scale":0.9654999971389771,"type":"oak_dry_b"}
{"pos":[-871.2109985351563,862.573974609375,74.52570343017578],"rotationMatrix":[-0.9325779676437378,0.3609686195850372,0,-0.3609686195850372,-0.9325779676437378,0,0,0,1],"scale":1.255399942398071,"type":"oak_dry_b"}
{"pos":[-899.0020141601563,774.5659790039063,91.22779846191406],"rotationMatrix":[-0.755937933921814,0.6546432971954346,0,-0.6546432971954346,-0.755937933921814,0,0,0,1],"scale":1.251099944114685,"type":"oak_dry_b"}
{"pos":[-880.552001953125,774.5679931640625,91.04940032958984],"rotationMatrix":[0.8941080570220947,0.447851300239563,0,-0.447851300239563,0.8941080570220947,0,0,0,1],"scale":1.090100049972534,"type":"oak_dry_b"}
{"pos":[-906.6119995117188,815.8060302734375,84.24759674072266],"rotationMatrix":[0.1326767206192017,0.9911409616470337,0.006039271596819162,-0.9900760650634766,0.1328140497207642,-0.04593267291784286,-0.046327855437994,0.0001148581868619658,0.9989262819290161],"scale":1.125,"type":"oak_dry_b"}
{"pos":[-933.5709838867188,824.2319946289063,82.32810211181641],"rotationMatrix":[0.2914738655090332,-0.95657879114151,0,0.95657879114151,0.2914738655090332,0,0,0,1],"scale":1.232300043106079,"type":"oak_dry_b"}
{"pos":[-775.531005859375,703.323974609375,99.22440338134766],"rotationMatrix":[0.944155216217041,0.3295010328292847,0,-0.3295010328292847,0.944155216217041,0,0,0,1],"scale":1.055199980735779,"type":"oak_dry_b"}
{"pos":[-775.510986328125,737.541015625,91.79509735107422],"rotationMatrix":[0.3357565402984619,-0.9419488310813904,0,0.9419488310813904,0.3357565402984619,0,0,0,1],"scale":1.122699975967407,"type":"oak_dry_b"}
{"pos":[-762.2329711914063,710.5900268554688,97.96769714355469],"rotationMatrix":[0.1562994718551636,-0.9877097010612488,0,0.9877097010612488,0.1562994718551636,0,0,0,1],"scale":1.202200055122375,"type":"oak_dry_b"}
{"pos":[-845.1719970703125,656.47998046875,109.2919998168945],"rotationMatrix":[0.1591548919677734,0.9872536063194275,0,-0.9872536063194275,0.1591548919677734,0,0,0,1],"scale":0.9193000197410583,"type":"oak_dry_b"}
{"pos":[-750.4840087890625,548.4869995117188,122.7799987792969],"rotationMatrix":[0.9824405908584595,-0.1865756809711456,0,0.1865756809711456,0.9824405908584595,0,0,0,1],"scale":1.354099988937378,"type":"oak_dry_b"}
{"pos":[-786.2839965820313,561.7860107421875,124.4089965820313],"rotationMatrix":[0.8132172822952271,-0.5819602012634277,0,0.5819602012634277,0.8132172822952271,0,0,0,1],"scale":0.881600022315979,"type":"oak_dry_b"}
{"pos":[-805.6409912109375,561.718017578125,125.6510009765625],"rotationMatrix":[-0.1094540357589722,0.9939918518066406,0,-0.9939918518066406,-0.1094540357589722,0,0,0,1],"scale":1.037899971008301,"type":"oak_dry_b"}
{"pos":[-775.5050048828125,605.2340087890625,116.265998840332],"rotationMatrix":[-0.8118464946746826,-0.5838709473609924,0,0.5838709473609924,-0.8118464946746826,0,0,0,1],"scale":0.7458999752998352,"type":"oak_dry_b"}
{"pos":[-775.469970703125,528.6690063476563,126.7399978637695],"rotationMatrix":[0.3278958797454834,-0.9447138905525208,0,0.9447138905525208,0.3278958797454834,0,0,0,1],"scale":0.9775000214576721,"type":"oak_dry_b"}
{"pos":[-935.531005859375,697.5380249023438,108.7910003662109],"rotationMatrix":[-0.5923986434936523,0.8056449890136719,0,-0.8056449890136719,-0.5923986434936523,0,0,0,1],"scale":0.9726999998092651,"type":"oak_dry_b"}
{"pos":[-913.5800170898438,747.7039794921875,94.30879974365234],"rotationMatrix":[0.3460896015167236,-0.9382014870643616,0,0.9382014870643616,0.3460896015167236,0,0,0,1],"scale":1.154500007629395,"type":"oak_dry_b"}
{"pos":[-913.5919799804688,728.4080200195313,98.71859741210938],"rotationMatrix":[0.8274805545806885,0.5614943504333496,0,-0.5614943504333496,0.8274805545806885,0,0,0,1],"scale":1.083899974822998,"type":"oak_dry_b"}
{"pos":[-932.5910034179688,619.5419921875,118.8410034179688],"rotationMatrix":[-0.7446409463882446,0.6671772003173828,0.01960800401866436,-0.6664294004440308,-0.7448004484176636,0.03382540866732597,0.03717159107327461,0.01212043408304453,0.9992353916168213],"scale":0.6065000295639038,"type":"oak_dry_b"}
{"pos":[-905.77197265625,569.75,130.3150024414063],"rotationMatrix":[-0.253894567489624,0.9672319293022156,0,-0.9672319293022156,-0.253894567489624,0,0,0,1],"scale":0.984499990940094,"type":"oak_dry_b"}
{"pos":[-906.2940063476563,616.56298828125,118.3209991455078],"rotationMatrix":[0.8029335737228394,-0.5960685014724731,0,0.5960685014724731,0.8029335737228394,0,0,0,1],"scale":1.300300002098083,"type":"oak_dry_b"}
{"pos":[-926.81201171875,537.9180297851563,132.8840026855469],"rotationMatrix":[0.9770591259002686,0.2129682302474976,0,-0.2129682302474976,0.9770591259002686,0,0,0,1],"scale":1.470800042152405,"type":"oak_dry_b"}
{"pos":[-936.4359741210938,562.0280151367188,131.8500061035156],"rotationMatrix":[-0.1202050447463989,-0.9927490949630737,0,0.9927490949630737,-0.1202050447463989,0,0,0,1],"scale":1.297199964523315,"type":"oak_dry_b"}
{"pos":[-952.1840209960938,561.3480224609375,131.5200042724609],"rotationMatrix":[-0.6192800998687744,-0.7851701378822327,0,0.7851701378822327,-0.6192800998687744,0,0,0,1],"scale":1.171800017356873,"type":"oak_dry_b"}
{"pos":[-958.7639770507813,548.6229858398438,131.9320068359375],"rotationMatrix":[0.9997918605804443,-0.02040185034275055,0,0.02040185034275055,0.9997918605804443,0,0,0,1],"scale":1.49179995059967,"type":"oak_dry_b"}
{"pos":[-533.9840087890625,433.5190124511719,104.2460021972656],"rotationMatrix":[-0.4467004537582397,-0.8946835994720459,0,0.8946835994720459,-0.4467004537582397,0,0,0,1],"scale":1.188199996948242,"type":"oak_dry_b"}
{"pos":[-557.1170043945313,397.7760009765625,108.3880004882813],"rotationMatrix":[0.3426542282104492,-0.9394615888595581,0,0.9394615888595581,0.3426542282104492,0,0,0,1],"scale":0.9857000112533569,"type":"oak_dry_b"}
{"pos":[-615.0130004882813,455.5159912109375,114.3710021972656],"rotationMatrix":[0.01130068302154541,0.9999361634254456,0,-0.9999361634254456,0.01130068302154541,0,0,0,1],"scale":0.92330002784729,"type":"oak_dry_b"}
{"pos":[-580.5809936523438,421.1189880371094,108.7789993286133],"rotationMatrix":[0.5190156698226929,-0.8547646999359131,0,0.8547646999359131,0.5190156698226929,0,0,0,1],"scale":1.045199990272522,"type":"oak_dry_b"}
{"pos":[-620.2839965820313,442.0419921875,113.556999206543],"rotationMatrix":[0.4899499416351318,-0.8717505931854248,0,0.8717505931854248,0.4899499416351318,0,0,0,1],"scale":1.397899985313416,"type":"oak_dry_b"}
{"pos":[-601.7230224609375,423.3429870605469,110.3119964599609],"rotationMatrix":[0.8922591209411621,-0.4515237212181091,0,0.4515237212181091,0.8922591209411621,0,0,0,1],"scale":1.086899995803833,"type":"oak_dry_b"}
{"pos":[-557.677978515625,428.6809997558594,107.0225296020508],"rotationMatrix":[0.8213175535202026,-0.5704712867736816,0,0.5704712867736816,0.8213175535202026,0,0,0,1],"scale":0.9014999866485596,"type":"oak_dry_b"}
{"pos":[-603.0230102539063,383.2590026855469,112.3460006713867],"rotationMatrix":[-0.5636192560195923,0.8260347247123718,0,-0.8260347247123718,-0.5636192560195923,0,0,0,1],"scale":0.9584000110626221,"type":"oak_dry_b"}
{"pos":[-511.2650146484375,322.6000061035156,95.90650177001953],"rotationMatrix":[0.7752572298049927,-0.6293116807937622,-0.0542498454451561,0.6277850866317749,0.7771530151367188,-0.04380708187818527,0.06972873955965042,-9.548736124997959e-05,0.9975659847259521],"scale":0.8664000034332275,"type":"oak_dry_b"}
{"pos":[-528.7930297851563,305.0299987792969,100.0820007324219],"rotationMatrix":[-0.6489279270172119,0.7608498930931091,0,-0.7608498930931091,-0.6489279270172119,0,0,0,1],"scale":0.5072000026702881,"type":"oak_dry_b"}
{"pos":[-621.2459716796875,365.0780029296875,116.6559982299805],"rotationMatrix":[0.2001404762268066,-0.9797672033309937,0,0.9797672033309937,0.2001404762268066,0,0,0,1],"scale":1.152999997138977,"type":"oak_dry_b"}
{"pos":[-604.5430297851563,362.9830017089844,115.2910003662109],"rotationMatrix":[-0.4031474590301514,-0.9151350259780884,0,0.9151350259780884,-0.4031474590301514,0,0,0,1],"scale":1.204499959945679,"type":"oak_dry_b"}
{"pos":[-698.0159912109375,446.2860107421875,125.8379974365234],"rotationMatrix":[0.7294462919235229,0.6840381026268005,0,-0.6840381026268005,0.7294462919235229,0,0,0,1],"scale":1.222000002861023,"type":"oak_dry_b"}
{"pos":[-722.7540283203125,421.4989929199219,134.85400390625],"rotationMatrix":[0.2069557905197144,0.9783502817153931,0,-0.9783502817153931,0.2069557905197144,0,0,0,1],"scale":1.283200025558472,"type":"oak_dry_b"}
{"pos":[-666.7940063476563,452.8800048828125,120.8450012207031],"rotationMatrix":[-0.923937201499939,-0.3825441896915436,0,0.3825441896915436,-0.923937201499939,0,0,0,1],"scale":1.310400009155273,"type":"oak_dry_b"}
{"pos":[-732.697021484375,387.0480041503906,141.2339935302734],"rotationMatrix":[-0.9693185091018677,0.2458081096410751,0,-0.2458081096410751,-0.9693185091018677,0,0,0,1],"scale":1.126999974250793,"type":"oak_dry_b"}
{"pos":[-648.927978515625,259.2349853515625,121.8040008544922],"rotationMatrix":[0.1345982551574707,0.9909002780914307,0,-0.9909002780914307,0.1345982551574707,0,0,0,1],"scale":0.9182000160217285,"type":"oak_dry_b"}
{"pos":[-684.47900390625,283.1059875488281,129.0809936523438],"rotationMatrix":[0.9850008487701416,0.1725495010614395,0,-0.1725495010614395,0.9850008487701416,0,0,0,1],"scale":1.00220000743866,"type":"oak_dry_b"}
{"pos":[-685.6380004882813,314.8309936523438,129.9859924316406],"rotationMatrix":[0.9901158809661865,-0.1402517110109329,0,0.1402517110109329,0.9901158809661865,0,0,0,1],"scale":1.001399993896484,"type":"oak_dry_b"}
{"pos":[-744.2059936523438,354.6090087890625,141.9329986572266],"rotationMatrix":[0.518230676651001,-0.8552408814430237,0,0.8552408814430237,0.518230676651001,0,0,0,1],"scale":0.9470000267028809,"type":"oak_dry_b"}
{"pos":[-739.5260009765625,368.7200012207031,141.5749969482422],"rotationMatrix":[-0.9808460474014282,-0.1947845816612244,0,0.1947845816612244,-0.9808460474014282,0,0,0,1],"scale":1.339800000190735,"type":"oak_dry_b"}
{"pos":[-696.2520141601563,271.4200134277344,130.3150024414063],"rotationMatrix":[-0.4388865232467651,-0.8985425233840942,0,0.8985425233840942,-0.4388865232467651,0,0,0,1],"scale":1.353500008583069,"type":"oak_dry_b"}
{"pos":[-629.4329833984375,356.9089965820313,119.6240005493164],"rotationMatrix":[-0.9689217805862427,-0.2473673075437546,0,0.2473673075437546,-0.9689217805862427,0,0,0,1],"scale":1.220800042152405,"type":"oak_dry_b"}
{"pos":[-619.458984375,214.2689971923828,112.5009994506836],"rotationMatrix":[-0.1313087940216064,-0.9913415312767029,0,0.9913415312767029,-0.1313087940216064,0,0,0,1],"scale":1.182999968528748,"type":"oak_dry_b"}
{"pos":[-536.2459716796875,227.9129943847656,103.2080001831055],"rotationMatrix":[0.5363154411315918,-0.8440176248550415,0,0.8440176248550415,0.5363154411315918,0,0,0,1],"scale":0.9034000039100647,"type":"oak_dry_b"}
{"pos":[-543.4249877929688,180.2149963378906,101.5540008544922],"rotationMatrix":[-0.9709064960479736,0.2394589185714722,0,-0.2394589185714722,-0.9709064960479736,0,0,0,1],"scale":1.003000020980835,"type":"oak_dry_b"}
{"pos":[-634.2890014648438,244.6580047607422,116.7699966430664],"rotationMatrix":[0.4070395231246948,-0.9134105443954468,0,0.9134105443954468,0.4070395231246948,0,0,0,1],"scale":1.388299942016602,"type":"oak_dry_b"}
{"pos":[-731.718017578125,236.1349945068359,133.4960021972656],"rotationMatrix":[-0.01132631301879883,-0.9999358654022217,0,0.9999358654022217,-0.01132631301879883,0,0,0,1],"scale":1.449900031089783,"type":"oak_dry_b"}
{"pos":[-738.8499755859375,229.0229949951172,134.0220031738281],"rotationMatrix":[0.9699875116348267,-0.2431547343730927,0,0.2431547343730927,0.9699875116348267,0,0,0,1],"scale":1.444000005722046,"type":"oak_dry_b"}
{"pos":[-745.7830200195313,45.31930160522461,116.3089981079102],"rotationMatrix":[-0.9932057857513428,-0.1163712441921234,0,0.1163712441921234,-0.9932057857513428,0,0,0,1],"scale":1.339800000190735,"type":"oak_dry_b"}
{"pos":[-739.8679809570313,35.67509841918945,113.8479995727539],"rotationMatrix":[-0.264367938041687,-0.9644218683242798,0,0.9644218683242798,-0.264367938041687,0,0,0,1],"scale":1.116999983787537,"type":"oak_dry_b"}
{"pos":[-775.52099609375,481.9809875488281,135.0859985351563],"rotationMatrix":[0.8758983612060547,-0.4824956655502319,0,0.4824956655502319,0.8758983612060547,0,0,0,1],"scale":0.9664000272750854,"type":"oak_dry_b"}
{"pos":[-786.0260009765625,435.5969848632813,139.3099975585938],"rotationMatrix":[-0.7970287799835205,0.6039413213729858,0,-0.6039413213729858,-0.7970287799835205,0,0,0,1],"scale":1.326599955558777,"type":"oak_dry_b"}
{"pos":[-775.5560302734375,418.8919982910156,139.6860046386719],"rotationMatrix":[-0.07223379611968994,0.997387707233429,0,-0.997387707233429,-0.07223379611968994,0,0,0,1],"scale":1.309800028800964,"type":"oak_dry_b"}
{"pos":[-799.7050170898438,435.6220092773438,141.5509948730469],"rotationMatrix":[0.08523666858673096,0.996360719203949,0,-0.996360719203949,0.08523666858673096,0,0,0,1],"scale":1.37119996547699,"type":"oak_dry_b"}
{"pos":[-775.5419921875,377.9670104980469,142.2980041503906],"rotationMatrix":[0.6163120269775391,0.7875020503997803,0,-0.7875020503997803,0.6163120269775391,0,0,0,1],"scale":1.276600003242493,"type":"oak_dry_b"}
{"pos":[-865.56201171875,254.1889953613281,158.6779937744141],"rotationMatrix":[0.6154354810714722,-0.7881872653961182,0,0.7881872653961182,0.6154354810714722,0,0,0,1],"scale":1.320799946784973,"type":"oak_dry_b"}
{"pos":[-840.6179809570313,279.1600036621094,158.4100036621094],"rotationMatrix":[-0.9157073497772217,-0.4018458127975464,0,0.4018458127975464,-0.9157073497772217,0,0,0,1],"scale":1.336400032043457,"type":"oak_dry_b"}
{"pos":[-834.02099609375,285.8030090332031,157.1869964599609],"rotationMatrix":[0.9980779886245728,-0.06197038665413857,0,0.06197038665413857,0.9980779886245728,0,0,0,1],"scale":0.9846000075340271,"type":"oak_dry_b"}
{"pos":[-791.0679931640625,353.1279907226563,144.8309936523438],"rotationMatrix":[0.2309519052505493,-0.9729651808738708,0,0.9729651808738708,0.2309519052505493,0,0,0,1],"scale":1.042899966239929,"type":"oak_dry_b"}
{"pos":[-783.10498046875,361.1759948730469,143.8809967041016],"rotationMatrix":[0.9576594829559326,0.2879033088684082,0,-0.2879033088684082,0.9576594829559326,0,0,0,1],"scale":1.484599947929382,"type":"oak_dry_b"}
{"pos":[-891.4110107421875,445.7669982910156,150.7469940185547],"rotationMatrix":[0.8676962852478027,-0.4970947206020355,0,0.4970947206020355,0.8676962852478027,0,0,0,1],"scale":1.153300046920776,"type":"oak_dry_b"}
{"pos":[-926.843994140625,489.5809936523438,144.5460052490234],"rotationMatrix":[-0.997600793838501,-0.06922901421785355,0,0.06922901421785355,-0.997600793838501,0,0,0,1],"scale":1.041100025177002,"type":"oak_dry_b"}
{"pos":[-926.8820190429688,379.7239990234375,155.447998046875],"rotationMatrix":[-0.03593611717224121,-0.9993540644645691,0,0.9993540644645691,-0.03593611717224121,0,0,0,1],"scale":1.208899974822998,"type":"oak_dry_b"}
{"pos":[-879.6170043945313,264.5029907226563,159.7779998779297],"rotationMatrix":[-0.9988002777099609,0.04896943271160126,0,-0.04896943271160126,-0.9988002777099609,0,0,0,1],"scale":1.301900029182434,"type":"oak_dry_b"}
{"pos":[-885.2269897460938,285.4869995117188,158.9880065917969],"rotationMatrix":[0.193295955657959,-0.9811404943466187,0,0.9811404943466187,0.193295955657959,0,0,0,1],"scale":1.000900030136108,"type":"oak_dry_b"}
{"pos":[-925.9219970703125,334.885986328125,156.3090057373047],"rotationMatrix":[0.8474271297454834,0.5309117436408997,0,-0.5309117436408997,0.8474271297454834,0,0,0,1],"scale":1.000200033187866,"type":"oak_dry_b"}
{"pos":[-926.7864379882813,350.2602844238281,156.1499938964844],"rotationMatrix":[-0.9984003305435181,-0.05654007568955421,0,0.05654007568955421,-0.9984003305435181,0,0,0,1],"scale":1.220900058746338,"type":"oak_dry_b"}
{"pos":[-790.8699951171875,209.7879943847656,138.9669952392578],"rotationMatrix":[-0.4805763959884644,0.8769528865814209,0,-0.8769528865814209,-0.4805763959884644,0,0,0,1],"scale":1.26800000667572,"type":"oak_dry_b"}
{"pos":[-768.3770141601563,218.0489959716797,137.7279968261719],"rotationMatrix":[-0.8907345533370972,-0.454523891210556,0,0.454523891210556,-0.8907345533370972,0,0,0,1],"scale":1.491899967193604,"type":"oak_dry_b"}
{"pos":[-832.1729736328125,82.06300354003906,133.5579986572266],"rotationMatrix":[-0.9035906791687012,0.4283968806266785,0,-0.4283968806266785,-0.9035906791687012,0,0,0,1],"scale":1.223399996757507,"type":"oak_dry_b"}
{"pos":[-1144.329956054688,1034.699951171875,85.95980072021484],"rotationMatrix":[-0.9661445617675781,0.2580013275146484,0,-0.2580013275146484,-0.9661445617675781,0,0,0,1],"scale":1.143200039863586,"type":"oak_dry_b"}
{"pos":[-1134.180053710938,1017.059997558594,84.88150024414063],"rotationMatrix":[-0.1579376459121704,-0.9874491095542908,0,0.9874491095542908,-0.1579376459121704,0,0,0,1],"scale":0.9272000193595886,"type":"oak_dry_b"}
{"pos":[-1107.930053710938,911.1669921875,77.47229766845703],"rotationMatrix":[-0.8821879625320435,-0.4708974361419678,0,0.4708974361419678,-0.8821879625320435,0,0,0,1],"scale":1.12880003452301,"type":"oak_dry_b"}
{"pos":[-1088.52001953125,920.4920043945313,74.32140350341797],"rotationMatrix":[-0.9984003305435181,-0.05654007568955421,0,0.05654007568955421,-0.9984003305435181,0,0,0,1],"scale":1.087100028991699,"type":"oak_dry_b"}
{"pos":[-1136.329956054688,904.2650146484375,89.908203125],"rotationMatrix":[-0.9713037014007568,-0.2378426343202591,0,0.2378426343202591,-0.9713037014007568,0,0,0,1],"scale":1.119300007820129,"type":"oak_dry_b"}
{"pos":[-1081.300048828125,865.0269775390625,74.54209899902344],"rotationMatrix":[0.3162518739700317,-0.948675274848938,0,0.948675274848938,0.3162518739700317,0,0,0,1],"scale":1.109799981117249,"type":"oak_dry_b"}
{"pos":[-1086.069946289063,871.968994140625,77.30940246582031],"rotationMatrix":[-0.8160368204116821,0.5779999494552612,0,-0.5779999494552612,-0.8160368204116821,0,0,0,1],"scale":1.022600054740906,"type":"oak_dry_b"}
{"pos":[-1030.400024414063,762.114990234375,92.67579650878906],"rotationMatrix":[-0.9243296384811401,-0.3815949559211731,0,0.3815949559211731,-0.9243296384811401,0,0,0,1],"scale":0.9343000054359436,"type":"oak_dry_b"}
{"pos":[-1079.4599609375,770.4089965820313,92.62930297851563],"rotationMatrix":[-0.2554785013198853,0.9668147563934326,0,-0.9668147563934326,-0.2554785013198853,0,0,0,1],"scale":0.9606999754905701,"type":"oak_dry_b"}
{"pos":[-1022.25,762.3150024414063,93.03459930419922],"rotationMatrix":[-0.7702093124389648,-0.6377912163734436,0,0.6377912163734436,-0.7702093124389648,0,0,0,1],"scale":1.000200033187866,"type":"oak_dry_b"}
{"pos":[-1115.140014648438,887.593994140625,86.4635009765625],"rotationMatrix":[-0.1124353408813477,0.9936590194702148,0,-0.9936590194702148,-0.1124353408813477,0,0,0,1],"scale":1.235399961471558,"type":"oak_dry_b"}
{"pos":[-1108.989990234375,892.6220092773438,82.03420257568359],"rotationMatrix":[0.7206966876983643,0.6932505369186401,0,-0.6932505369186401,0.7206966876983643,0,0,0,1],"scale":0.9085999727249146,"type":"oak_dry_b"}
{"pos":[-1155.93994140625,953.2529907226563,93.20719909667969],"rotationMatrix":[-0.9051520824432373,0.4250878691673279,0,-0.4250878691673279,-0.9051520824432373,0,0,0,1],"scale":1.02049994468689,"type":"oak_dry_b"}
{"pos":[-1162.510009765625,944.926025390625,94.91329956054688],"rotationMatrix":[-0.2615072727203369,0.9652014970779419,0,-0.9652014970779419,-0.2615072727203369,0,0,0,1],"scale":1.205700039863586,"type":"oak_dry_b"}
{"pos":[-1017.47998046875,172.1109924316406,169.4609985351563],"rotationMatrix":[0.1912622451782227,0.9815389513969421,0,-0.9815389513969421,0.1912622451782227,0,0,0,1],"scale":1.184700012207031,"type":"oak_dry_b"}
{"pos":[-1009.219970703125,168.4149932861328,166.656005859375],"rotationMatrix":[0.2631020545959473,-0.9647679924964905,0,0.9647679924964905,0.2631020545959473,0,0,0,1],"scale":1.210600018501282,"type":"oak_dry_b"}
{"pos":[-1044.930053710938,207.0659942626953,176.6390075683594],"rotationMatrix":[-0.997600793838501,0.06922901421785355,0,-0.06922901421785355,-0.997600793838501,0,0,0,1],"scale":1.017500042915344,"type":"oak_dry_b"}
{"pos":[-1113.030029296875,232.5800018310547,200.9089965820313],"rotationMatrix":[-0.567866325378418,0.8231207728385925,0,-0.8231207728385925,-0.567866325378418,0,0,0,1],"scale":1.046300053596497,"type":"oak_dry_b"}
{"pos":[-1060.97998046875,174.1069946289063,185.4100036621094],"rotationMatrix":[-0.9992002248764038,0.03998637944459915,0,-0.03998637944459915,-0.9992002248764038,0,0,0,1],"scale":1.158599972724915,"type":"oak_dry_b"}
{"pos":[-1053.280029296875,176.2339935302734,181.5290069580078],"rotationMatrix":[0.3870539665222168,0.9220570921897888,0,-0.9220570921897888,0.3870539665222168,0,0,0,1],"scale":1.053200006484985,"type":"oak_dry_b"}
