{"pos":[-337.9400024414063,-263.5880126953125,117.4209976196289],"rotationMatrix":[0.4961926937103271,0.8682124018669128,0,-0.8682124018669128,0.4961926937103271,0,0,0,1],"scale":1.246399998664856,"type":"oak_dry_c"}
{"pos":[-487.6679992675781,-549.5330200195313,125.0039978027344],"rotationMatrix":[0.7026252746582031,-0.711560070514679,0,0.711560070514679,0.7026252746582031,0,0,0,1],"scale":1.182899951934814,"type":"oak_dry_c"}
{"pos":[-464.8729858398438,-554.7130126953125,126.7070007324219],"rotationMatrix":[0.9491832256317139,-0.3147239983081818,0,0.3147239983081818,0.9491832256317139,0,0,0,1],"scale":1.109899997711182,"type":"oak_dry_c"}
{"pos":[-473.0979919433594,-552.2329711914063,126.4789962768555],"rotationMatrix":[-0.2374790906906128,-0.9713926315307617,0,0.9713926315307617,-0.2374790906906128,0,0,0,1],"scale":1.056399941444397,"type":"oak_dry_c"}
{"pos":[-607.2570190429688,-487.9469909667969,114.3759994506836],"rotationMatrix":[0.00482177734375,0.9999883770942688,0,-0.9999883770942688,0.00482177734375,0,0,0,1],"scale":1.174399971961975,"type":"oak_dry_c"}
{"pos":[-606.35400390625,-471.5490112304688,113.3479995727539],"rotationMatrix":[-0.9852273464202881,0.171251505613327,0,-0.171251505613327,-0.9852273464202881,0,0,0,1],"scale":0.9767000079154968,"type":"oak_dry_c"}
{"pos":[-653.3629760742188,-495.3659973144531,109.0019989013672],"rotationMatrix":[-0.6543805599212646,0.7561653852462769,0,-0.7561653852462769,-0.6543805599212646,0,0,0,1],"scale":1.025300025939941,"type":"oak_dry_c"}
{"pos":[-658.780029296875,-487.8280029296875,109.0550003051758],"rotationMatrix":[0.9964382648468018,-0.08432547003030777,0,0.08432547003030777,0.9964382648468018,0,0,0,1],"scale":1.059299945831299,"type":"oak_dry_c"}
{"pos":[-762,-16.52140045166016,107.8600006103516],"rotationMatrix":[-0.7227392196655273,0.6911208629608154,0,-0.6911208629608154,-0.7227392196655273,0,0,0,1],"scale":1.072999954223633,"type":"oak_dry_c"}
{"pos":[-727.510986328125,-553.260009765625,103.2939987182617],"rotationMatrix":[-0.9372992515563965,-0.3485256135463715,0,0.3485256135463715,-0.9372992515563965,0,0,0,1],"scale":1.128399968147278,"type":"oak_dry_c"}
{"pos":[-728.8330078125,-524.3309936523438,103.1240005493164],"rotationMatrix":[0.8825814723968506,0.470159500837326,0,-0.470159500837326,0.8825814723968506,0,0,0,1],"scale":1.273599982261658,"type":"oak_dry_c"}
{"pos":[-741.8679809570313,-575.6640014648438,104.0559997558594],"rotationMatrix":[-0.6645824909210205,-0.7472149133682251,0,0.7472149133682251,-0.6645824909210205,0,0,0,1],"scale":1.121099948883057,"type":"oak_dry_c"}
{"pos":[-768.5689697265625,-506.3599853515625,99.14540100097656],"rotationMatrix":[0.5430320501327515,-0.8397119641304016,0,0.8397119641304016,0.5430320501327515,0,0,0,1],"scale":1.115499973297119,"type":"oak_dry_c"}
{"pos":[-808.9290161132813,-546.4520263671875,100.3710021972656],"rotationMatrix":[-0.9550552368164063,0.2964279055595398,0,-0.2964279055595398,-0.9550552368164063,0,0,0,1],"scale":0.9714000225067139,"type":"oak_dry_c"}
{"pos":[-808.291015625,-576.114013671875,101.5189971923828],"rotationMatrix":[0.567363977432251,0.8234671354293823,0,-0.8234671354293823,0.567363977432251,0,0,0,1],"scale":0.9409999847412109,"type":"oak_dry_c"}
{"pos":[-796.8099975585938,-536.2750244140625,100.6630020141602],"rotationMatrix":[0.8044373989105225,0.5940374135971069,0,-0.5940374135971069,0.8044373989105225,0,0,0,1],"scale":1.186300039291382,"type":"oak_dry_c"}
{"pos":[-912.3619995117188,-613.0120239257813,102.0619964599609],"rotationMatrix":[0.9369875192642212,-0.3493628203868866,0,0.3493628203868866,0.9369875192642212,0,0,0,1],"scale":1.156499981880188,"type":"oak_dry_c"}
{"pos":[-904.52099609375,-659.77099609375,103.1920013427734],"rotationMatrix":[-0.8697911500930786,0.4934200644493103,0,-0.4934200644493103,-0.8697911500930786,0,0,0,1],"scale":1.135800004005432,"type":"oak_dry_c"}
{"pos":[-1138.7099609375,-127.0439987182617,169.7440032958984],"rotationMatrix":[0.275914192199707,0.9611822962760925,0,-0.9611822962760925,0.275914192199707,0,0,0,1],"scale":0.9042999744415283,"type":"oak_dry_c"}
{"pos":[-1106.410034179688,-106.0270004272461,165.5850067138672],"rotationMatrix":[0.2988350391387939,0.9543047547340393,0,-0.9543047547340393,0.2988350391387939,0,0,0,1],"scale":1.28030002117157,"type":"oak_dry_c"}
{"pos":[-84.52960205078125,692.635009765625,74.27999877929688],"rotationMatrix":[-0.2289985418319702,0.9734267592430115,0,-0.9734267592430115,-0.2289985418319702,0,0,0,1],"scale":1.123900055885315,"type":"oak_dry_c"}
{"pos":[-87.15039825439453,571.0360107421875,74.20449829101563],"rotationMatrix":[0.885662317276001,-0.4643298983573914,0,0.4643298983573914,0.885662317276001,0,0,0,1],"scale":0.9081000089645386,"type":"oak_dry_c"}
{"pos":[-86.4031982421875,574.0770263671875,74.11609649658203],"rotationMatrix":[-0.9868217706680298,-0.1618109792470932,0,0.1618109792470932,-0.9868217706680298,0,0,0,1],"scale":0.9853000044822693,"type":"oak_dry_c"}
{"pos":[-86.74970245361328,578.8170166015625,74.37989807128906],"rotationMatrix":[-0.685080885887146,0.7284669876098633,0,-0.7284669876098633,-0.685080885887146,0,0,0,1],"scale":1.047899961471558,"type":"oak_dry_c"}
{"pos":[-86.97480010986328,598.1099853515625,74.21820068359375],"rotationMatrix":[0.5749579668045044,0.8181829452514648,0,-0.8181829452514648,0.5749579668045044,0,0,0,1],"scale":0.9941999912261963,"type":"oak_dry_c"}
{"pos":[-87.59149932861328,620.7379760742188,74.33999633789063],"rotationMatrix":[-0.8996903896331787,0.4365285933017731,0,-0.4365285933017731,-0.8996903896331787,0,0,0,1],"scale":1.17139995098114,"type":"oak_dry_c"}
{"pos":[-87.31130218505859,567.4099731445313,74.55709838867188],"rotationMatrix":[-0.9960020780563354,0.08933006227016449,0,-0.08933006227016449,-0.9960020780563354,0,0,0,1],"scale":1.070000052452087,"type":"oak_dry_c"}
{"pos":[-86.86219787597656,563.3909912109375,74.20790100097656],"rotationMatrix":[-0.4419416189193726,0.8970438241958618,0,-0.8970438241958618,-0.4419416189193726,0,0,0,1],"scale":1.003499984741211,"type":"oak_dry_c"}
{"pos":[-86.45899963378906,557.8740234375,74.39009857177734],"rotationMatrix":[-0.8880131244659424,-0.4598180949687958,0,0.4598180949687958,-0.8880131244659424,0,0,0,1],"scale":1.011000037193298,"type":"oak_dry_c"}
{"pos":[-87.18289947509766,554.7540283203125,74.10469818115234],"rotationMatrix":[-0.5225125551223755,-0.8526315689086914,0,0.8526315689086914,-0.5225125551223755,0,0,0,1],"scale":1.225000023841858,"type":"oak_dry_c"}
{"pos":[-86.97229766845703,546.1719970703125,74.31690216064453],"rotationMatrix":[0.1022000312805176,0.9947638511657715,0,-0.9947638511657715,0.1022000312805176,0,0,0,1],"scale":1.028499960899353,"type":"oak_dry_c"}
{"pos":[-64.92849731445313,551.5330200195313,74.45480346679688],"rotationMatrix":[0.2633447647094727,-0.964701771736145,0,0.964701771736145,0.2633447647094727,0,0,0,1],"scale":0.9722999930381775,"type":"oak_dry_c"}
{"pos":[-37.64659881591797,548.64501953125,74.37740325927734],"rotationMatrix":[-0.5305501222610474,-0.8476535677909851,0,0.8476535677909851,-0.5305501222610474,0,0,0,1],"scale":0.9458000063896179,"type":"oak_dry_c"}
{"pos":[-27.88220024108887,513.43701171875,74.61710357666016],"rotationMatrix":[-0.06171596050262451,-0.9980937242507935,0,0.9980937242507935,-0.06171596050262451,0,0,0,1],"scale":1.274099946022034,"type":"oak_dry_c"}
{"pos":[-43.76940155029297,540.9949951171875,74.96009826660156],"rotationMatrix":[-0.8175617456436157,-0.575840950012207,0,0.575840950012207,-0.8175617456436157,0,0,0,1],"scale":1.17139995098114,"type":"oak_dry_c"}
{"pos":[-60.28419876098633,607.5910034179688,74.54209899902344],"rotationMatrix":[0.8527926206588745,-0.522249698638916,0,0.522249698638916,0.8527926206588745,0,0,0,1],"scale":1.080100059509277,"type":"oak_dry_c"}
{"pos":[-207.2819976806641,655.7880249023438,74.75759887695313],"rotationMatrix":[0.7754160165786743,-0.6314507126808167,0,0.6314507126808167,0.7754160165786743,0,0,0,1],"scale":1.199699997901917,"type":"oak_dry_c"}
{"pos":[-146.1139984130859,648.5159912109375,74.64250183105469],"rotationMatrix":[0.5886754989624023,0.8083694577217102,0,-0.8083694577217102,0.5886754989624023,0,0,0,1],"scale":1.292099952697754,"type":"oak_dry_c"}
{"pos":[-176.2740020751953,577.4929809570313,74.41970062255859],"rotationMatrix":[0.482041597366333,-0.8761483430862427,0,0.8761483430862427,0.482041597366333,0,0,0,1],"scale":1.231899976730347,"type":"oak_dry_c"}
{"pos":[-143.9960021972656,593.89599609375,74.41059875488281],"rotationMatrix":[-0.9491277933120728,-0.314891129732132,0,0.314891129732132,-0.9491277933120728,0,0,0,1],"scale":1.041300058364868,"type":"oak_dry_c"}
{"pos":[-146.5970001220703,598.6530151367188,74.34989929199219],"rotationMatrix":[-0.8965729475021362,0.4428960978984833,0,-0.4428960978984833,-0.8965729475021362,0,0,0,1],"scale":1.106199979782104,"type":"oak_dry_c"}
{"pos":[-278.3460083007813,649.6400146484375,74.71630096435547],"rotationMatrix":[0.9508903026580811,-0.3095280826091766,0,0.3095280826091766,0.9508903026580811,0,0,0,1],"scale":0.9297999739646912,"type":"oak_dry_c"}
{"pos":[-309.1849975585938,651.5250244140625,74.6072998046875],"rotationMatrix":[-0.772091269493103,0.6355116367340088,0,-0.6355116367340088,-0.772091269493103,0,0,0,1],"scale":1.229300022125244,"type":"oak_dry_c"}
{"pos":[-273.7120056152344,615.364013671875,74.56980133056641],"rotationMatrix":[-0.5632656812667847,0.8262758255004883,0,-0.8262758255004883,-0.5632656812667847,0,0,0,1],"scale":0.9146999716758728,"type":"oak_dry_c"}
{"pos":[-478.3559875488281,534.8790283203125,95.16609954833984],"rotationMatrix":[-0.5207679271697998,0.8536983132362366,0,-0.8536983132362366,-0.5207679271697998,0,0,0,1],"scale":1.167600035667419,"type":"oak_dry_c"}
{"pos":[-492.1969909667969,517.9630126953125,97.20030212402344],"rotationMatrix":[0.7854875326156616,0.6188774704933167,0,-0.6188774704933167,0.7854875326156616,0,0,0,1],"scale":0.8091999888420105,"type":"oak_dry_c"}
{"pos":[-78.63339996337891,476.4859924316406,74.15270233154297],"rotationMatrix":[-0.7826497554779053,0.6224623322486877,0,-0.6224623322486877,-0.7826497554779053,0,0,0,1],"scale":1.267400026321411,"type":"oak_dry_c"}
{"pos":[-174.9420013427734,441.0610046386719,77.04360198974609],"rotationMatrix":[-0.4480615854263306,-0.8940026760101318,0,0.8940026760101318,-0.4480615854263306,0,0,0,1],"scale":1.088099956512451,"type":"oak_dry_c"}
{"pos":[-360.2799987792969,416.8179931640625,96.83499908447266],"rotationMatrix":[-0.2941187620162964,-0.955768883228302,0,0.955768883228302,-0.2941187620162964,0,0,0,1],"scale":1.421300053596497,"type":"oak_dry_c"}
{"pos":[-365.6419982910156,479.1969909667969,89.16329956054688],"rotationMatrix":[-0.9110125303268433,0.4123786687850952,0,-0.4123786687850952,-0.9110125303268433,0,0,0,1],"scale":1.207800030708313,"type":"oak_dry_c"}
{"pos":[-338.2059936523438,284.0840148925781,100.6800003051758],"rotationMatrix":[-0.9792540073394775,-0.2026365995407104,0,0.2026365995407104,-0.9792540073394775,0,0,0,1],"scale":1.456900000572205,"type":"oak_dry_c"}
{"pos":[-338.989990234375,312.8450012207031,100.9570007324219],"rotationMatrix":[0.2936151027679443,-0.9559237360954285,0,0.9559237360954285,0.2936151027679443,0,0,0,1],"scale":0.8500000238418579,"type":"oak_dry_c"}
{"pos":[-429.8529968261719,486.3399963378906,96.0426025390625],"rotationMatrix":[0.4163680076599121,0.9091961979866028,0,-0.9091961979866028,0.4163680076599121,0,0,0,1],"scale":0.9710999727249146,"type":"oak_dry_c"}
{"pos":[-442.6239929199219,499.1409912109375,95.64579772949219],"rotationMatrix":[-0.6297346353530884,-0.776810348033905,0,0.776810348033905,-0.6297346353530884,0,0,0,1],"scale":1.075099945068359,"type":"oak_dry_c"}
{"pos":[-411.4750061035156,422.3179931640625,94.47440338134766],"rotationMatrix":[-0.9868217706680298,0.1618109792470932,0,-0.1618109792470932,-0.9868217706680298,0,0,0,1],"scale":1.093299984931946,"type":"oak_dry_c"}
{"pos":[-491.6820068359375,475.5280151367188,98.92320251464844],"rotationMatrix":[0.6414648294448853,0.7671524286270142,0,-0.7671524286270142,0.6414648294448853,0,0,0,1],"scale":1.162199974060059,"type":"oak_dry_c"}
{"pos":[-497.9830017089844,494.6090087890625,95.71019744873047],"rotationMatrix":[0.6136795282363892,0.7895551919937134,0,-0.7895551919937134,0.6136795282363892,0,0,0,1],"scale":1.014700055122375,"type":"oak_dry_c"}
{"pos":[-375.2969970703125,282.9609985351563,100.9449996948242],"rotationMatrix":[-0.9848289489746094,0.1735279262065887,0,-0.1735279262065887,-0.9848289489746094,0,0,0,1],"scale":1.009299993515015,"type":"oak_dry_c"}
{"pos":[-449.3250122070313,360.0190124511719,96.66999816894531],"rotationMatrix":[0.4531512260437012,-0.8914336562156677,0,0.8914336562156677,0.4531512260437012,0,0,0,1],"scale":1.112900018692017,"type":"oak_dry_c"}
{"pos":[-420.8559875488281,229.9819946289063,100.0309982299805],"rotationMatrix":[0.7493679523468018,0.6621538400650024,0,-0.6621538400650024,0.7493679523468018,0,0,0,1],"scale":1.08870005607605,"type":"oak_dry_c"}
{"pos":[-393.9219970703125,159.3800048828125,99.19049835205078],"rotationMatrix":[-0.9570332765579224,0.2899781167507172,0,-0.2899781167507172,-0.9570332765579224,0,0,0,1],"scale":1.013000011444092,"type":"oak_dry_c"}
{"pos":[-449.5480041503906,184.7270050048828,100.5090026855469],"rotationMatrix":[0.9821016788482666,0.1883515119552612,0,-0.1883515119552612,0.9821016788482666,0,0,0,1],"scale":1.032600045204163,"type":"oak_dry_c"}
{"pos":[-673.802978515625,798.8909912109375,74.57199859619141],"rotationMatrix":[-0.9685248136520386,-0.2489170283079147,0,0.2489170283079147,-0.9685248136520386,0,0,0,1],"scale":0.9853000044822693,"type":"oak_dry_c"}
{"pos":[-677.7210083007813,774.572998046875,75.75839996337891],"rotationMatrix":[-0.205904483795166,0.9785720705986023,0,-0.9785720705986023,-0.205904483795166,0,0,0,1],"scale":0.9387000203132629,"type":"oak_dry_c"}
{"pos":[-620.885009765625,789.9199829101563,74.28260040283203],"rotationMatrix":[0.5001999139785767,0.8659099340438843,0,-0.8659099340438843,0.5001999139785767,0,0,0,1],"scale":1.182500004768372,"type":"oak_dry_c"}
{"pos":[-602.875,789.2999877929688,74.73459625244141],"rotationMatrix":[-0.7886397838592529,0.6125488877296448,0.05320831760764122,-0.6148555278778076,-0.7856917381286621,-0.06812640279531479,7.458201434928924e-05,-0.08644261956214905,0.9962568283081055],"scale":0.8256999850273132,"type":"oak_dry_c"}
{"pos":[-592.530029296875,784.9199829101563,74.81909942626953],"rotationMatrix":[-0.9840319156646729,-0.1779921054840088,0,0.1779921054840088,-0.9840319156646729,0,0,0,1],"scale":1.260300040245056,"type":"oak_dry_c"}
{"pos":[-643.8709716796875,804.906982421875,74.25250244140625],"rotationMatrix":[0.5939192771911621,0.8045246601104736,0,-0.8045246601104736,0.5939192771911621,0,0,0,1],"scale":1.122900009155273,"type":"oak_dry_c"}
{"pos":[-639.448974609375,801.3150024414063,74.158203125],"rotationMatrix":[0.914880633354187,-0.4037244319915771,0,0.4037244319915771,0.914880633354187,0,0,0,1],"scale":1.126099944114685,"type":"oak_dry_c"}
{"pos":[-700.947998046875,762.64599609375,78.88400268554688],"rotationMatrix":[-0.990012526512146,0.1409794241189957,0,-0.1409794241189957,-0.990012526512146,0,0,0,1],"scale":1.26639997959137,"type":"oak_dry_c"}
{"pos":[-611.2739868164063,687.6270141601563,90.41020202636719],"rotationMatrix":[0.8450982570648193,-0.5346109867095947,0,0.5346109867095947,0.8450982570648193,0,0,0,1],"scale":1.269899964332581,"type":"oak_dry_c"}
{"pos":[-587.0339965820313,711.8480224609375,84.74220275878906],"rotationMatrix":[-0.63226318359375,-0.7747536897659302,0,0.7747536897659302,-0.63226318359375,0,0,0,1],"scale":0.9678000211715698,"type":"oak_dry_c"}
{"pos":[-599.89697265625,631.9140014648438,90.76940155029297],"rotationMatrix":[0.61244797706604,0.790510892868042,0,-0.790510892868042,0.61244797706604,0,0,0,1],"scale":0.9635999798774719,"type":"oak_dry_c"}
{"pos":[-612.5440063476563,644.6069946289063,91.05870056152344],"rotationMatrix":[0.4808194637298584,0.8768196105957031,0,-0.8768196105957031,0.4808194637298584,0,0,0,1],"scale":1.125599980354309,"type":"oak_dry_c"}
{"pos":[-525.2520141601563,581.7969970703125,89.47799682617188],"rotationMatrix":[0.9994751214981079,-0.03239570185542107,0,0.03239570185542107,0.9994751214981079,0,0,0,1],"scale":1.042400002479553,"type":"oak_dry_c"}
{"pos":[-535.4910278320313,608.8049926757813,89.22740173339844],"rotationMatrix":[0.6276154518127441,0.7785235047340393,0,-0.7785235047340393,0.6276154518127441,0,0,0,1],"scale":0.9072999954223633,"type":"oak_dry_c"}
{"pos":[-510.9519958496094,567.4039916992188,91.13140106201172],"rotationMatrix":[-0.573538064956665,-0.8191789388656616,0,0.8191789388656616,-0.573538064956665,0,0,0,1],"scale":1.115300059318542,"type":"oak_dry_c"}
{"pos":[-597.7369995117188,559.64697265625,100.6715316772461],"rotationMatrix":[0.9990668296813965,-0.0431910865008831,0,0.0431910865008831,0.9990668296813965,0,0,0,1],"scale":0.9269000291824341,"type":"oak_dry_c"}
{"pos":[-503.4429931640625,529.1920166015625,94.17780303955078],"rotationMatrix":[-0.8148934841156006,0.5796107649803162,0,-0.5796107649803162,-0.8148934841156006,0,0,0,1],"scale":1.017699956893921,"type":"oak_dry_c"}
{"pos":[-741.625,671.60302734375,103.0250015258789],"rotationMatrix":[-0.206836462020874,-0.9783755540847778,0,0.9783755540847778,-0.206836462020874,0,0,0,1],"scale":0.90829998254776,"type":"oak_dry_c"}
{"pos":[-717.2000122070313,539.1160278320313,119.8949966430664],"rotationMatrix":[0.9969891309738159,-0.07754142582416534,0,0.07754142582416534,0.9969891309738159,0,0,0,1],"scale":0.7592999935150146,"type":"oak_dry_c"}
{"pos":[-701.7739868164063,542.1890258789063,119.6149978637695],"rotationMatrix":[0.1894717216491699,-0.9809130430221558,-0.04370452463626862,0.9774482250213623,0.1842012405395508,0.1032708063721657,-0.09324924647808075,-0.06228580698370934,0.9936926364898682],"scale":0.6456000208854675,"type":"oak_dry_c"}
{"pos":[-681.1409912109375,521.6079711914063,118.0279998779297],"rotationMatrix":[0.9987862110137939,-0.01739568263292313,0.04608139395713806,0.01337078493088484,0.9961833953857422,0.08625464886426926,-0.04740597680211067,-0.08553381264209747,0.9952068328857422],"scale":0.6556000113487244,"type":"oak_dry_c"}
{"pos":[-691.5460205078125,513.3060302734375,118.4369964599609],"rotationMatrix":[-0.2095274925231934,0.9758560657501221,-0.06167022138834,-0.9771284461021423,-0.2113080024719238,-0.02385126613080502,-0.03630681335926056,0.05526223406195641,0.9978115558624268],"scale":0.6204000115394592,"type":"oak_dry_c"}
{"pos":[-689.6849975585938,530.1090087890625,119.5589981079102],"rotationMatrix":[-0.2573808431625366,-0.9663100242614746,0,0.9663100242614746,-0.2573808431625366,0,0,0,1],"scale":0.4271000027656555,"type":"oak_dry_c"}
{"pos":[-775.5648803710938,752.4099731445313,88.97229766845703],"rotationMatrix":[0.09117841720581055,0.9958345890045166,0,-0.9958345890045166,0.09117841720581055,0,0,0,1],"scale":1.107800006866455,"type":"oak_dry_c"}
{"pos":[-783.6290283203125,774.4949951171875,87.53309631347656],"rotationMatrix":[0.4168000221252441,0.9089981913566589,0,-0.9089981913566589,0.4168000221252441,0,0,0,1],"scale":1.123600006103516,"type":"oak_dry_c"}
{"pos":[-821.5399780273438,866.8300170898438,74.53939819335938],"rotationMatrix":[-0.08899283409118652,-0.9960322380065918,0,0.9960322380065918,-0.08899283409118652,0,0,0,1],"scale":0.9749000072479248,"type":"oak_dry_c"}
{"pos":[-811.427978515625,866.9580078125,74.7322998046875],"rotationMatrix":[0.9107891321182251,0.4128718376159668,0,-0.4128718376159668,0.9107891321182251,0,0,0,1],"scale":1.255200028419495,"type":"oak_dry_c"}
{"pos":[-903.9169921875,774.5889892578125,91.96749877929688],"rotationMatrix":[0.7361714839935303,0.6767950654029846,0,-0.6767950654029846,0.7361714839935303,0,0,0,1],"scale":0.9740999937057495,"type":"oak_dry_c"}
{"pos":[-886.864990234375,862.6580200195313,74.94219970703125],"rotationMatrix":[-0.2669135332107544,0.9637205004692078,0,-0.9637205004692078,-0.2669135332107544,0,0,0,1],"scale":1.115499973297119,"type":"oak_dry_c"}
{"pos":[-876.822021484375,862.3040161132813,74.90609741210938],"rotationMatrix":[-0.5909712314605713,-0.8066926598548889,0,0.8066926598548889,-0.5909712314605713,0,0,0,1],"scale":1.279399991035461,"type":"oak_dry_c"}
{"pos":[-906.7769775390625,836.9739990234375,80.33139801025391],"rotationMatrix":[0.05187296867370605,-0.998388409614563,-0.02301709540188313,0.9968076944351196,0.05036258697509766,0.06195183843374252,-0.06069279462099075,-0.02615724503993988,0.9978137016296387],"scale":0.9878000020980835,"type":"oak_dry_c"}
{"pos":[-913.594970703125,847.4869995117188,77.50460052490234],"rotationMatrix":[-0.9860246181488037,-0.1665996760129929,0,0.1665996760129929,-0.9860246181488037,0,0,0,1],"scale":1.044600009918213,"type":"oak_dry_c"}
{"pos":[-931.1259765625,837.2999877929688,80.60209655761719],"rotationMatrix":[-0.4582904577255249,-0.8888024687767029,0,0.8888024687767029,-0.4582904577255249,0,0,0,1],"scale":1.062000036239624,"type":"oak_dry_c"}
{"pos":[-998.2080078125,762.5759887695313,92.97460174560547],"rotationMatrix":[0.8875671625137329,-0.4606783390045166,0,0.4606783390045166,0.8875671625137329,0,0,0,1],"scale":0.9483000040054321,"type":"oak_dry_c"}
{"pos":[-978.7069702148438,775.5380249023438,92.32920074462891],"rotationMatrix":[-0.9713037014007568,0.2378426343202591,0,-0.2378426343202591,-0.9713037014007568,0,0,0,1],"scale":1.197199940681458,"type":"oak_dry_c"}
{"pos":[-996.1259765625,867.0850219726563,74.779296875],"rotationMatrix":[0.8189183473587036,-0.5739100575447083,0,0.5739100575447083,0.8189183473587036,0,0,0,1],"scale":1.051599979400635,"type":"oak_dry_c"}
{"pos":[-962.531005859375,867.0440063476563,74.80169677734375],"rotationMatrix":[-0.4382079839706421,0.8988736271858215,0,-0.8988736271858215,-0.4382079839706421,0,0,0,1],"scale":0.9225999712944031,"type":"oak_dry_c"}
{"pos":[-950.6290283203125,763.06201171875,92.38929748535156],"rotationMatrix":[-0.07047712802886963,0.9975134134292603,0,-0.9975134134292603,-0.07047712802886963,0,0,0,1],"scale":1.043200016021729,"type":"oak_dry_c"}
{"pos":[-949.406982421875,774.8270263671875,92.12599945068359],"rotationMatrix":[0.3703335523605347,0.9288988709449768,0,-0.9288988709449768,0.3703335523605347,0,0,0,1],"scale":1.091400027275085,"type":"oak_dry_c"}
{"pos":[-775.5809936523438,627.1079711914063,110.7559967041016],"rotationMatrix":[-0.3164153099060059,0.9486207365989685,0,-0.9486207365989685,-0.3164153099060059,0,0,0,1],"scale":0.8906999826431274,"type":"oak_dry_c"}
{"pos":[-775.5770263671875,680.9329833984375,104.1309967041016],"rotationMatrix":[0.2212479114532471,-0.9752175807952881,0,0.9752175807952881,0.2212479114532471,0,0,0,1],"scale":0.9147999882698059,"type":"oak_dry_c"}
{"pos":[-762.1699829101563,735.0659790039063,92.5386962890625],"rotationMatrix":[0.03311586380004883,-0.9994515180587769,0,0.9994515180587769,0.03311586380004883,0,0,0,1],"scale":1.229200005531311,"type":"oak_dry_c"}
{"pos":[-836.9730224609375,666.7449951171875,108.9329986572266],"rotationMatrix":[-0.5607912540435791,-0.8279572129249573,0,0.8279572129249573,-0.5607912540435791,0,0,0,1],"scale":0.9937000274658203,"type":"oak_dry_c"}
{"pos":[-775.5460205078125,501.6640014648438,130.5709991455078],"rotationMatrix":[0.5368931293487549,0.8436502814292908,0,-0.8436502814292908,0.5368931293487549,0,0,0,1],"scale":0.9922000169754028,"type":"oak_dry_c"}
{"pos":[-775.552001953125,592.6630249023438,118.6520004272461],"rotationMatrix":[0.6925151348114014,0.7214033603668213,0,-0.7214033603668213,0.6925151348114014,0,0,0,1],"scale":0.7477999925613403,"type":"oak_dry_c"}
{"pos":[-926.7949829101563,626.3759765625,117.7730026245117],"rotationMatrix":[-0.2196096181869507,0.9755878448486328,0,-0.9755878448486328,-0.2196096181869507,0,0,0,1],"scale":0.8324000239372253,"type":"oak_dry_c"}
{"pos":[-882.219970703125,648.2930297851563,109.8300018310547],"rotationMatrix":[-0.9514976739883423,0.307655930519104,0,-0.307655930519104,-0.9514976739883423,0,0,0,1],"scale":1.401000022888184,"type":"oak_dry_c"}
{"pos":[-926.8489990234375,681.14697265625,109.6959991455078],"rotationMatrix":[-0.9602000713348389,-0.2793131172657013,0,0.2793131172657013,-0.9602000713348389,0,0,0,1],"scale":0.9442999958992004,"type":"oak_dry_c"}
{"pos":[-913.5330200195313,688.844970703125,107.8109970092773],"rotationMatrix":[-0.9912096261978149,-0.1323007047176361,0,0.1323007047176361,-0.9912096261978149,0,0,0,1],"scale":1.08870005607605,"type":"oak_dry_c"}
{"pos":[-913.5560302734375,677.8629760742188,110.7570037841797],"rotationMatrix":[-0.9980003833770752,-0.06320787221193314,0,0.06320787221193314,-0.9980003833770752,0,0,0,1],"scale":1.026399970054626,"type":"oak_dry_c"}
{"pos":[-973.5130004882813,666.885009765625,112.2289962768555],"rotationMatrix":[0.805311918258667,-0.5928513407707214,0,0.5928513407707214,0.805311918258667,0,0,0,1],"scale":1.187800049781799,"type":"oak_dry_c"}
{"pos":[-930.60498046875,619.5339965820313,119.2070007324219],"rotationMatrix":[-0.990411639213562,-0.138147696852684,0,0.138147696852684,-0.990411639213562,0,0,0,1],"scale":0.7336999773979187,"type":"oak_dry_c"}
{"pos":[-903.343994140625,567.68701171875,130.1929931640625],"rotationMatrix":[0.09198713302612305,0.9957602024078369,0,-0.9957602024078369,0.09198713302612305,0,0,0,1],"scale":1.345100045204163,"type":"oak_dry_c"}
{"pos":[-904.905029296875,597.093994140625,124.4120025634766],"rotationMatrix":[-0.3586112260818481,-0.9334869980812073,0,0.9334869980812073,-0.3586112260818481,0,0,0,1],"scale":1.258900046348572,"type":"oak_dry_c"}
{"pos":[-926.8770141601563,512.281005859375,138.718994140625],"rotationMatrix":[0.3467755317687988,0.9379481673240662,0,-0.9379481673240662,0.3467755317687988,0,0,0,1],"scale":1.407600045204163,"type":"oak_dry_c"}
{"pos":[-926.8400268554688,582.31201171875,127.8369979858398],"rotationMatrix":[0.711655855178833,-0.7025282382965088,0,0.7025282382965088,0.711655855178833,0,0,0,1],"scale":1.181300044059753,"type":"oak_dry_c"}
{"pos":[-606.3150024414063,428.114013671875,111.5849990844727],"rotationMatrix":[0.8449869155883789,-0.5347869992256165,0,0.5347869992256165,0.8449869155883789,0,0,0,1],"scale":1.05649995803833,"type":"oak_dry_c"}
{"pos":[-595.1240234375,391.3110046386719,111.0719985961914],"rotationMatrix":[0.1588954925537109,-0.987295389175415,0,0.987295389175415,0.1588954925537109,0,0,0,1],"scale":1.114500045776367,"type":"oak_dry_c"}
{"pos":[-519.8510131835938,313.8659973144531,97.47709655761719],"rotationMatrix":[-0.3579519987106323,-0.933739960193634,0,0.933739960193634,-0.3579519987106323,0,0,0,1],"scale":0.7739999890327454,"type":"oak_dry_c"}
{"pos":[-684.6920166015625,459.6260070800781,122.3249969482422],"rotationMatrix":[0.20947265625,0.9778144955635071,0,-0.9778144955635071,0.20947265625,0,0,0,1],"scale":1.480599999427795,"type":"oak_dry_c"}
{"pos":[-703.6630249023438,440.5660095214844,128.8110046386719],"rotationMatrix":[0.6189354658126831,-0.7854418158531189,0,0.7854418158531189,0.6189354658126831,0,0,0,1],"scale":1.340399980545044,"type":"oak_dry_c"}
{"pos":[-625.051025390625,465.4760131835938,114.7890014648438],"rotationMatrix":[0.2722995281219482,0.9622125625610352,0,-0.9622125625610352,0.2722995281219482,0,0,0,1],"scale":1.048499941825867,"type":"oak_dry_c"}
{"pos":[-629.2650146484375,451.0350036621094,113.8600006103516],"rotationMatrix":[0.391254186630249,-0.9202826619148254,0,0.9202826619148254,0.391254186630249,0,0,0,1],"scale":1.03849995136261,"type":"oak_dry_c"}
{"pos":[-746.7979736328125,397.4070129394531,141.2799987792969],"rotationMatrix":[-0.934544563293457,-0.355846107006073,0,0.355846107006073,-0.934544563293457,0,0,0,1],"scale":1.333699941635132,"type":"oak_dry_c"}
{"pos":[-627.8369750976563,490.9519958496094,114.1360015869141],"rotationMatrix":[0.6326041221618652,0.7744753360748291,0,-0.7744753360748291,0.6326041221618652,0,0,0,1],"scale":1.04200005531311,"type":"oak_dry_c"}
{"pos":[-634.8770141601563,484.2780151367188,116.2760009765625],"rotationMatrix":[-0.446020245552063,0.8950228691101074,0,-0.8950228691101074,-0.446020245552063,0,0,0,1],"scale":1.291300058364868,"type":"oak_dry_c"}
{"pos":[-692.1690063476563,275.364013671875,130.3179931640625],"rotationMatrix":[-0.7996839284896851,0.6004211902618408,0,-0.6004211902618408,-0.7996839284896851,0,0,0,1],"scale":0.8567000031471252,"type":"oak_dry_c"}
{"pos":[-700.9429931640625,311.3500061035156,130.1719970703125],"rotationMatrix":[0.03645038604736328,-0.9993354678153992,0,0.9993354678153992,0.03645038604736328,0,0,0,1],"scale":1.141000032424927,"type":"oak_dry_c"}
{"pos":[-694.448974609375,323.572998046875,131.7590026855469],"rotationMatrix":[-0.9752768278121948,0.2209866791963577,0,-0.2209866791963577,-0.9752768278121948,0,0,0,1],"scale":1.040300011634827,"type":"oak_dry_c"}
{"pos":[-712.4119873046875,273.9500122070313,130.6300048828125],"rotationMatrix":[-0.7894537448883057,-0.6138100624084473,0,0.6138100624084473,-0.7894537448883057,0,0,0,1],"scale":1.428599953651428,"type":"oak_dry_c"}
{"pos":[-669.1300048828125,317.2359924316406,127.6569976806641],"rotationMatrix":[0.9446885585784912,-0.3279687762260437,0,0.3279687762260437,0.9446885585784912,0,0,0,1],"scale":1.054000020027161,"type":"oak_dry_c"}
{"pos":[-528.2310180664063,148.2790069580078,98.69730377197266],"rotationMatrix":[-0.783027172088623,-0.621987521648407,0,0.621987521648407,-0.783027172088623,0,0,0,1],"scale":1.107300043106079,"type":"oak_dry_c"}
{"pos":[-619.927978515625,230.25,113.2760009765625],"rotationMatrix":[0.1264224052429199,-0.9919764995574951,0,0.9919764995574951,0.1264224052429199,0,0,0,1],"scale":0.9642999768257141,"type":"oak_dry_c"}
{"pos":[-547.3090209960938,215.9839935302734,105.947998046875],"rotationMatrix":[-0.8244320154190063,0.5659610033035278,0,-0.5659610033035278,-0.8244320154190063,0,0,0,1],"scale":0.9491000175476074,"type":"oak_dry_c"}
{"pos":[-548.1799926757813,185.156005859375,102.0350036621094],"rotationMatrix":[0.1043426990509033,0.9945414066314697,0,-0.9945414066314697,0.1043426990509033,0,0,0,1],"scale":1.246899962425232,"type":"oak_dry_c"}
{"pos":[-552.7269897460938,190.1410064697266,102.1029968261719],"rotationMatrix":[-0.2950842380523682,0.9554712176322937,0,-0.9554712176322937,-0.2950842380523682,0,0,0,1],"scale":1.220299959182739,"type":"oak_dry_c"}
{"pos":[-747.8442993164063,219.7322692871094,136.2769927978516],"rotationMatrix":[0.9585280418395996,0.2849982380867004,0,-0.2849982380867004,0.9585280418395996,0,0,0,1],"scale":1.026000022888184,"type":"oak_dry_c"}
{"pos":[-648.6019897460938,155.1130065917969,115.2990036010742],"rotationMatrix":[0.8791327476501465,0.4765178263187408,0.007508166134357452,-0.4765100181102753,0.8791642189025879,-0.002911398652940989,-0.007988244295120239,-0.001018210663460195,0.9999675750732422],"scale":1.132599949836731,"type":"oak_dry_c"}
{"pos":[-868.8759765625,445.9209899902344,148.468994140625],"rotationMatrix":[0.9886898994445801,-0.1499742716550827,0,0.1499742716550827,0.9886898994445801,0,0,0,1],"scale":1.230499982833862,"type":"oak_dry_c"}
{"pos":[-762.2319946289063,401.6929931640625,142.2160034179688],"rotationMatrix":[-0.5131039619445801,-0.8583264946937561,0,0.8583264946937561,-0.5131039619445801,0,0,0,1],"scale":1.006100058555603,"type":"oak_dry_c"}
{"pos":[-775.5360107421875,405.3559875488281,140.9530029296875],"rotationMatrix":[0.7066220045089722,0.7075912356376648,0,-0.7075912356376648,0.7066220045089722,0,0,0,1],"scale":1.398300051689148,"type":"oak_dry_c"}
{"pos":[-813.22802734375,435.5849914550781,143.14599609375],"rotationMatrix":[0.8173503875732422,-0.5761408805847168,0,0.5761408805847168,0.8173503875732422,0,0,0,1],"scale":0.9603000283241272,"type":"oak_dry_c"}
{"pos":[-768.531005859375,351.2219848632813,142.9900054931641],"rotationMatrix":[-1,0,0,0,-1,0,0,0,1],"scale":1.047600030899048,"type":"oak_dry_c"}
{"pos":[-842.0549926757813,261.0379943847656,157.6219940185547],"rotationMatrix":[-0.5760226249694824,-0.817433774471283,0,0.817433774471283,-0.5760226249694824,0,0,0,1],"scale":1.209699988365173,"type":"oak_dry_c"}
{"pos":[-926.7780151367188,498.9960021972656,142.3809967041016],"rotationMatrix":[-0.6759144067764282,0.736980140209198,0,-0.736980140209198,-0.6759144067764282,0,0,0,1],"scale":1.188899993896484,"type":"oak_dry_c"}
{"pos":[-926.7969970703125,468.0780029296875,148.5740051269531],"rotationMatrix":[-0.6675032377243042,-0.7446069121360779,0,0.7446069121360779,-0.6675032377243042,0,0,0,1],"scale":1.493399977684021,"type":"oak_dry_c"}
{"pos":[-926.7679443359375,345.6875305175781,156.6069946289063],"rotationMatrix":[-0.63226318359375,-0.7747536897659302,0,0.7747536897659302,-0.63226318359375,0,0,0,1],"scale":1.451599955558777,"type":"oak_dry_c"}
{"pos":[-926.856689453125,363.7460021972656,154.8529968261719],"rotationMatrix":[-0.3193377256393433,0.9476409554481506,0,-0.9476409554481506,-0.3193377256393433,0,0,0,1],"scale":1.495800018310547,"type":"oak_dry_c"}
{"pos":[-797.8259887695313,216.7769927978516,141.10400390625],"rotationMatrix":[-0.3431606292724609,0.9392767548561096,0,-0.9392767548561096,-0.3431606292724609,0,0,0,1],"scale":1.12880003452301,"type":"oak_dry_c"}
{"pos":[-874.5889892578125,245.2239990234375,158.3190002441406],"rotationMatrix":[0.3901503086090088,0.92075115442276,0,-0.92075115442276,0.3901503086090088,0,0,0,1],"scale":1.225200057029724,"type":"oak_dry_c"}
{"pos":[-759.8330078125,226.5720062255859,136.1399993896484],"rotationMatrix":[-0.5148441791534424,-0.8572837710380554,0,0.8572837710380554,-0.5148441791534424,0,0,0,1],"scale":1.171200037002563,"type":"oak_dry_c"}
{"pos":[-770.7849731445313,196.89599609375,138.5579986572266],"rotationMatrix":[0.4163680076599121,0.9091961979866028,0,-0.9091961979866028,0.4163680076599121,0,0,0,1],"scale":1.182199954986572,"type":"oak_dry_c"}
{"pos":[-790.4530029296875,8.384599685668945,116.7320022583008],"rotationMatrix":[-0.9944039583206177,0.1056445315480232,0,-0.1056445315480232,-0.9944039583206177,0,0,0,1],"scale":0.9801999926567078,"type":"oak_dry_c"}
{"pos":[-841.781982421875,71.21160125732422,134.2680053710938],"rotationMatrix":[-0.6034822463989258,0.7973764538764954,0,-0.7973764538764954,-0.6034822463989258,0,0,0,1],"scale":1.481600046157837,"type":"oak_dry_c"}
{"pos":[-837.198974609375,76.56189727783203,134.10400390625],"rotationMatrix":[0.5904874801635742,-0.8070467710494995,0,0.8070467710494995,0.5904874801635742,0,0,0,1],"scale":1.304200053215027,"type":"oak_dry_c"}
{"pos":[-900.02197265625,244.2070007324219,158.2559967041016],"rotationMatrix":[-0.4750748872756958,0.8799453973770142,0,-0.8799453973770142,-0.4750748872756958,0,0,0,1],"scale":1.213199973106384,"type":"oak_dry_c"}
{"pos":[-1138.469970703125,1034.579956054688,83.83989715576172],"rotationMatrix":[-0.9153159856796265,-0.4027364552021027,0,0.4027364552021027,-0.9153159856796265,0,0,0,1],"scale":1.070899963378906,"type":"oak_dry_c"}
{"pos":[-1072.569946289063,121.7020034790039,195.5500030517578],"rotationMatrix":[0.852031946182251,0.523489773273468,0,-0.523489773273468,0.852031946182251,0,0,0,1],"scale":1.113499999046326,"type":"oak_dry_c"}
{"pos":[-1076.2900390625,848.1320190429688,75.41580200195313],"rotationMatrix":[-0.8374446630477905,0.5465221405029297,0,-0.5465221405029297,-0.8374446630477905,0,0,0,1],"scale":1.095499992370605,"type":"oak_dry_c"}
{"pos":[-1114,927.1229858398438,78.7666015625],"rotationMatrix":[-0.6110124588012695,-0.7916209697723389,0,0.7916209697723389,-0.6110124588012695,0,0,0,1],"scale":0.9316999912261963,"type":"oak_dry_c"}
{"pos":[-1128.630004882813,910.0089721679688,86.28810119628906],"rotationMatrix":[-0.9451807737350464,0.3265475630760193,0,-0.3265475630760193,-0.9451807737350464,0,0,0,1],"scale":1.184100031852722,"type":"oak_dry_c"}
{"pos":[-1135.22998046875,909.18798828125,88.78810119628906],"rotationMatrix":[0.1568191051483154,0.9876273274421692,0,-0.9876273274421692,0.1568191051483154,0,0,0,1],"scale":1.186800003051758,"type":"oak_dry_c"}
{"pos":[-1138.410034179688,901.3920288085938,90.99900054931641],"rotationMatrix":[-0.9223684072494507,-0.3863114416599274,0,0.3863114416599274,-0.9223684072494507,0,0,0,1],"scale":1.04200005531311,"type":"oak_dry_c"}
{"pos":[-1141.199951171875,907.2130126953125,90.59919738769531],"rotationMatrix":[-0.3553164005279541,-0.9347460865974426,0,0.9347460865974426,-0.3553164005279541,0,0,0,1],"scale":1.16729998588562,"type":"oak_dry_c"}
{"pos":[-1130.170043945313,969.9089965820313,84.81390380859375],"rotationMatrix":[-0.7894537448883057,0.6138100624084473,0,-0.6138100624084473,-0.7894537448883057,0,0,0,1],"scale":1.04610002040863,"type":"oak_dry_c"}
{"pos":[-1120.030029296875,872.041015625,92.20189666748047],"rotationMatrix":[-0.831315279006958,-0.5558011531829834,0,0.5558011531829834,-0.831315279006958,0,0,0,1],"scale":1.250100016593933,"type":"oak_dry_c"}
{"pos":[-1112.869995117188,870.406982421875,90.59249877929688],"rotationMatrix":[-0.6135263442993164,-0.7896742820739746,0,0.7896742820739746,-0.6135263442993164,0,0,0,1],"scale":0.9628000259399414,"type":"oak_dry_c"}
{"pos":[-1083.089965820313,868.7919921875,74.71980285644531],"rotationMatrix":[0.2359048128128052,-0.9717761874198914,0,0.9717761874198914,0.2359048128128052,0,0,0,1],"scale":0.9556999802589417,"type":"oak_dry_c"}
{"pos":[-1064.660034179688,762.6790161132813,92.90039825439453],"rotationMatrix":[0.9127216339111328,0.4085819721221924,0,-0.4085819721221924,0.9127216339111328,0,0,0,1],"scale":1.238499999046326,"type":"oak_dry_c"}
{"pos":[-1103.410034179688,904.68701171875,76.87629699707031],"rotationMatrix":[-0.9924072027206421,0.1229957044124603,0,-0.1229957044124603,-0.9924072027206421,0,0,0,1],"scale":1.107399940490723,"type":"oak_dry_c"}
{"pos":[-1022.219970703125,667.56298828125,112.1719970703125],"rotationMatrix":[0.8696438074111938,0.4936797022819519,0,-0.4936797022819519,0.8696438074111938,0,0,0,1],"scale":0.9251999855041504,"type":"oak_dry_c"}
{"pos":[-1063.31005859375,214.3529968261719,185.3589935302734],"rotationMatrix":[-0.7958915233612061,0.6054392457008362,0,-0.6054392457008362,-0.7958915233612061,0,0,0,1],"scale":1.077200055122375,"type":"oak_dry_c"}
{"pos":[-1067.989990234375,214.0119934082031,187.3309936523438],"rotationMatrix":[-0.228057861328125,-0.9736475944519043,0,0.9736475944519043,-0.228057861328125,0,0,0,1],"scale":1.101899981498718,"type":"oak_dry_c"}
{"pos":[-1072.119995117188,175.7790069580078,191.0010070800781],"rotationMatrix":[0.9132221937179565,-0.407461941242218,0,0.407461941242218,0.9132221937179565,0,0,0,1],"scale":1.210199952125549,"type":"oak_dry_c"}
{"pos":[-1110.880004882813,158.7720031738281,204.8350067138672],"rotationMatrix":[0.6928287744522095,-0.7211021184921265,0,0.7211021184921265,0.6928287744522095,0,0,0,1],"scale":0.9305999875068665,"type":"oak_dry_c"}
{"pos":[-1102.400024414063,158.4029998779297,201.5370025634766],"rotationMatrix":[-0.9960020780563354,0.08933006227016449,0,-0.08933006227016449,-0.9960020780563354,0,0,0,1],"scale":0.9708999991416931,"type":"oak_dry_c"}
{"pos":[-1014.780029296875,142.2209930419922,176.5279998779297],"rotationMatrix":[0.7700223922729492,0.6380168795585632,0,-0.6380168795585632,0.7700223922729492,0,0,0,1],"scale":1.005100011825562,"type":"oak_dry_c"}
{"pos":[1363.06005859375,-668.989990234375,184.9239959716797],"rotationMatrix":[-0.005078315734863281,-0.9999871253967285,0,0.9999871253967285,-0.005078315734863281,0,0,0,1],"scale":1.034999966621399,"type":"oak_dry_c"}
{"pos":[1359.81005859375,-666.9240112304688,184.8509979248047],"rotationMatrix":[0.6621580123901367,-0.7493642568588257,0,0.7493642568588257,0.6621580123901367,0,0,0,1],"scale":1.244600057601929,"type":"oak_dry_c"}
{"pos":[1351.18994140625,-663.7260131835938,183.3339996337891],"rotationMatrix":[0.7688000202178955,-0.6394892930984497,0,0.6394892930984497,0.7688000202178955,0,0,0,1],"scale":1.161200046539307,"type":"oak_dry_c"}
{"pos":[1103,-699.3079833984375,162.8370056152344],"rotationMatrix":[0.9731807708740234,-0.2300417125225067,0,0.2300417125225067,0.9731807708740234,0,0,0,1],"scale":1.170699954032898,"type":"oak_dry_c"}
