{"pos":[-109.5975799560547,84.322998046875,123.7298431396484],"rotationMatrix":[0.7135369777679443,-0.7006175518035889,-5.099277444742256e-08,0.7006175518035889,0.7135369777679443,-2.020855127682353e-08,5.054369722756746e-08,-2.130688692147942e-08,1],"scale":1.00000011920929,"type":"pole_fence1"}
{"pos":[-156.2932586669922,136.1116638183594,121.6763153076172],"rotationMatrix":[-0.7288267612457275,0.684698224067688,-5.099277089470888e-08,-0.684698224067688,-0.7288267612457275,-2.020854772410985e-08,-5.100165267890588e-08,2.018613010079662e-08,1],"scale":1.00000011920929,"type":"pole_fence1"}
{"pos":[-151.4052124023438,41.92585372924805,121.8670806884766],"rotationMatrix":[0.7103726863861084,-0.7038257718086243,-5.096886113165056e-08,0.7038257718086243,0.7103726863861084,-2.018497369249417e-08,5.041359329993611e-08,-2.15343440856941e-08,1],"scale":1.00000011920929,"type":"pole_fence1"}
{"pos":[-199.6261596679688,90.15575408935547,121.7064971923828],"rotationMatrix":[-0.746188759803772,0.6657343506813049,-5.119084534044305e-08,-0.6657343506813049,-0.746188759803772,-2.038847135565902e-08,-5.177134454470433e-08,1.886585643262606e-08,1],"scale":1.00000011920929,"type":"pole_fence1"}
{"pos":[-119.2517776489258,104.0444641113281,122.6793060302734],"rotationMatrix":[0.7099772095680237,0.7042246460914612,-7.197319007445913e-08,-0.7042246460914612,0.7099772095680237,-4.174901846454304e-08,2.169863755341339e-08,8.032614573494357e-08,1],"scale":1.00000011920929,"type":"pole_fence1"}
{"pos":[-114.3439788818359,99.05303955078125,123.1236114501953],"rotationMatrix":[0.7099772095680237,0.7042246460914612,-7.197319007445913e-08,-0.7042246460914612,0.7099772095680237,-4.174901846454304e-08,2.169863755341339e-08,8.032614573494357e-08,1],"scale":1.00000011920929,"type":"pole_fence1"}
{"pos":[-116.7979278564453,101.5488433837891,122.9040374755859],"rotationMatrix":[0.7099772095680237,0.7042246460914612,-7.197319007445913e-08,-0.7042246460914612,0.7099772095680237,-4.174901846454304e-08,2.169863755341339e-08,8.032614573494357e-08,1],"scale":1.00000011920929,"type":"pole_fence1"}
{"pos":[-106.9820785522461,91.56632232666016,124.6564483642578],"rotationMatrix":[0.7099772095680237,0.7042246460914612,-7.197319007445913e-08,-0.7042246460914612,0.7099772095680237,-4.174901846454304e-08,2.169863755341339e-08,8.032614573494357e-08,1],"scale":1.00000011920929,"type":"pole_fence1"}
{"pos":[-109.4361114501953,94.06182861328125,123.6317596435547],"rotationMatrix":[0.7099772095680237,0.7042246460914612,-7.197319007445913e-08,-0.7042246460914612,0.7099772095680237,-4.174901846454304e-08,2.169863755341339e-08,8.032614573494357e-08,1],"scale":1.00000011920929,"type":"pole_fence1"}
{"pos":[-111.8899993896484,96.55753326416016,123.4568939208984],"rotationMatrix":[0.7099772095680237,0.7042246460914612,-7.197319007445913e-08,-0.7042246460914612,0.7099772095680237,-4.174901846454304e-08,2.169863755341339e-08,8.032614573494357e-08,1],"scale":1.00000011920929,"type":"pole_fence1"}
{"pos":[-131.6487426757813,116.393913269043,121.7545013427734],"rotationMatrix":[0.6983020305633545,0.7158032655715942,-7.24136910434936e-08,-0.7158032655715942,0.6983020305633545,-4.148523302660578e-08,2.087135975159526e-08,8.080317570602347e-08,1],"scale":1.00000011920929,"type":"pole_fence1"}
{"pos":[-129.1540985107422,113.9389801025391,121.8692474365234],"rotationMatrix":[0.6983020305633545,0.7158032655715942,-7.24136910434936e-08,-0.7158032655715942,0.6983020305633545,-4.148523302660578e-08,2.087135975159526e-08,8.080317570602347e-08,1],"scale":1.00000011920929,"type":"pole_fence1"}
{"pos":[-124.1648483276367,109.0289459228516,122.8339080810547],"rotationMatrix":[0.6983020305633545,0.7158032655715942,-7.24136910434936e-08,-0.7158032655715942,0.6983020305633545,-4.148523302660578e-08,2.087135975159526e-08,8.080317570602347e-08,1],"scale":1.00000011920929,"type":"pole_fence1"}
{"pos":[-126.6595230102539,111.4840545654297,122.7116546630859],"rotationMatrix":[0.6983020305633545,0.7158032655715942,-7.24136910434936e-08,-0.7158032655715942,0.6983020305633545,-4.148523302660578e-08,2.087135975159526e-08,8.080317570602347e-08,1],"scale":1.00000011920929,"type":"pole_fence1"}
{"pos":[-121.6702117919922,106.5741729736328,122.5860443115234],"rotationMatrix":[0.6983020305633545,0.7158032655715942,-7.24136910434936e-08,-0.7158032655715942,0.6983020305633545,-4.148523302660578e-08,2.087135975159526e-08,8.080317570602347e-08,1],"scale":1.00000011920929,"type":"pole_fence1"}
{"pos":[-136.7554016113281,121.0554428100586,121.7133636474609],"rotationMatrix":[0.7099772095680237,0.7042246460914612,-7.197319007445913e-08,-0.7042246460914612,0.7099772095680237,-4.174901846454304e-08,2.169863755341339e-08,8.032614573494357e-08,1],"scale":1.00000011920929,"type":"pole_fence1"}
{"pos":[-134.3014831542969,118.5598526000977,121.8061370849609],"rotationMatrix":[0.7099772095680237,0.7042246460914612,-7.197319007445913e-08,-0.7042246460914612,0.7099772095680237,-4.174901846454304e-08,2.169863755341339e-08,8.032614573494357e-08,1],"scale":1.00000011920929,"type":"pole_fence1"}
{"pos":[-146.5710906982422,131.0380706787109,121.6490325927734],"rotationMatrix":[0.7099772095680237,0.7042246460914612,-7.197319007445913e-08,-0.7042246460914612,0.7099772095680237,-4.174901846454304e-08,2.169863755341339e-08,8.032614573494357e-08,1],"scale":1.00000011920929,"type":"pole_fence1"}
{"pos":[-144.1171875,128.5423583984375,121.6424102783203],"rotationMatrix":[0.7099772095680237,0.7042246460914612,-7.197319007445913e-08,-0.7042246460914612,0.7099772095680237,-4.174901846454304e-08,2.169863755341339e-08,8.032614573494357e-08,1],"scale":1.00000011920929,"type":"pole_fence1"}
{"pos":[-139.2093353271484,123.5511093139648,121.6735687255859],"rotationMatrix":[0.7099772095680237,0.7042246460914612,-7.197319007445913e-08,-0.7042246460914612,0.7099772095680237,-4.174901846454304e-08,2.169863755341339e-08,8.032614573494357e-08,1],"scale":1.00000011920929,"type":"pole_fence1"}
{"pos":[-141.6631927490234,126.0468673706055,121.6742401123047],"rotationMatrix":[0.7099772095680237,0.7042246460914612,-7.197319007445913e-08,-0.7042246460914612,0.7099772095680237,-4.174901846454304e-08,2.169863755341339e-08,8.032614573494357e-08,1],"scale":1.00000011920929,"type":"pole_fence1"}
{"pos":[-151.47900390625,136.0293884277344,121.6283416748047],"rotationMatrix":[0.7099772095680237,0.7042246460914612,-7.197319007445913e-08,-0.7042246460914612,0.7099772095680237,-4.174901846454304e-08,2.169863755341339e-08,8.032614573494357e-08,1],"scale":1.00000011920929,"type":"pole_fence1"}
{"pos":[-149.0250091552734,133.5335998535156,121.6045379638672],"rotationMatrix":[0.7099772095680237,0.7042246460914612,-7.197319007445913e-08,-0.7042246460914612,0.7099772095680237,-4.174901846454304e-08,2.169863755341339e-08,8.032614573494357e-08,1],"scale":1.00000011920929,"type":"pole_fence1"}
{"pos":[-153.932861328125,138.5250091552734,121.5380096435547],"rotationMatrix":[0.7099772095680237,0.7042246460914612,-7.197319007445913e-08,-0.7042246460914612,0.7099772095680237,-4.174901846454304e-08,2.169863755341339e-08,8.032614573494357e-08,1],"scale":1.00000011920929,"type":"pole_fence1"}
{"pos":[-134.2761840820313,118.5725555419922,121.8074188232422],"rotationMatrix":[0.7099772095680237,0.7042246460914612,-7.197319007445913e-08,-0.7042246460914612,0.7099772095680237,-4.174901846454304e-08,2.169863755341339e-08,8.032614573494357e-08,1],"scale":1.00000011920929,"type":"pole_fence1"}
{"pos":[-171.5348205566406,21.5694580078125,122.0060577392578],"rotationMatrix":[0.7158097624778748,-0.6982953548431396,-5.096870125953501e-08,0.6982953548431396,0.7158097624778748,-2.018516198631914e-08,5.057909646666303e-08,-2.114246910878137e-08,1],"scale":1.00000011920929,"type":"pole_fence1"}
{"pos":[-173.9896850585938,19.07477951049805,121.9310150146484],"rotationMatrix":[0.7158097624778748,-0.6982953548431396,-5.096870125953501e-08,0.6982953548431396,0.7158097624778748,-2.018516198631914e-08,5.057909646666303e-08,-2.114246910878137e-08,1],"scale":1.00000011920929,"type":"pole_fence1"}
{"pos":[-178.899658203125,14.08551788330078,121.8523406982422],"rotationMatrix":[0.7158097624778748,-0.6982953548431396,-5.096870125953501e-08,0.6982953548431396,0.7158097624778748,-2.018516198631914e-08,5.057909646666303e-08,-2.114246910878137e-08,1],"scale":1.00000011920929,"type":"pole_fence1"}
{"pos":[-176.4445953369141,16.58019638061523,121.8951263427734],"rotationMatrix":[0.7158097624778748,-0.6982953548431396,-5.096870125953501e-08,0.6982953548431396,0.7158097624778748,-2.018516198631914e-08,5.057909646666303e-08,-2.114246910878137e-08,1],"scale":1.00000011920929,"type":"pole_fence1"}
{"pos":[-184.3153076171875,9.279575347900391,121.7075042724609],"rotationMatrix":[0.5582675933837891,-0.8296608924865723,-5.096869415410765e-08,0.8296608924865723,0.5582675933837891,-2.018516376267598e-08,4.520101271054955e-08,-3.101801127058934e-08,1],"scale":1.00000011920929,"type":"pole_fence1"}
{"pos":[-187.5087890625,7.577861785888672,121.7347259521484],"rotationMatrix":[0.2461550831794739,-0.9692304730415344,-5.096869415410765e-08,0.9692304730415344,0.2461550831794739,-2.018516553903282e-08,3.211027888028184e-08,-4.443173295953784e-08,1],"scale":1.00000011920929,"type":"pole_fence1"}
{"pos":[-181.3544921875,11.59083557128906,121.7622528076172],"rotationMatrix":[0.7158097624778748,-0.6982953548431396,-5.096870125953501e-08,0.6982953548431396,0.7158097624778748,-2.018516198631914e-08,5.057909646666303e-08,-2.114246910878137e-08,1],"scale":1.00000011920929,"type":"pole_fence1"}
{"pos":[-190.9048767089844,6.731189727783203,121.8615570068359],"rotationMatrix":[0.2461550831794739,-0.9692304730415344,-5.096869415410765e-08,0.9692304730415344,0.2461550831794739,-2.018516553903282e-08,3.211027888028184e-08,-4.443173295953784e-08,1],"scale":1.00000011920929,"type":"pole_fence1"}
{"pos":[-166.4855041503906,26.49497604370117,121.9401397705078],"rotationMatrix":[0.7103726863861084,-0.7038257718086243,-5.096886113165056e-08,0.7038257718086243,0.7103726863861084,-2.018497369249417e-08,5.041359329993611e-08,-2.15343440856941e-08,1],"scale":1.00000011920929,"type":"pole_fence1"}
{"pos":[-168.9597015380859,24.01943206787109,121.9936065673828],"rotationMatrix":[0.7103726863861084,-0.7038257718086243,-5.096886113165056e-08,0.7038257718086243,0.7103726863861084,-2.018497369249417e-08,5.041359329993611e-08,-2.15343440856941e-08,1],"scale":1.00000011920929,"type":"pole_fence1"}
{"pos":[-156.588623046875,36.39707946777344,121.8059844970703],"rotationMatrix":[0.7103726863861084,-0.7038257718086243,-5.096886113165056e-08,0.7038257718086243,0.7103726863861084,-2.018497369249417e-08,5.041359329993611e-08,-2.15343440856941e-08,1],"scale":1.00000011920929,"type":"pole_fence1"}
{"pos":[-159.0628814697266,33.92157745361328,121.8475494384766],"rotationMatrix":[0.7103726863861084,-0.7038257718086243,-5.096886113165056e-08,0.7038257718086243,0.7103726863861084,-2.018497369249417e-08,5.041359329993611e-08,-2.15343440856941e-08,1],"scale":1.00000011920929,"type":"pole_fence1"}
{"pos":[-164.0112609863281,28.97046279907227,121.9439544677734],"rotationMatrix":[0.7103726863861084,-0.7038257718086243,-5.096886113165056e-08,0.7038257718086243,0.7103726863861084,-2.018497369249417e-08,5.041359329993611e-08,-2.15343440856941e-08,1],"scale":1.00000011920929,"type":"pole_fence1"}
{"pos":[-161.5369567871094,31.44599723815918,121.9051055908203],"rotationMatrix":[0.7103726863861084,-0.7038257718086243,-5.096886113165056e-08,0.7038257718086243,0.7103726863861084,-2.018497369249417e-08,5.041359329993611e-08,-2.15343440856941e-08,1],"scale":1.00000011920929,"type":"pole_fence1"}
{"pos":[-154.1145629882813,38.8726806640625,121.8239288330078],"rotationMatrix":[0.7103726863861084,-0.7038257718086243,-5.096886113165056e-08,0.7038257718086243,0.7103726863861084,-2.018497369249417e-08,5.041359329993611e-08,-2.15343440856941e-08,1],"scale":1.00000011920929,"type":"pole_fence1"}
{"pos":[-168.9468231201172,23.99427032470703,121.9933319091797],"rotationMatrix":[0.7103726863861084,-0.7038257718086243,-5.096886113165056e-08,0.7038257718086243,0.7103726863861084,-2.018497369249417e-08,5.041359329993611e-08,-2.15343440856941e-08,1],"scale":1.00000011920929,"type":"pole_fence1"}
{"pos":[-126.8269577026367,66.91363525390625,122.9418182373047],"rotationMatrix":[0.7135369777679443,-0.7006175518035889,-5.099277444742256e-08,0.7006175518035889,0.7135369777679443,-2.020855127682353e-08,5.054369722756746e-08,-2.130688692147942e-08,1],"scale":1.00000011920929,"type":"pole_fence1"}
{"pos":[-107.0326995849609,89.16840362548828,124.6566009521484],"rotationMatrix":[0.9999838471412659,-0.005679251160472631,-5.099277444742256e-08,0.005679251160472631,0.9999838471412659,-2.020856015860772e-08,5.110672418595641e-08,1.991863385342185e-08,1],"scale":1.00000011920929,"type":"pole_fence1"}
{"pos":[-112.0619125366211,81.858642578125,123.6124572753906],"rotationMatrix":[0.7135369777679443,-0.7006175518035889,-5.099277444742256e-08,0.7006175518035889,0.7135369777679443,-2.020855127682353e-08,5.054369722756746e-08,-2.130688692147942e-08,1],"scale":1.00000011920929,"type":"pole_fence1"}
{"pos":[-107.2464294433594,86.84698486328125,124.6828994750977],"rotationMatrix":[0.7135369777679443,-0.7006175518035889,-5.099277444742256e-08,0.7006175518035889,0.7135369777679443,-2.020855127682353e-08,5.054369722756746e-08,-2.130688692147942e-08,1],"scale":1.00000011920929,"type":"pole_fence1"}
{"pos":[-119.450813293457,74.39862060546875,123.2737426757813],"rotationMatrix":[0.7135369777679443,-0.7006175518035889,-5.099277444742256e-08,0.7006175518035889,0.7135369777679443,-2.020855127682353e-08,5.054369722756746e-08,-2.130688692147942e-08,1],"scale":1.00000011920929,"type":"pole_fence1"}
{"pos":[-121.9139099121094,71.91204833984375,123.1599349975586],"rotationMatrix":[0.7135369777679443,-0.7006175518035889,-5.099277444742256e-08,0.7006175518035889,0.7135369777679443,-2.020855127682353e-08,5.054369722756746e-08,-2.130688692147942e-08,1],"scale":1.00000011920929,"type":"pole_fence1"}
{"pos":[-116.9878921508789,76.8853759765625,123.3871841430664],"rotationMatrix":[0.7135369777679443,-0.7006175518035889,-5.099277444742256e-08,0.7006175518035889,0.7135369777679443,-2.020855127682353e-08,5.054369722756746e-08,-2.130688692147942e-08,1],"scale":1.00000011920929,"type":"pole_fence1"}
{"pos":[-114.5248336791992,79.3719482421875,123.5002059936523],"rotationMatrix":[0.7135369777679443,-0.7006175518035889,-5.099277444742256e-08,0.7006175518035889,0.7135369777679443,-2.020855127682353e-08,5.054369722756746e-08,-2.130688692147942e-08,1],"scale":1.00000011920929,"type":"pole_fence1"}
{"pos":[-126.839973449707,66.938720703125,122.9318008422852],"rotationMatrix":[0.7135369777679443,-0.7006175518035889,-5.099277444742256e-08,0.7006175518035889,0.7135369777679443,-2.020855127682353e-08,5.054369722756746e-08,-2.130688692147942e-08,1],"scale":1.00000011920929,"type":"pole_fence1"}
{"pos":[-124.3769836425781,69.42535400390625,123.0458984375],"rotationMatrix":[0.7135369777679443,-0.7006175518035889,-5.099277444742256e-08,0.7006175518035889,0.7135369777679443,-2.020855127682353e-08,5.054369722756746e-08,-2.130688692147942e-08,1],"scale":1.00000011920929,"type":"pole_fence1"}
{"pos":[-148.953369140625,44.431640625,121.964599609375],"rotationMatrix":[0.7189490795135498,-0.6950627565383911,-5.099277800013624e-08,0.6950627565383911,0.7189490795135498,-2.020855127682353e-08,5.070742403745498e-08,-2.091426232198046e-08,1],"scale":1.00000011920929,"type":"pole_fence1"}
{"pos":[-139.1786499023438,54.454345703125,122.3688583374023],"rotationMatrix":[0.7189490795135498,-0.6950627565383911,-5.099277800013624e-08,0.6950627565383911,0.7189490795135498,-2.020855127682353e-08,5.070742403745498e-08,-2.091426232198046e-08,1],"scale":1.00000011920929,"type":"pole_fence1"}
{"pos":[-141.6223754882813,51.94873046875,122.2666244506836],"rotationMatrix":[0.7189490795135498,-0.6950627565383911,-5.099277800013624e-08,0.6950627565383911,0.7189490795135498,-2.020855127682353e-08,5.070742403745498e-08,-2.091426232198046e-08,1],"scale":1.00000011920929,"type":"pole_fence1"}
{"pos":[-146.5096740722656,46.937255859375,122.0643081665039],"rotationMatrix":[0.7189490795135498,-0.6950627565383911,-5.099277800013624e-08,0.6950627565383911,0.7189490795135498,-2.020855127682353e-08,5.070742403745498e-08,-2.091426232198046e-08,1],"scale":1.00000011920929,"type":"pole_fence1"}
{"pos":[-144.0658874511719,49.4429931640625,122.1650924682617],"rotationMatrix":[0.7189490795135498,-0.6950627565383911,-5.099277800013624e-08,0.6950627565383911,0.7189490795135498,-2.020855127682353e-08,5.070742403745498e-08,-2.091426232198046e-08,1],"scale":1.00000011920929,"type":"pole_fence1"}
{"pos":[-134.2912902832031,59.46575927734375,122.5746765136719],"rotationMatrix":[0.7189490795135498,-0.6950627565383911,-5.099277800013624e-08,0.6950627565383911,0.7189490795135498,-2.020855127682353e-08,5.070742403745498e-08,-2.091426232198046e-08,1],"scale":1.00000011920929,"type":"pole_fence1"}
{"pos":[-136.735107421875,56.9600830078125,122.4715270996094],"rotationMatrix":[0.7189490795135498,-0.6950627565383911,-5.099277800013624e-08,0.6950627565383911,0.7189490795135498,-2.020855127682353e-08,5.070742403745498e-08,-2.091426232198046e-08,1],"scale":1.00000011920929,"type":"pole_fence1"}
{"pos":[-131.8476257324219,61.97137451171875,122.6781158447266],"rotationMatrix":[0.7189490795135498,-0.6950627565383911,-5.099277800013624e-08,0.6950627565383911,0.7189490795135498,-2.020855127682353e-08,5.070742403745498e-08,-2.091426232198046e-08,1],"scale":1.00000011920929,"type":"pole_fence1"}
{"pos":[-129.4040679931641,64.4771728515625,122.7817001342773],"rotationMatrix":[0.7189490795135498,-0.6950627565383911,-5.099277800013624e-08,0.6950627565383911,0.7189490795135498,-2.020855127682353e-08,5.070742403745498e-08,-2.091426232198046e-08,1],"scale":1.00000011920929,"type":"pole_fence1"}
{"pos":[-193.0409393310547,7.226306915283203,121.9630889892578],"rotationMatrix":[-0.6967806816101074,-0.7172843217849731,-5.099278865827728e-08,0.7172843217849731,-0.6967806816101074,-2.020855305318037e-08,-2.103550933441056e-08,-5.065725616759664e-08,1],"scale":1.00000011920929,"type":"pole_fence1"}
{"pos":[-193.0659942626953,7.213169097900391,121.9640350341797],"rotationMatrix":[-0.6967806816101074,-0.7172843217849731,-5.099278865827728e-08,0.7172843217849731,-0.6967806816101074,-2.020855305318037e-08,-2.103550933441056e-08,-5.065725616759664e-08,1],"scale":1.00000011920929,"type":"pole_fence1"}
{"pos":[-218.5417175292969,31.19661903381348,122.0560150146484],"rotationMatrix":[-0.6837891340255737,-0.7296797633171082,-5.119085244587041e-08,0.7296797633171082,-0.6837891340255737,-2.03884749083727e-08,-2.012668964823661e-08,-5.129434299533386e-08,1],"scale":1.00000011920929,"type":"pole_fence1"}
{"pos":[-195.6261749267578,9.570884704589844,122.0359344482422],"rotationMatrix":[-0.6837891340255737,-0.7296797633171082,-5.119085244587041e-08,0.7296797633171082,-0.6837891340255737,-2.03884749083727e-08,-2.012668964823661e-08,-5.129434299533386e-08,1],"scale":1.00000011920929,"type":"pole_fence1"}
{"pos":[-198.1696166992188,11.97522735595703,122.0460052490234],"rotationMatrix":[-0.6837891340255737,-0.7296797633171082,-5.119085244587041e-08,0.7296797633171082,-0.6837891340255737,-2.03884749083727e-08,-2.012668964823661e-08,-5.129434299533386e-08,1],"scale":1.00000011920929,"type":"pole_fence1"}
{"pos":[-203.2564239501953,16.78409576416016,122.0518341064453],"rotationMatrix":[-0.6837891340255737,-0.7296797633171082,-5.119085244587041e-08,0.7296797633171082,-0.6837891340255737,-2.03884749083727e-08,-2.012668964823661e-08,-5.129434299533386e-08,1],"scale":1.00000011920929,"type":"pole_fence1"}
{"pos":[-200.7129516601563,14.37957000732422,122.0511322021484],"rotationMatrix":[-0.6837891340255737,-0.7296797633171082,-5.119085244587041e-08,0.7296797633171082,-0.6837891340255737,-2.03884749083727e-08,-2.012668964823661e-08,-5.129434299533386e-08,1],"scale":1.00000011920929,"type":"pole_fence1"}
{"pos":[-210.88671875,23.99698638916016,122.0532379150391],"rotationMatrix":[-0.6837891340255737,-0.7296797633171082,-5.119085244587041e-08,0.7296797633171082,-0.6837891340255737,-2.03884749083727e-08,-2.012668964823661e-08,-5.129434299533386e-08,1],"scale":1.00000011920929,"type":"pole_fence1"}
{"pos":[-213.4301147460938,26.40148544311523,122.0518341064453],"rotationMatrix":[-0.6837891340255737,-0.7296797633171082,-5.119085244587041e-08,0.7296797633171082,-0.6837891340255737,-2.03884749083727e-08,-2.012668964823661e-08,-5.129434299533386e-08,1],"scale":1.00000011920929,"type":"pole_fence1"}
{"pos":[-208.34326171875,21.5927619934082,122.0518341064453],"rotationMatrix":[-0.6837891340255737,-0.7296797633171082,-5.119085244587041e-08,0.7296797633171082,-0.6837891340255737,-2.03884749083727e-08,-2.012668964823661e-08,-5.129434299533386e-08,1],"scale":1.00000011920929,"type":"pole_fence1"}
{"pos":[-205.7998352050781,19.18832778930664,122.0518341064453],"rotationMatrix":[-0.6837891340255737,-0.7296797633171082,-5.119085244587041e-08,0.7296797633171082,-0.6837891340255737,-2.03884749083727e-08,-2.012668964823661e-08,-5.129434299533386e-08,1],"scale":1.00000011920929,"type":"pole_fence1"}
{"pos":[-218.5169067382813,31.2102165222168,122.0560760498047],"rotationMatrix":[-0.6837891340255737,-0.7296797633171082,-5.119085244587041e-08,0.7296797633171082,-0.6837891340255737,-2.03884749083727e-08,-2.012668964823661e-08,-5.129434299533386e-08,1],"scale":1.00000011920929,"type":"pole_fence1"}
{"pos":[-215.9734802246094,28.80586624145508,122.0518341064453],"rotationMatrix":[-0.6837891340255737,-0.7296797633171082,-5.119085244587041e-08,0.7296797633171082,-0.6837891340255737,-2.03884749083727e-08,-2.012668964823661e-08,-5.129434299533386e-08,1],"scale":1.00000011920929,"type":"pole_fence1"}
{"pos":[-231.5774230957031,42.72670745849609,121.6863250732422],"rotationMatrix":[-0.6716988086700439,-0.7408244609832764,-5.128293878442491e-08,0.7408244609832764,-0.6716988086700439,-2.046927960464018e-08,-1.928254000915786e-08,-5.174084094505815e-08,1],"scale":1.00000011920929,"type":"pole_fence1"}
{"pos":[-234.1600036621094,45.0889892578125,121.6614227294922],"rotationMatrix":[-0.6716988086700439,-0.7408244609832764,-5.128293878442491e-08,0.7408244609832764,-0.6716988086700439,-2.046927960464018e-08,-1.928254000915786e-08,-5.174084094505815e-08,1],"scale":1.00000011920929,"type":"pole_fence1"}
{"pos":[-236.74267578125,47.45108795166016,121.6618194580078],"rotationMatrix":[-0.6716988086700439,-0.7408244609832764,-5.128293878442491e-08,0.7408244609832764,-0.6716988086700439,-2.046927960464018e-08,-1.928254000915786e-08,-5.174084094505815e-08,1],"scale":1.00000011920929,"type":"pole_fence1"}
{"pos":[-226.4121551513672,38.00223922729492,121.7606048583984],"rotationMatrix":[-0.6716988086700439,-0.7408244609832764,-5.128293878442491e-08,0.7408244609832764,-0.6716988086700439,-2.046927960464018e-08,-1.928254000915786e-08,-5.174084094505815e-08,1],"scale":1.00000011920929,"type":"pole_fence1"}
{"pos":[-228.9948120117188,40.36461639404297,121.7289276123047],"rotationMatrix":[-0.6716988086700439,-0.7408244609832764,-5.128293878442491e-08,0.7408244609832764,-0.6716988086700439,-2.046927960464018e-08,-1.928254000915786e-08,-5.174084094505815e-08,1],"scale":1.00000011920929,"type":"pole_fence1"}
{"pos":[-223.8296356201172,35.64003753662109,121.8674468994141],"rotationMatrix":[-0.6716988086700439,-0.7408244609832764,-5.128293878442491e-08,0.7408244609832764,-0.6716988086700439,-2.046927960464018e-08,-1.928254000915786e-08,-5.174084094505815e-08,1],"scale":1.00000011920929,"type":"pole_fence1"}
{"pos":[-221.2469940185547,33.27783966064453,122.0333404541016],"rotationMatrix":[-0.6716988086700439,-0.7408244609832764,-5.128293878442491e-08,0.7408244609832764,-0.6716988086700439,-2.046927960464018e-08,-1.928254000915786e-08,-5.174084094505815e-08,1],"scale":1.00000011920929,"type":"pole_fence1"}
{"pos":[-225.0004577636719,61.33154296875,121.6931304931641],"rotationMatrix":[-0.7570345401763916,0.653374969959259,-5.128292812628388e-08,-0.653374969959259,-0.7570345401763916,-2.046927782828334e-08,-5.219705556669396e-08,1.801103088894251e-08,1],"scale":1.00000011920929,"type":"pole_fence1"}
{"pos":[-227.2987670898438,58.69189071655273,121.6814422607422],"rotationMatrix":[-0.7570345401763916,0.653374969959259,-5.128292812628388e-08,-0.653374969959259,-0.7570345401763916,-2.046927782828334e-08,-5.219705556669396e-08,1.801103088894251e-08,1],"scale":1.00000011920929,"type":"pole_fence1"}
{"pos":[-231.8955993652344,53.41268920898438,121.6566009521484],"rotationMatrix":[-0.7570345401763916,0.653374969959259,-5.128292812628388e-08,-0.653374969959259,-0.7570345401763916,-2.046927782828334e-08,-5.219705556669396e-08,1.801103088894251e-08,1],"scale":1.00000011920929,"type":"pole_fence1"}
{"pos":[-229.5971069335938,56.05236053466797,121.6766510009766],"rotationMatrix":[-0.7570345401763916,0.653374969959259,-5.128292812628388e-08,-0.653374969959259,-0.7570345401763916,-2.046927782828334e-08,-5.219705556669396e-08,1.801103088894251e-08,1],"scale":1.00000011920929,"type":"pole_fence1"}
{"pos":[-236.7592163085938,47.46008682250977,121.6620941162109],"rotationMatrix":[-0.7570345401763916,0.653374969959259,-5.128292812628388e-08,-0.653374969959259,-0.7570345401763916,-2.046927782828334e-08,-5.219705556669396e-08,1.801103088894251e-08,1],"scale":1.00000011920929,"type":"pole_fence1"}
{"pos":[-234.1938018798828,50.77304458618164,121.6613006591797],"rotationMatrix":[-0.7570345401763916,0.653374969959259,-5.128292812628388e-08,-0.653374969959259,-0.7570345401763916,-2.046927782828334e-08,-5.219705556669396e-08,1.801103088894251e-08,1],"scale":1.00000011920929,"type":"pole_fence1"}
{"pos":[-220.6588592529297,66.71285247802734,121.6093902587891],"rotationMatrix":[-0.746188759803772,0.6657343506813049,-5.119084534044305e-08,-0.6657343506813049,-0.746188759803772,-2.038847135565902e-08,-5.177134454470433e-08,1.886585643262606e-08,1],"scale":1.00000011920929,"type":"pole_fence1"}
{"pos":[-223.000244140625,64.11137390136719,121.7021942138672],"rotationMatrix":[-0.746188759803772,0.6657343506813049,-5.119084534044305e-08,-0.6657343506813049,-0.746188759803772,-2.038847135565902e-08,-5.177134454470433e-08,1.886585643262606e-08,1],"scale":1.00000011920929,"type":"pole_fence1"}
{"pos":[-211.2930450439453,77.11871337890625,121.6957550048828],"rotationMatrix":[-0.746188759803772,0.6657343506813049,-5.119084534044305e-08,-0.6657343506813049,-0.746188759803772,-2.038847135565902e-08,-5.177134454470433e-08,1.886585643262606e-08,1],"scale":1.00000011920929,"type":"pole_fence1"}
{"pos":[-213.6345520019531,74.51726531982422,121.6752166748047],"rotationMatrix":[-0.746188759803772,0.6657343506813049,-5.119084534044305e-08,-0.6657343506813049,-0.746188759803772,-2.038847135565902e-08,-5.177134454470433e-08,1.886585643262606e-08,1],"scale":1.00000011920929,"type":"pole_fence1"}
{"pos":[-218.3173828125,69.31427764892578,121.6800689697266],"rotationMatrix":[-0.746188759803772,0.6657343506813049,-5.119084534044305e-08,-0.6657343506813049,-0.746188759803772,-2.038847135565902e-08,-5.177134454470433e-08,1.886585643262606e-08,1],"scale":1.00000011920929,"type":"pole_fence1"}
{"pos":[-215.9758453369141,71.91574096679688,121.7263641357422],"rotationMatrix":[-0.746188759803772,0.6657343506813049,-5.119084534044305e-08,-0.6657343506813049,-0.746188759803772,-2.038847135565902e-08,-5.177134454470433e-08,1.886585643262606e-08,1],"scale":1.00000011920929,"type":"pole_fence1"}
{"pos":[-206.6101684570313,82.32171630859375,121.8134307861328],"rotationMatrix":[-0.746188759803772,0.6657343506813049,-5.119084534044305e-08,-0.6657343506813049,-0.746188759803772,-2.038847135565902e-08,-5.177134454470433e-08,1.886585643262606e-08,1],"scale":1.00000011920929,"type":"pole_fence1"}
{"pos":[-208.9517669677734,79.72022247314453,121.6972503662109],"rotationMatrix":[-0.746188759803772,0.6657343506813049,-5.119084534044305e-08,-0.6657343506813049,-0.746188759803772,-2.038847135565902e-08,-5.177134454470433e-08,1.886585643262606e-08,1],"scale":1.00000011920929,"type":"pole_fence1"}
{"pos":[-204.2687377929688,84.92312622070313,121.8358612060547],"rotationMatrix":[-0.746188759803772,0.6657343506813049,-5.119084534044305e-08,-0.6657343506813049,-0.746188759803772,-2.038847135565902e-08,-5.177134454470433e-08,1.886585643262606e-08,1],"scale":1.00000011920929,"type":"pole_fence1"}
{"pos":[-201.9273529052734,87.52462005615234,121.7215728759766],"rotationMatrix":[-0.746188759803772,0.6657343506813049,-5.119084534044305e-08,-0.6657343506813049,-0.746188759803772,-2.038847135565902e-08,-5.177134454470433e-08,1.886585643262606e-08,1],"scale":1.00000011920929,"type":"pole_fence1"}
{"pos":[-222.9860229492188,64.08692169189453,121.7020416259766],"rotationMatrix":[-0.746188759803772,0.6657343506813049,-5.119084534044305e-08,-0.6657343506813049,-0.746188759803772,-2.038847135565902e-08,-5.177134454470433e-08,1.886585643262606e-08,1],"scale":1.00000011920929,"type":"pole_fence1"}
{"pos":[-178.1568298339844,113.1975250244141,121.6808319091797],"rotationMatrix":[-0.7341146469116211,0.679025411605835,-5.099277800013624e-08,-0.679025411605835,-0.7341146469116211,-2.020855127682353e-08,-5.115667178756667e-08,1.978999897289668e-08,1],"scale":1.00000011920929,"type":"pole_fence1"}
{"pos":[-180.5445404052734,110.6384735107422,121.6918182373047],"rotationMatrix":[-0.7341146469116211,0.679025411605835,-5.099277800013624e-08,-0.679025411605835,-0.7341146469116211,-2.020855127682353e-08,-5.115667178756667e-08,1.978999897289668e-08,1],"scale":1.00000011920929,"type":"pole_fence1"}
{"pos":[-185.3202667236328,105.5205001831055,121.7009735107422],"rotationMatrix":[-0.7341146469116211,0.679025411605835,-5.099277800013624e-08,-0.679025411605835,-0.7341146469116211,-2.020855127682353e-08,-5.115667178756667e-08,1.978999897289668e-08,1],"scale":1.00000011920929,"type":"pole_fence1"}
{"pos":[-182.9323425292969,108.0795211791992,121.7014923095703],"rotationMatrix":[-0.7341146469116211,0.679025411605835,-5.099277800013624e-08,-0.679025411605835,-0.7341146469116211,-2.020855127682353e-08,-5.115667178756667e-08,1.978999897289668e-08,1],"scale":1.00000011920929,"type":"pole_fence1"}
{"pos":[-192.4833221435547,97.84342956542969,121.6719207763672],"rotationMatrix":[-0.7341146469116211,0.679025411605835,-5.099277800013624e-08,-0.679025411605835,-0.7341146469116211,-2.020855127682353e-08,-5.115667178756667e-08,1.978999897289668e-08,1],"scale":1.00000011920929,"type":"pole_fence1"}
{"pos":[-194.8712005615234,95.284423828125,121.6696014404297],"rotationMatrix":[-0.7341146469116211,0.679025411605835,-5.099277800013624e-08,-0.679025411605835,-0.7341146469116211,-2.020855127682353e-08,-5.115667178756667e-08,1.978999897289668e-08,1],"scale":1.00000011920929,"type":"pole_fence1"}
{"pos":[-190.0956878662109,100.402473449707,121.6053619384766],"rotationMatrix":[-0.7341146469116211,0.679025411605835,-5.099277800013624e-08,-0.679025411605835,-0.7341146469116211,-2.020855127682353e-08,-5.115667178756667e-08,1.978999897289668e-08,1],"scale":1.00000011920929,"type":"pole_fence1"}
{"pos":[-187.7078552246094,102.9614410400391,121.6920928955078],"rotationMatrix":[-0.7341146469116211,0.679025411605835,-5.099277800013624e-08,-0.679025411605835,-0.7341146469116211,-2.020855127682353e-08,-5.115667178756667e-08,1.978999897289668e-08,1],"scale":1.00000011920929,"type":"pole_fence1"}
{"pos":[-197.2589721679688,92.72544097900391,121.6513519287109],"rotationMatrix":[-0.7341146469116211,0.679025411605835,-5.099277800013624e-08,-0.679025411605835,-0.7341146469116211,-2.020855127682353e-08,-5.115667178756667e-08,1.978999897289668e-08,1],"scale":1.00000011920929,"type":"pole_fence1"}
{"pos":[-173.240234375,118.255485534668,121.6833953857422],"rotationMatrix":[-0.7288267612457275,0.684698224067688,-5.099277089470888e-08,-0.684698224067688,-0.7288267612457275,-2.020854772410985e-08,-5.100165267890588e-08,2.018613010079662e-08,1],"scale":1.00000011920929,"type":"pole_fence1"}
{"pos":[-175.6477661132813,115.7150726318359,121.6529998779297],"rotationMatrix":[-0.7288267612457275,0.684698224067688,-5.099277089470888e-08,-0.684698224067688,-0.7288267612457275,-2.020854772410985e-08,-5.100165267890588e-08,2.018613010079662e-08,1],"scale":1.00000011920929,"type":"pole_fence1"}
{"pos":[-163.6100158691406,128.4171142578125,121.7010040283203],"rotationMatrix":[-0.7288267612457275,0.684698224067688,-5.099277089470888e-08,-0.684698224067688,-0.7288267612457275,-2.020854772410985e-08,-5.100165267890588e-08,2.018613010079662e-08,1],"scale":1.00000011920929,"type":"pole_fence1"}
{"pos":[-166.0176086425781,125.8767395019531,121.7069244384766],"rotationMatrix":[-0.7288267612457275,0.684698224067688,-5.099277089470888e-08,-0.684698224067688,-0.7288267612457275,-2.020854772410985e-08,-5.100165267890588e-08,2.018613010079662e-08,1],"scale":1.00000011920929,"type":"pole_fence1"}
{"pos":[-170.8326721191406,120.7958602905273,121.7872161865234],"rotationMatrix":[-0.7288267612457275,0.684698224067688,-5.099277089470888e-08,-0.684698224067688,-0.7288267612457275,-2.020854772410985e-08,-5.100165267890588e-08,2.018613010079662e-08,1],"scale":1.00000011920929,"type":"pole_fence1"}
{"pos":[-168.4250030517578,123.3362884521484,121.7171173095703],"rotationMatrix":[-0.7288267612457275,0.684698224067688,-5.099277089470888e-08,-0.684698224067688,-0.7288267612457275,-2.020854772410985e-08,-5.100165267890588e-08,2.018613010079662e-08,1],"scale":1.00000011920929,"type":"pole_fence1"}
{"pos":[-158.794921875,133.4980163574219,121.6927337646484],"rotationMatrix":[-0.7288267612457275,0.684698224067688,-5.099277089470888e-08,-0.684698224067688,-0.7288267612457275,-2.020854772410985e-08,-5.100165267890588e-08,2.018613010079662e-08,1],"scale":1.00000011920929,"type":"pole_fence1"}
{"pos":[-161.2025909423828,130.9575653076172,121.6899261474609],"rotationMatrix":[-0.7288267612457275,0.684698224067688,-5.099277089470888e-08,-0.684698224067688,-0.7288267612457275,-2.020854772410985e-08,-5.100165267890588e-08,2.018613010079662e-08,1],"scale":1.00000011920929,"type":"pole_fence1"}
{"pos":[-154.0350799560547,138.5400238037109,121.5372772216797],"rotationMatrix":[-0.7288267612457275,0.684698224067688,-5.099277089470888e-08,-0.684698224067688,-0.7288267612457275,-2.020854772410985e-08,-5.100165267890588e-08,2.018613010079662e-08,1],"scale":1.00000011920929,"type":"pole_fence1"}
{"pos":[-175.6341705322266,115.6902542114258,121.6573944091797],"rotationMatrix":[-0.7288267612457275,0.684698224067688,-5.099277089470888e-08,-0.684698224067688,-0.7288267612457275,-2.020854772410985e-08,-5.100165267890588e-08,2.018613010079662e-08,1],"scale":1.00000011920929,"type":"pole_fence1"}
{"pos":[484.3441772460938,-332.26513671875,151.0081024169922],"rotationMatrix":[0.03589457273483276,-0.999354362487793,-0.001574122346937656,0.9990357160568237,0.03592288494110107,-0.02524368837475777,0.02528393641114235,-0.0006664926186203957,0.9996801018714905],"scale":0.9999998807907104,"type":"pole_fence1"}
{"pos":[487.3693237304688,-332.26513671875,151.0623626708984],"rotationMatrix":[0.03587174415588379,-0.9987182021141052,-0.03570928797125816,0.9990654587745667,0.03670048713684082,-0.02282955124974251,0.0241108350455761,-0.03485698252916336,0.9991014003753662],"scale":0.9999998807907104,"type":"pole_fence1"}
{"pos":[490.3943481445313,-332.26513671875,151.1393127441406],"rotationMatrix":[0.03583890199661255,-0.9978064298629761,-0.05565942823886871,0.9991142749786377,0.03454554080963135,0.02402807958424091,-0.02205258794128895,-0.05647126585245132,0.9981606602668762],"scale":0.9999998807907104,"type":"pole_fence1"}
{"pos":[493.4193725585938,-332.26513671875,151.2422332763672],"rotationMatrix":[0.03584784269332886,-0.9980558156967163,-0.05098464712500572,0.9993482828140259,0.03601711988449097,-0.002404617145657539,0.004236262291669846,-0.05086521804332733,0.9986965656280518],"scale":0.9999998807907104,"type":"pole_fence1"}
{"pos":[496.4443969726563,-332.26513671875,151.2528839111328],"rotationMatrix":[0.03580760955810547,-0.9969322681427002,0.06959741562604904,0.9991565942764282,0.0371137261390686,0.01756513118743896,-0.02009426616132259,0.06890975683927536,0.9974204897880554],"scale":0.9999998807907104,"type":"pole_fence1"}
{"pos":[499.4695434570313,-332.26513671875,151.2461242675781],"rotationMatrix":[0.03581809997558594,-0.997226893901825,-0.06523445248603821,0.9989171624183655,0.03766536712646484,-0.02731057815253735,0.02969192154705524,-0.06418559700250626,0.9974961876869202],"scale":0.9999998807907104,"type":"pole_fence1"}
{"pos":[502.4945373535156,-332.26513671875,151.1969757080078],"rotationMatrix":[0.03587961196899414,-0.9989399909973145,-0.02883728593587875,0.9993467330932617,0.03573936223983765,0.005366215482354164,-0.00432990025728941,-0.02901098690927029,0.9995697140693665],"scale":0.9999998807907104,"type":"pole_fence1"}
{"pos":[505.5197143554688,-332.26513671875,151.1732330322266],"rotationMatrix":[0.03588998317718506,-0.9992265105247498,0.01607026904821396,0.9992989897727966,0.03605473041534424,0.01008143834769726,-0.01065304968506098,0.01569717936217785,0.9998200535774231],"scale":0.9999998807907104,"type":"pole_fence1"}
{"pos":[508.5447082519531,-332.26513671875,151.2291412353516],"rotationMatrix":[0.03587138652801514,-0.9987092018127441,-0.03596041351556778,0.9983783960342407,0.03740465641021729,-0.04291273280978203,0.04420243203639984,-0.03436275944113731,0.9984314441680908],"scale":0.9999998807907104,"type":"pole_fence1"}
{"pos":[511.5697326660156,-332.26513671875,151.3308563232422],"rotationMatrix":[0.03587698936462402,-0.9988651871681213,0.03132238984107971,0.9991005063056946,0.03655916452407837,0.02148479595780373,-0.0226055346429348,0.03052340820431709,0.9992783665657043],"scale":0.9999998807907104,"type":"pole_fence1"}
{"pos":[514.5948486328125,-332.26513671875,151.3300018310547],"rotationMatrix":[0.03580844402313232,-0.9969574809074402,-0.06923510879278183,0.9992565512657166,0.0347285270690918,0.01673958264291286,-0.01428422145545483,-0.069783054292202,0.997459888458252],"scale":0.9999998807907104,"type":"pole_fence1"}
{"pos":[517.6197509765625,-332.26513671875,151.4031372070313],"rotationMatrix":[0.03587585687637329,-0.9988335967063904,-0.03231624141335487,0.9989625811576843,0.03675055503845215,-0.02689216285943985,0.02804843708872795,-0.03131793811917305,0.9991158246994019],"scale":0.9999998807907104,"type":"pole_fence1"}
{"pos":[520.644775390625,-332.26513671875,151.6274261474609],"rotationMatrix":[0.03582227230072021,-0.9973416328430176,0.06345477700233459,0.9990943670272827,0.03719949722290039,0.02065659686923027,-0.02296217158436775,0.06265734136104584,0.9977709054946899],"scale":0.9999998807907104,"type":"pole_fence1"}
{"pos":[523.6697998046875,-332.26513671875,151.9548797607422],"rotationMatrix":[0.03589046001434326,-0.9992402791976929,0.01518957689404488,0.9993196725845337,0.03601419925689697,0.007952549494802952,-0.008493548259139061,0.01489382144063711,0.9998530149459839],"scale":0.9999998807907104,"type":"pole_fence1"}
{"pos":[526.6949462890625,-332.26513671875,152.2108306884766],"rotationMatrix":[0.03586286306381226,-0.9984745979309082,-0.04197968170046806,0.99885094165802,0.03714936971664429,-0.03027722425758839,0.03179055824875832,-0.04084561765193939,0.998659610748291],"scale":0.9999998807907104,"type":"pole_fence1"}
{"pos":[529.7200927734375,-332.26513671875,152.3779296875],"rotationMatrix":[0.0358588695526123,-0.9983602166175842,0.04462134465575218,0.9992578625679016,0.03519117832183838,-0.01566115394234657,0.01406519394367933,0.04514982178807259,0.9988812208175659],"scale":0.9999998807907104,"type":"pole_fence1"}
{"pos":[532.7452392578125,-332.26513671875,152.4098052978516],"rotationMatrix":[0.03583329916000366,-0.9976500868797302,-0.05839774757623672,0.9988027215003967,0.03380477428436279,0.0353613942861557,-0.03330417722463608,-0.05959494411945343,0.9976668953895569],"scale":0.9999998807907104,"type":"pole_fence1"}
