{"pos":[-676.1749877929688,-235.5220031738281,102.4309997558594],"rotationMatrix":[0.9407279491424561,0.339146763086319,-0.003225745167583227,-0.3385855853557587,0.9385321140289307,-0.06721065193414688,-0.01976680941879749,0.06431913375854492,0.9977335929870605],"scale":1,"type":"powerpole4"}
{"pos":[-702.5180053710938,-255.2209930419922,101.3600006103516],"rotationMatrix":[0.597257137298584,0.8007356524467468,-0.04589450359344482,-0.8017088174819946,0.5943566560745239,-0.06327012926340103,-0.0233849436044693,0.07458256185054779,0.9969406127929688],"scale":1,"type":"powerpole4"}
{"pos":[-712.72900390625,-283.5870056152344,100.0370025634766],"rotationMatrix":[0.4220507144927979,0.9038172364234924,-0.07062309980392456,-0.9055343866348267,0.4240128993988037,0.01484953239560127,0.04336636886000633,0.05768439173698425,0.9973925352096558],"scale":1,"type":"powerpole4"}
{"pos":[-742.06298828125,-305.5390014648438,102.2429962158203],"rotationMatrix":[0.8966977596282959,0.4378676414489746,-0.0648464635014534,-0.4403127133846283,0.8973664045333862,-0.02929578348994255,0.04536336287856102,0.05482218787074089,0.9974651336669922],"scale":1,"type":"powerpole4"}
{"pos":[-902.5419921875,-78.95659637451172,112.2310028076172],"rotationMatrix":[0.3063730001449585,0.9516204595565796,0.02353979088366032,-0.9518199563026428,0.3059067726135254,0.02144420146942139,0.01320575829595327,-0.02897556498646736,0.999492883682251],"scale":1,"type":"powerpole4"}
{"pos":[-875.9349975585938,-35.39699935913086,117.088996887207],"rotationMatrix":[0.6354087591171265,0.7704234719276428,-0.05199390649795532,-0.7708028554916382,0.6368530988693237,0.01676523312926292,0.04602881148457527,0.0294242762029171,0.9985066652297974],"scale":1,"type":"powerpole4"}
{"pos":[-975.7319946289063,-210.1880035400391,103.1729965209961],"rotationMatrix":[0.3938992023468018,0.9188995957374573,-0.02160863764584064,-0.9190551042556763,0.394092321395874,0.005377354566007853,0.01345704682171345,0.01774139329791069,0.9997520446777344],"scale":1,"type":"powerpole4"}
{"pos":[-944.3690185546875,-170.5800018310547,102.4290008544922],"rotationMatrix":[0.5753087997436523,0.8178476095199585,0.01204542256891727,-0.817935049533844,0.5752201080322266,0.01019998453557491,0.001413263962604105,-0.01572051458060741,0.9998754262924194],"scale":1,"type":"powerpole4"}
{"pos":[-920.281005859375,-126.4459991455078,104.2149963378906],"rotationMatrix":[0.3531581163406372,0.9351745247840881,-0.02698101103305817,-0.9350640177726746,0.3518803119659424,-0.04284303262829781,-0.03057162649929523,0.04035933688282967,0.9987174272537231],"scale":1,"type":"powerpole4"}
{"pos":[-772.7260131835938,-324.260009765625,102.2990036010742],"rotationMatrix":[0.7493530511856079,0.6565839648246765,0.08583402633666992,-0.6592701077461243,0.751895546913147,0.00400183442980051,-0.06191068515181541,-0.05958659574389458,0.9963014125823975],"scale":1,"type":"powerpole4"}
{"pos":[-780.4840087890625,-353.3659973144531,100.3259963989258],"rotationMatrix":[-0.6181472539901733,-0.7816988229751587,-0.08270985633134842,0.786050021648407,-0.6141177415847778,-0.07060281187295914,0.004396540578454733,-0.1086570173501968,0.9940695762634277],"scale":1,"type":"powerpole4"}
{"pos":[-805.9019775390625,-379.2640075683594,100.7389984130859],"rotationMatrix":[-0.619754433631897,-0.7839146852493286,-0.0371774397790432,0.7847278118133545,-0.6196285486221313,-0.0162088219076395,-0.01032986957579851,-0.03921966254711151,0.9991772174835205],"scale":1,"type":"powerpole4"}
{"pos":[-829.7000122070313,-410.3670043945313,100.0370025634766],"rotationMatrix":[-0.9066358804702759,-0.4219124913215637,-0.001110394368879497,0.4218026399612427,-0.9063330888748169,-0.02535488642752171,0.009691156446933746,-0.0234560165554285,0.9996778964996338],"scale":1,"type":"powerpole4"}
{"pos":[-965.6329956054688,-359.1730041503906,101.9820022583008],"rotationMatrix":[-0.5359377861022949,0.8433920741081238,-0.03821684420108795,-0.843959629535675,-0.5364018678665161,-0.002282473724335432,-0.02242460660636425,0.03103020787239075,0.9992668628692627],"scale":1,"type":"powerpole4"}
{"pos":[-989.343994140625,-308.3829956054688,101.7480010986328],"rotationMatrix":[-0.1052274703979492,0.9930782318115234,0.05218092352151871,-0.994181215763092,-0.1062700748443604,0.01761796697974205,0.02304128929972649,-0.050023403018713,0.9984822273254395],"scale":1,"type":"powerpole4"}
{"pos":[-991.4459838867188,-258.1050109863281,101.6139984130859],"rotationMatrix":[0.2212729454040527,0.9739802479743958,-0.04899755492806435,-0.9750824570655823,0.220145583152771,-0.02738754823803902,-0.01588833518326283,0.05383678153157234,0.9984233379364014],"scale":1,"type":"powerpole4"}
{"pos":[-876.1790161132813,-432.3259887695313,96.77749633789063],"rotationMatrix":[-0.9970844984054565,-0.07143209874629974,-0.02683203853666782,0.07205088436603546,-0.9971392154693604,-0.02284852415323257,-0.02512315846979618,-0.02471518144011497,0.9993788003921509],"scale":1,"type":"powerpole4"}
{"pos":[-920.0980224609375,-402.1489868164063,100.4700012207031],"rotationMatrix":[-0.5359512567520142,0.8432164788246155,-0.04174015671014786,-0.8442463874816895,-0.5354149341583252,0.0240592248737812,-0.002061168197542429,0.04813354834914207,0.9988387823104858],"scale":1,"type":"powerpole4"}
{"pos":[-24.18790054321289,85.32990264892578,122.2870025634766],"rotationMatrix":[0.9837632179260254,-0.1786672472953796,-0.01696901954710484,0.1777978241443634,0.9831058979034424,-0.04348247498273849,0.02445123717188835,0.03975940123200417,0.9989100694656372],"scale":1,"type":"powerpole4"}
{"pos":[-73.81349945068359,92.3927001953125,124.9100036621094],"rotationMatrix":[-0.9611339569091797,-0.2697179913520813,-0.05893833935260773,0.2715219259262085,-0.9621086120605469,-0.02495731227099895,-0.04997364804148674,-0.0399903692305088,0.9979496002197266],"scale":1,"type":"powerpole4"}
{"pos":[-113.5139999389648,52.91519927978516,123.2009963989258],"rotationMatrix":[-0.734911322593689,-0.673554003238678,-0.07893238961696625,0.6776038408279419,-0.7340408563613892,-0.04513411223888397,-0.02753933519124985,-0.08665446192026138,0.9958577156066895],"scale":1,"type":"powerpole4"}
{"pos":[-146.7469940185547,19.23660087585449,121.5660018920898],"rotationMatrix":[-0.7369571924209595,-0.6757744550704956,0.01493212208151817,0.6755056977272034,-0.737095832824707,-0.01953991316258907,0.02421097829937935,-0.004313346464186907,0.9996975660324097],"scale":1,"type":"powerpole4"}
{"pos":[-842.927978515625,2.212500095367432,118.5709991455078],"rotationMatrix":[0.6359708309173584,0.771334707736969,-0.02416341006755829,-0.7716944813728333,0.6354262828826904,-0.02685228735208511,-0.005358035210520029,0.03572404384613037,0.9993473291397095],"scale":1,"type":"powerpole4"}
{"pos":[1000.299987792969,-1.874400019645691,151.4720001220703],"rotationMatrix":[-0.02621769905090332,-0.9996050000190735,-0.01012039463967085,0.9993211030960083,-0.02594542503356934,-0.02615729719400406,0.02588438801467419,-0.01079930830746889,0.9996066093444824],"scale":1,"type":"powerpole4"}
{"pos":[993.1849975585938,-51.02050018310547,150.177001953125],"rotationMatrix":[-0.1276994943618774,-0.9911841154098511,-0.03531083092093468,0.9917585253715515,-0.1272387504577637,-0.01501048170030117,0.01038524508476257,-0.03693664819002151,0.9992636442184448],"scale":1,"type":"powerpole4"}
{"pos":[983.322998046875,-100.3280029296875,149.4889984130859],"rotationMatrix":[-0.1278421878814697,-0.990660548210144,-0.04741420224308968,0.9915723204612732,-0.1266554594039917,-0.02725363522768021,0.02099383249878883,-0.05049877241253853,0.9985034465789795],"scale":1,"type":"powerpole4"}
{"pos":[976.7739868164063,-150.3029937744141,149.8110046386719],"rotationMatrix":[-0.127705454826355,-0.9917715191841125,0.008973283693194389,0.9917314648628235,-0.127805233001709,-0.01159837003797293,0.01264976616948843,0.007417912129312754,0.9998924732208252],"scale":1,"type":"powerpole4"}
{"pos":[1037.420043945313,856.1439819335938,136.7920074462891],"rotationMatrix":[-0.6134364604949951,-0.7897431254386902,-0.001223590923473239,0.7895112037658691,-0.6132172346115112,-0.02523187547922134,0.01917637325823307,-0.01644419133663177,0.9996808767318726],"scale":1,"type":"powerpole4"}
{"pos":[1020.190002441406,807.9550170898438,140.7010040283203],"rotationMatrix":[0.1783875226974487,-0.9835953116416931,-0.02679947204887867,0.9835831522941589,0.1790070533752441,-0.02281894162297249,0.02724189683794975,-0.02228889428079128,0.999380350112915],"scale":1,"type":"powerpole4"}
{"pos":[1022.059997558594,755.1099853515625,141.0630035400391],"rotationMatrix":[0.1783565282821655,-0.9830816388130188,-0.04170595481991768,0.983832061290741,0.1774728298187256,0.02403934486210346,-0.01623096503317356,-0.04531922936439514,0.9988406896591187],"scale":1,"type":"powerpole4"}
{"pos":[1014.539978027344,693.4730224609375,143.2480010986328],"rotationMatrix":[-0.2152615785598755,-0.975805401802063,-0.03829220309853554,0.9765381217002869,-0.21533203125,-0.002323769498616457,-0.005977991502732038,-0.03789401799440384,0.9992638826370239],"scale":1,"type":"powerpole4"}
{"pos":[1000.460021972656,260.0230102539063,155.3849945068359],"rotationMatrix":[0.204697847366333,-0.977665901184082,0.04762538895010948,0.9783658981323242,0.2058498859405518,0.02064079791307449,-0.02998348511755466,0.04236992821097374,0.9986519813537598],"scale":1,"type":"powerpole4"}
{"pos":[1004.5,208.9360046386719,154.4920043945313],"rotationMatrix":[0.09323883056640625,-0.9955786466598511,0.01138971745967865,0.9956029057502747,0.09333252906799316,0.007991298101842403,-0.009018996730446815,0.01059453655034304,0.9999032020568848],"scale":1,"type":"powerpole4"}
{"pos":[1007.090026855469,148.9589996337891,153.77099609375],"rotationMatrix":[-0.02626252174377441,-0.9991604685783386,-0.03144215419888496,0.9992225766181946,-0.02531301975250244,-0.0302248690277338,0.02940359897911549,-0.03221148997545242,0.9990484714508057],"scale":1,"type":"powerpole4"}
{"pos":[1007.090026855469,98.68109893798828,153.1959991455078],"rotationMatrix":[-0.0262458324432373,-0.9990913867950439,0.03357860073447227,0.9995183348655701,-0.02678394317626953,-0.01567716896533966,0.01656229235231876,0.03315096721053123,0.9993131160736084],"scale":1,"type":"powerpole4"}
{"pos":[1004.659973144531,48.40330123901367,151.9559936523438],"rotationMatrix":[-0.02618491649627686,-0.9986997246742249,-0.04373999685049057,0.998991072177887,-0.02773940563201904,0.03531870245933533,-0.03648610040545464,-0.04277104884386063,0.9984184503555298],"scale":1,"type":"powerpole4"}
{"pos":[993.9760131835938,647.1069946289063,143.1490020751953],"rotationMatrix":[-0.2153817415237427,-0.9751381278038025,0.05211875215172768,0.976511538028717,-0.2147433757781982,0.01761958189308643,-0.005989369470626116,0.05468950048089027,0.9984854459762573],"scale":1,"type":"powerpole4"}
{"pos":[972.4420166015625,601.323974609375,144.1190032958984],"rotationMatrix":[-0.2153456211090088,-0.9753113985061646,-0.04892806336283684,0.9764034748077393,-0.2142142057418823,-0.02735966444015503,0.01620310544967651,-0.05366531759500504,0.9984275102615356],"scale":1,"type":"powerpole4"}
{"pos":[952.0089721679688,555.5189819335938,144.9309997558594],"rotationMatrix":[-0.2155966758728027,-0.9762427806854248,-0.02163506485521793,0.976432740688324,-0.2157564163208008,0.005315060261636972,-0.0098566934466362,-0.01997927576303482,0.9997518062591553],"scale":1,"type":"powerpole4"}
{"pos":[943.926025390625,505.8880004882813,145.2460021972656],"rotationMatrix":[0.0457453727722168,-0.9988811016082764,0.01199452672153711,0.9988972544670105,0.04586648941040039,0.01002474129199982,-0.01056367158889771,0.01152271497994661,0.9998778104782104],"scale":1,"type":"powerpole4"}
{"pos":[625.7930297851563,622.906982421875,125.0579986572266],"rotationMatrix":[0.7863339185714722,0.6177983283996582,-0.002053739735856652,-0.6173216104507446,0.7855874300003052,-0.04202912747859955,-0.02435213327407837,0.03431674838066101,0.9991142749786377],"scale":1,"type":"powerpole4"}
{"pos":[591.2150268554688,587.8660278320313,126.7119979858398],"rotationMatrix":[0.7855671644210815,0.6171597838401794,-0.04469950869679451,-0.6186677217483521,0.7847310304641724,-0.03804559633135796,0.01159688085317612,0.05754151195287704,0.9982757568359375],"scale":1,"type":"powerpole4"}
{"pos":[558.3579711914063,550.0289916992188,123.9550018310547],"rotationMatrix":[0.7844736576080322,0.6162579655647278,-0.06947820633649826,-0.6150602102279663,0.7874629497528076,0.04003807902336121,0.07938529551029205,0.01132446061819792,0.9967796802520752],"scale":1,"type":"powerpole4"}
{"pos":[526.7650146484375,514.6749877929688,125.3339996337891],"rotationMatrix":[0.7836840152740479,0.6157829165458679,-0.08155238628387451,-0.6201244592666626,0.7831823825836182,-0.04550833627581596,0.03584713861346245,0.08623678982257843,0.9956295490264893],"scale":1,"type":"powerpole4"}
{"pos":[950.9099731445313,455.447998046875,147.0030059814453],"rotationMatrix":[0.2411866188049316,-0.9701055884361267,-0.02691125683486462,0.9692869186401367,0.2421716451644897,-0.0428452230989933,0.04808153212070465,-0.01575103588402271,0.9987192153930664],"scale":1,"type":"powerpole4"}
{"pos":[964.6510009765625,406.7869873046875,150.0599975585938],"rotationMatrix":[0.241321325302124,-0.9701586961746216,0.0235814806073904,0.9700826406478882,0.2418241500854492,0.02146506123244762,-0.02652708627283573,0.01769600808620453,0.9994914531707764],"scale":1,"type":"powerpole4"}
{"pos":[980.3319702148438,358.6109924316406,152.6549987792969],"rotationMatrix":[0.3255081176757813,-0.9441107511520386,-0.05195571482181549,0.9455385804176331,0.3250802755355835,0.01672028377652168,0.001103978022001684,-0.05456871911883354,0.998509407043457],"scale":1,"type":"powerpole4"}
{"pos":[992.052978515625,309.9769897460938,154.1309967041016],"rotationMatrix":[0.2678003311157227,-0.9631698727607727,-0.02422465570271015,0.9629274010658264,0.2684108018875122,-0.02695219777524471,0.03246170282363892,-0.01610877737402916,0.9993431568145752],"scale":1,"type":"powerpole4"}
{"pos":[459.114990234375,441.1510009765625,127.8239974975586],"rotationMatrix":[0.7847937345504761,0.6164678931236267,-0.06376641988754272,-0.6179192066192627,0.7862316370010376,-0.003960767295211554,0.04769349098205566,0.04251087829470634,0.9979569911956787],"scale":1,"type":"powerpole4"}
{"pos":[491.9719848632813,478.9880065917969,127.1330032348633],"rotationMatrix":[0.7833757400512695,0.6154425144195557,0.08690769970417023,-0.6195225715637207,0.7844319343566895,0.02929743379354477,-0.05014228820800781,-0.07679218053817749,0.9957854747772217],"scale":1,"type":"powerpole4"}
{"pos":[424.8800048828125,403.0790100097656,124.6070022583008],"rotationMatrix":[0.8094643354415894,0.5860646963119507,-0.0359949953854084,-0.5861611366271973,0.810145378112793,0.008919769898056984,0.03438874334096909,0.01387863326817751,0.999312162399292],"scale":1,"type":"powerpole4"}
{"pos":[388.7109985351563,368.7860107421875,121.2689971923828],"rotationMatrix":[0.8098042011260986,0.5863537788391113,0.02016016468405724,-0.5866645574569702,0.8096557855606079,0.01680001243948936,-0.006472043693065643,-0.02543197385966778,0.9996556043624878],"scale":1,"type":"powerpole4"}
{"pos":[354.3930053710938,332.2690124511719,119.8359985351563],"rotationMatrix":[0.8091964721679688,0.5858210921287537,-0.04488575458526611,-0.5875101089477539,0.8060466051101685,-0.07155948877334595,-0.005741049069911242,0.08427651971578598,0.9964258670806885],"scale":1,"type":"powerpole4"}
{"pos":[276.0350036621094,269.3869934082031,119.5130004882813],"rotationMatrix":[0.9122734069824219,0.4003584980964661,-0.08643097430467606,-0.3994907140731812,0.9163134098052979,0.0278732068836689,0.09035713225603104,0.009100385010242462,0.9958678483963013],"scale":1,"type":"powerpole4"}
{"pos":[318.635009765625,295.260009765625,119.4469985961914],"rotationMatrix":[0.9149129390716553,0.4016169309616089,-0.04047423973679543,-0.4032038450241089,0.9140126705169678,-0.04480517283082008,0.01899945363402367,0.05731220170855522,0.9981755018234253],"scale":1,"type":"powerpole4"}
{"pos":[234.7729949951172,240.9499969482422,119.4540023803711],"rotationMatrix":[0.9149768352508545,0.4016009867191315,0.03916667029261589,-0.4029339849948883,0.9145327806472778,0.03569312393665314,-0.02148480899631977,-0.04843996465206146,0.9985949993133545],"scale":1,"type":"powerpole4"}
{"pos":[194.9830017089844,211.7550048828125,119.7519989013672],"rotationMatrix":[0.9128005504608154,0.4006305634975433,0.07931146025657654,-0.4041606187820435,0.9140427112579346,0.03435293212532997,-0.05873122811317444,-0.06341194361448288,0.9962577819824219],"scale":1,"type":"powerpole4"}
{"pos":[152.3829956054688,185.8820037841797,119.7369995117188],"rotationMatrix":[0.915496826171875,0.401880294084549,0.01891552656888962,-0.4021457433700562,0.9154806137084961,0.01319257263094187,-0.0120149627327919,-0.0196845568716526,0.9997340440750122],"scale":1,"type":"powerpole4"}
{"pos":[111.1210021972656,157.4450073242188,119.8410034179688],"rotationMatrix":[0.9144521951675415,0.4012761414051056,-0.0524846576154232,-0.4037443697452545,0.9134807586669922,-0.05043190345168114,0.02770660445094109,0.06730794906616211,0.9973474740982056],"scale":1,"type":"powerpole4"}
{"pos":[68.18659973144531,130.8670043945313,119.693000793457],"rotationMatrix":[0.9142320156097412,0.4013320803642273,0.05578868091106415,-0.4004802107810974,0.915931224822998,-0.02618385478854179,-0.06160701811313629,0.001595855341292918,0.9980992078781128],"scale":1,"type":"powerpole4"}
{"pos":[27.11059951782227,101.6859970092773,120.0490036010742],"rotationMatrix":[0.957439661026001,0.2792534232139587,-0.07298503816127777,-0.2753845453262329,0.9595358371734619,0.05877353623509407,0.08644447475671768,-0.03617316111922264,0.9955997467041016],"scale":1,"type":"powerpole4"}
