{"pos":[-931.0162963867188,-455.8905944824219,100.1837310791016],"rotationMatrix":[0.8440670371055603,0.5362134575843811,-0.005092783831059933,-0.5356997847557068,0.8436076045036316,0.03676892071962357,0.02401230111718178,-0.0283072292804718,0.9993107914924622],"scale":0.9999998807907104,"type":"railing_support2"}
{"pos":[-928.6463623046875,-454.3083801269531,100.2056732177734],"rotationMatrix":[0.8421614766120911,0.539200484752655,-0.005189997144043446,-0.538674533367157,0.841697096824646,0.03709172084927559,0.0243682786822319,-0.02844149991869926,0.9992983937263489],"scale":0.9999998211860657,"type":"railing_support2"}
{"pos":[-926.27978515625,-452.7175903320313,100.2273406982422],"rotationMatrix":[0.8401501178741455,0.5423280596733093,-0.005296335555613041,-0.5417893528938293,0.8396809697151184,0.03741783648729324,0.02473997324705124,-0.02856709994375706,0.9992856979370117],"scale":0.9999998807907104,"type":"railing_support2"}
{"pos":[-923.9174194335938,-451.1156616210938,100.248664855957],"rotationMatrix":[0.8379973769187927,0.5456473827362061,-0.005415107123553753,-0.5450952053070068,0.8375239372253418,0.03774771466851234,0.02513222396373749,-0.02868073806166649,0.9992726445198059],"scale":1,"type":"railing_support2"}
{"pos":[-921.5601806640625,-449.5026245117188,100.2695693969727],"rotationMatrix":[0.8356920480728149,0.5491703152656555,-0.005546553991734982,-0.5486038327217102,0.8352146744728088,0.03808152675628662,0.02554580941796303,-0.02878156863152981,0.9992592334747314],"scale":0.9999998807907104,"type":"railing_support2"}
{"pos":[-919.2073974609375,-447.8776550292969,100.2900772094727],"rotationMatrix":[0.8332194685935974,0.5529131293296814,-0.005691972561180592,-0.5523316264152527,0.8327386379241943,0.03841953352093697,0.02598259225487709,-0.02886804565787315,0.9992454648017883],"scale":1,"type":"railing_support2"}
{"pos":[-916.8591918945313,-446.2409057617188,100.3101348876953],"rotationMatrix":[0.8305708765983582,0.5568822026252747,-0.005851700901985168,-0.5562848448753357,0.8300871849060059,0.03876200318336487,0.02644329145550728,-0.02893937937915325,0.9992313385009766],"scale":0.9999998807907104,"type":"railing_support2"}
{"pos":[-914.5166015625,-444.590576171875,100.3297119140625],"rotationMatrix":[0.8277137279510498,0.5611181855201721,-0.006028314121067524,-0.5605039000511169,0.8272278308868408,0.03910942003130913,0.02693179622292519,-0.02899251319468021,0.9992167353630066],"scale":0.9999998807907104,"type":"railing_support2"}
{"pos":[-912.1802368164063,-442.9226684570313,100.3485794067383],"rotationMatrix":[0.8245710730552673,0.5657240748405457,-0.006228389218449593,-0.5650916695594788,0.8240837454795837,0.03946345299482346,0.02745814062654972,-0.02902080863714218,0.9992015957832336],"scale":0.9999998807907104,"type":"railing_support2"}
{"pos":[-909.8497924804688,-441.2392272949219,100.3668365478516],"rotationMatrix":[0.8211526870727539,0.5706720948219299,-0.006449604406952858,-0.5700203776359558,0.8206648826599121,0.03982314467430115,0.02801892347633839,-0.02902447432279587,0.9991859197616577],"scale":0.9999997615814209,"type":"railing_support2"}
{"pos":[-907.5254516601563,-439.5386047363281,100.3843994140625],"rotationMatrix":[0.8174126148223877,0.5760137438774109,-0.006695120595395565,-0.5753412842750549,0.8169254660606384,0.04018954560160637,0.02861914411187172,-0.0289994589984417,0.999169647693634],"scale":0.9999998807907104,"type":"railing_support2"}
{"pos":[-905.2079467773438,-437.818359375,100.4011535644531],"rotationMatrix":[0.8132903575897217,0.5818163752555847,-0.006969736889004707,-0.5811216235160828,0.81280517578125,0.04056336358189583,0.02926546521484852,-0.02893952652812004,0.999152660369873],"scale":0.9999998211860657,"type":"railing_support2"}
{"pos":[-902.8972778320313,-436.0781860351563,100.4170913696289],"rotationMatrix":[0.8087515830993652,0.5881053805351257,-0.00727517157793045,-0.5873867869377136,0.8082699179649353,0.04094485193490982,0.02996018901467323,-0.02884087711572647,0.99913489818573],"scale":0.9999997615814209,"type":"railing_support2"}
{"pos":[-900.59521484375,-434.3113708496094,100.4319152832031],"rotationMatrix":[0.8036264777183533,0.5950852036476135,-0.007623875513672829,-0.5943406224250793,0.8031504154205322,0.04133588075637817,0.03072149120271206,-0.02868743054568768,0.9991162419319153],"scale":0.9999998807907104,"type":"railing_support2"}
{"pos":[-898.30224609375,-432.5145263671875,100.4454650878906],"rotationMatrix":[0.7977848649024963,0.602888822555542,-0.008025273680686951,-0.6021156311035156,0.7973172664642334,0.04173776507377625,0.03156192228198051,-0.02846561372280121,0.9990963935852051],"scale":0.9999998211860657,"type":"railing_support2"}
{"pos":[-940.5911254882813,-438.7893981933594,101.3436584472656],"rotationMatrix":[-0.8314415216445923,-0.5549996495246887,0.02608480490744114,0.5552472472190857,-0.8316806554794312,0.002803401090204716,0.0201383400708437,0.01681438088417053,0.9996557831764221],"scale":0.9999998211860657,"type":"railing_support2"}
{"pos":[-938.2818603515625,-437.2433471679688,101.3718795776367],"rotationMatrix":[-0.8293659687042236,-0.5580918192863464,0.02618486247956753,0.5583353638648987,-0.8296117782592773,0.002475072164088488,0.02034194953739643,0.01667267456650734,0.9996540546417236],"scale":0.9999998807907104,"type":"railing_support2"}
{"pos":[-935.9803466796875,-435.6892700195313,101.3998413085938],"rotationMatrix":[-0.8271450996398926,-0.5613728165626526,0.02629729919135571,0.5616124272346497,-0.8273977041244507,0.00214267335832119,0.02055548690259457,0.01654119044542313,0.9996518492698669],"scale":1,"type":"railing_support2"}
{"pos":[-933.6875610351563,-434.1273498535156,101.427490234375],"rotationMatrix":[-0.8247674703598022,-0.5648543238639832,0.02642225660383701,0.5650901198387146,-0.8250272274017334,0.001806180458515882,0.02077885158360004,0.01642063446342945,0.9996492266654968],"scale":0.9999998807907104,"type":"railing_support2"}
{"pos":[-931.4031372070313,-432.5571594238281,101.4548416137695],"rotationMatrix":[-0.8222182989120483,-0.5685519576072693,0.02656115405261517,0.5687840580940247,-0.8224854469299316,0.001465146895498037,0.02101315371692181,0.01631223224103451,0.9996461272239685],"scale":0.9999999403953552,"type":"railing_support2"}
{"pos":[-929.1275634765625,-430.9790344238281,101.4818572998047],"rotationMatrix":[-0.8194888830184937,-0.5724722146987915,0.02671423926949501,0.5727007389068604,-0.8197638988494873,0.001119410153478384,0.02125853300094604,0.01621660776436329,0.9996424913406372],"scale":0.9999998211860657,"type":"railing_support2"}
{"pos":[-926.8623657226563,-429.3917541503906,101.5085067749023],"rotationMatrix":[-0.8165448904037476,-0.5766555666923523,0.02688407711684704,0.5768807530403137,-0.8168280124664307,0.0007683648727834225,0.02151658572256565,0.01613631285727024,0.9996382594108582],"scale":0.9999998211860657,"type":"railing_support2"}
{"pos":[-924.610107421875,-427.7930908203125,101.5346374511719],"rotationMatrix":[-0.8133078813552856,-0.5812028646469116,0.02707730047404766,0.5814250707626343,-0.813599705696106,0.0004102503880858421,0.02179164998233318,0.01607708260416985,0.999633252620697],"scale":0.9999998807907104,"type":"railing_support2"}
{"pos":[-922.369873046875,-426.1848754882813,101.5602874755859],"rotationMatrix":[-0.8097889423370361,-0.5860862731933594,0.02729147672653198,0.5863057374954224,-0.8100899457931519,4.605483263731003e-05,0.02208155766129494,0.0160384438931942,0.9996275305747986],"scale":0.9999997019767761,"type":"railing_support2"}
{"pos":[-920.1429443359375,-424.5663757324219,101.5854187011719],"rotationMatrix":[-0.8059399127960205,-0.5913568735122681,0.02752986364066601,0.5915738344192505,-0.8062508106231689,-0.0003253547474741936,0.02238837443292141,0.01602373272180557,0.9996209144592285],"scale":0.9999998807907104,"type":"railing_support2"}
{"pos":[-917.9310913085938,-422.9364318847656,101.6099319458008],"rotationMatrix":[-0.8016996383666992,-0.597080409526825,0.02779717743396759,0.597295343875885,-0.8020210266113281,-0.0007047415710985661,0.02271470800042152,0.01603813283145428,0.999613344669342],"scale":0.9999998807907104,"type":"railing_support2"}
{"pos":[-915.73486328125,-421.2955017089844,101.6338348388672],"rotationMatrix":[-0.7970331907272339,-0.6032818555831909,0.02809508889913559,0.6034952402114868,-0.7973660230636597,-0.001092397607862949,0.02306108921766281,0.01608457416296005,0.9996046423912048],"scale":0.9999997019767761,"type":"railing_support2"}
{"pos":[-913.5596923828125,-419.6405029296875,101.6568908691406],"rotationMatrix":[-0.7917665243148804,-0.6101616024971008,0.02843614295125008,0.6103741526603699,-0.792111873626709,-0.001490495167672634,0.02343404665589333,0.01617656275629997,0.999594509601593],"scale":0.9999998807907104,"type":"railing_support2"}
{"pos":[-911.4083251953125,-417.9708251953125,101.6789703369141],"rotationMatrix":[-0.7857666015625,-0.6178510189056396,0.0288295540958643,0.6180636882781982,-0.7861258983612061,-0.00190044566988945,0.02383784763514996,0.01632519438862801,0.9995825290679932],"scale":0.9999998211860657,"type":"railing_support2"}
{"pos":[-51.4962158203125,-892.0303955078125,132.8953247070313],"rotationMatrix":[0.5625847578048706,0.8266677856445313,-0.01089886575937271,-0.8257243633270264,0.5624982118606567,0.04213106632232666,0.04095898568630219,-0.01470283605158329,0.9990526437759399],"scale":1,"type":"railing_support2"}
{"pos":[-49.61785888671875,-889.2965087890625,132.8953247070313],"rotationMatrix":[0.5719262361526489,0.820232629776001,-0.01089901756495237,-0.8192902803421021,0.5718289613723755,0.042130958288908,0.04078955948352814,-0.01516633946448565,0.9990526437759399],"scale":1,"type":"railing_support2"}
{"pos":[-47.7041015625,-886.5806274414063,132.8953094482422],"rotationMatrix":[0.5808405876159668,0.8139443397521973,-0.01089902874082327,-0.8130030632019043,0.580733060836792,0.04213101416826248,0.04062172770500183,-0.01561045926064253,0.9990526437759399],"scale":0.9999998211860657,"type":"railing_support2"}
{"pos":[-45.7587890625,-883.880615234375,132.8953247070313],"rotationMatrix":[0.5893101692199707,0.8078333735466003,-0.0108990678563714,-0.8068932890892029,0.5891927480697632,0.04213100299239159,0.04045648500323296,-0.0160338394343853,0.9990526437759399],"scale":1.00000011920929,"type":"railing_support2"}
{"pos":[-43.78265380859375,-881.1954345703125,132.8953094482422],"rotationMatrix":[0.5973005294799805,0.8019434213638306,-0.01089903153479099,-0.8010045289993286,0.5971738696098328,0.04213101416826248,0.04029531031847,-0.01643470302224159,0.9990526437759399],"scale":1,"type":"railing_support2"}
{"pos":[-41.7769775390625,-878.524169921875,132.8953094482422],"rotationMatrix":[0.6047904491424561,0.7963100671768188,-0.01089903339743614,-0.795372486114502,0.6046549081802368,0.04213101416826248,0.04013950750231743,-0.01681164279580116,0.9990526437759399],"scale":0.9999999403953552,"type":"railing_support2"}
{"pos":[-39.74285888671875,-875.8654174804688,132.8953094482422],"rotationMatrix":[0.611762523651123,0.7909663319587708,-0.01089903526008129,-0.7900299429893494,0.6116188764572144,0.04213101044297218,0.03999026864767075,-0.01716360822319984,0.9990526437759399],"scale":0.9999999403953552,"type":"railing_support2"}
{"pos":[-37.67974853515625,-873.21875,132.8953094482422],"rotationMatrix":[0.6181541085243225,0.7859813570976257,-0.01089903619140387,-0.7850461602210999,0.6180028319358826,0.04213101416826248,0.03984982520341873,-0.01748721115291119,0.9990526437759399],"scale":0.9999999403953552,"type":"railing_support2"}
{"pos":[-35.59039306640625,-870.5828247070313,132.8953094482422],"rotationMatrix":[0.6239795684814453,0.7813646793365479,-0.01089903898537159,-0.7804306745529175,0.6238212585449219,0.04213101416826248,0.03971873968839645,-0.01778294518589973,0.9990526437759399],"scale":1,"type":"railing_support2"}
{"pos":[-33.4771728515625,-867.9553833007813,132.8953247070313],"rotationMatrix":[0.6292558908462524,0.7771217823028564,-0.01089911721646786,-0.776188850402832,0.6290912628173828,0.0421309806406498,0.03959744423627853,-0.0180513933300972,0.9990526437759399],"scale":1,"type":"railing_support2"}
{"pos":[-31.34197998046875,-865.3356323242188,132.8953094482422],"rotationMatrix":[0.6339863538742065,0.773267388343811,-0.01089909207075834,-0.772335410118103,0.633816123008728,0.04213117808103561,0.03948668763041496,-0.01829283870756626,0.9990526437759399],"scale":0.9999999403953552,"type":"railing_support2"}
{"pos":[-29.18505859375,-862.7227172851563,132.8953094482422],"rotationMatrix":[0.6381384134292603,0.7698445916175842,-0.01089903712272644,-0.7689135670661926,0.6379631757736206,0.04213101416826248,0.03938751295208931,-0.01850499957799911,0.9990526437759399],"scale":1,"type":"railing_support2"}
{"pos":[-27.00958251953125,-860.114990234375,132.8953094482422],"rotationMatrix":[0.6417639851570129,0.7668247818946838,-0.01089903526008129,-0.7658945918083191,0.6415843367576599,0.04213101416826248,0.03929975628852844,-0.01869065687060356,0.9990526437759399],"scale":0.9999999403953552,"type":"railing_support2"}
{"pos":[-24.8173828125,-857.5111083984375,132.8953247070313],"rotationMatrix":[0.644890308380127,0.7641975283622742,-0.01089547108858824,-0.7632681727409363,0.6447067260742188,0.04213105142116547,0.03922082856297493,-0.01885374076664448,0.9990527033805847],"scale":1,"type":"railing_support2"}
{"pos":[-22.6116943359375,-854.9127807617188,132.8954315185547],"rotationMatrix":[0.6477073431015015,0.7618126273155212,-0.01080045569688082,-0.7608862519264221,0.6475168466567993,0.04211947321891785,0.03908062726259232,-0.01906317658722401,0.9990541934967041],"scale":1.00000011920929,"type":"railing_support2"}
{"pos":[-20.39398193359375,-852.319580078125,132.8972930908203],"rotationMatrix":[0.6502383947372437,0.7596578001976013,-0.01048872247338295,-0.7587427496910095,0.65003502368927,0.04199912399053574,0.03872299939393997,-0.01935119926929474,0.9990625977516174],"scale":0.9999998807907104,"type":"railing_support2"}
{"pos":[-18.16339111328125,-849.7249145507813,132.9017333984375],"rotationMatrix":[0.6521643996238708,0.7580100297927856,-0.01011989265680313,-0.7571126222610474,0.6519495844841003,0.04174008965492249,0.038237065076828,-0.01955950446426868,0.9990772604942322],"scale":0.9999997615814209,"type":"railing_support2"}
{"pos":[-15.92706298828125,-847.1384887695313,132.9078216552734],"rotationMatrix":[0.6542466878890991,0.7562191486358643,-0.009686698205769062,-0.7553408145904541,0.6540181636810303,0.04147962480783463,0.03770296275615692,-0.01982114836573601,0.9990924000740051],"scale":1.00000011920929,"type":"railing_support2"}
{"pos":[-13.68560791015625,-844.5595092773438,132.9153594970703],"rotationMatrix":[0.6564550399780273,0.7543090581893921,-0.009201674722135067,-0.753450870513916,0.6562109589576721,0.0412183590233326,0.03712962195277214,-0.02012498676776886,0.9991077780723572],"scale":1,"type":"railing_support2"}
{"pos":[-11.43536376953125,-841.9883422851563,132.9248809814453],"rotationMatrix":[0.6586710214614868,0.7523805499076843,-0.00871689710766077,-0.7515426278114319,0.658411979675293,0.04095534980297089,0.03655331954360008,-0.0204249806702137,0.9991229772567749],"scale":0.9999999403953552,"type":"railing_support2"}
{"pos":[-9.179931640625,-839.422119140625,132.9356384277344],"rotationMatrix":[0.6608889102935791,0.7504385113716125,-0.008231986314058304,-0.7496209740638733,0.6606153249740601,0.04069197177886963,0.03597500175237656,-0.02072200737893581,0.999137818813324],"scale":1,"type":"railing_support2"}
{"pos":[-6.9140625,-836.8651123046875,132.9486846923828],"rotationMatrix":[0.6631110906600952,0.7484808564186096,-0.007747362367808819,-0.7476837038993835,0.6628233194351196,0.04042637720704079,0.03539350256323814,-0.02101460099220276,0.9991524815559387],"scale":0.9999998211860657,"type":"railing_support2"}
{"pos":[-70.42681884765625,-879.129638671875,132.9081420898438],"rotationMatrix":[-0.5625852346420288,-0.8266675472259521,0.01089889090508223,0.8257241249084473,-0.5624985694885254,-0.04213108122348785,0.04095900803804398,-0.01470284350216389,0.9990526437759399],"scale":1,"type":"railing_support2"}
{"pos":[-68.40093994140625,-876.1818237304688,132.9081268310547],"rotationMatrix":[-0.5719263553619385,-0.8202323913574219,0.01089905109256506,0.8192900419235229,-0.5718291997909546,-0.0421309694647789,0.04078958183526993,-0.01516633294522762,0.9990526437759399],"scale":0.9999999403953552,"type":"railing_support2"}
{"pos":[-66.34295654296875,-873.2618408203125,132.9081268310547],"rotationMatrix":[-0.5808408260345459,-0.8139441609382629,0.01089908089488745,0.81300288438797,-0.5807334184646606,-0.04213102161884308,0.04062175378203392,-0.01561043597757816,0.9990526437759399],"scale":0.9999998211860657,"type":"railing_support2"}
{"pos":[-64.257568359375,-870.367919921875,132.9081268310547],"rotationMatrix":[-0.5893105268478394,-0.807833194732666,0.01089907065033913,0.8068931102752686,-0.5891931056976318,-0.04213101416826248,0.04045648872852325,-0.01603386364877224,0.9990526437759399],"scale":1.00000011920929,"type":"railing_support2"}
{"pos":[-62.14630126953125,-867.499755859375,132.9081268310547],"rotationMatrix":[-0.59730064868927,-0.8019433617591858,0.0108990678563714,0.8010044693946838,-0.5971739292144775,-0.04213100299239159,0.0402953177690506,-0.0164346732199192,0.9990526437759399],"scale":0.9999999403953552,"type":"railing_support2"}
{"pos":[-60.011474609375,-864.6569213867188,132.9081268310547],"rotationMatrix":[-0.6047908067703247,-0.796309769153595,0.01089907065033913,0.7953721880912781,-0.6046552658081055,-0.04213101416826248,0.04013952240347862,-0.01681163534522057,0.9990526437759399],"scale":0.9999998807907104,"type":"railing_support2"}
{"pos":[-57.8548583984375,-861.8385009765625,132.9081268310547],"rotationMatrix":[-0.6117628812789917,-0.7909661531448364,0.01089906878769398,0.790029764175415,-0.611619234085083,-0.04213101416826248,0.03999028354883194,-0.0171636026352644,0.9990526437759399],"scale":0.9999999403953552,"type":"railing_support2"}
{"pos":[-55.67742919921875,-859.0454711914063,132.9081268310547],"rotationMatrix":[-0.6181544065475464,-0.7859811186790466,0.01089907065033913,0.7850459218025208,-0.6180031299591064,-0.04213102161884308,0.03984984755516052,-0.01748720556497574,0.9990526437759399],"scale":0.9999998807907104,"type":"railing_support2"}
{"pos":[-53.482177734375,-856.2761840820313,132.9081268310547],"rotationMatrix":[-0.6239798069000244,-0.7813644409179688,0.01089906133711338,0.7804304361343384,-0.6238216161727905,-0.04213101789355278,0.03971874713897705,-0.01778294518589973,0.9990526437759399],"scale":1,"type":"railing_support2"}
{"pos":[-51.27178955078125,-853.5278930664063,132.9081268310547],"rotationMatrix":[-0.6292562484741211,-0.7771215438842773,0.01089914795011282,0.7761886119842529,-0.6290916204452515,-0.04213099181652069,0.03959746286273003,-0.0180513933300972,0.9990526437759399],"scale":1,"type":"railing_support2"}
{"pos":[-49.048095703125,-850.7998657226563,132.9081268310547],"rotationMatrix":[-0.6339870691299438,-0.7732670903205872,0.01089913304895163,0.7723351120948792,-0.6338167190551758,-0.04213119298219681,0.03948671370744705,-0.01829284243285656,0.9990526437759399],"scale":0.9999998807907104,"type":"railing_support2"}
{"pos":[-46.81280517578125,-848.0918579101563,132.9081268310547],"rotationMatrix":[-0.6381387710571289,-0.7698442935943604,0.01089906599372625,0.7689132690429688,-0.6379634141921997,-0.04213102161884308,0.0393875278532505,-0.01850499771535397,0.9990526437759399],"scale":1,"type":"railing_support2"}
{"pos":[-44.5679931640625,-845.4010620117188,132.9081268310547],"rotationMatrix":[-0.6417642831802368,-0.7668245434761047,0.01089907065033913,0.76589435338974,-0.6415846347808838,-0.04213100671768188,0.03929976746439934,-0.01869063824415207,0.9990526437759399],"scale":0.9999999403953552,"type":"railing_support2"}
{"pos":[-42.31561279296875,-842.7257080078125,132.9081268310547],"rotationMatrix":[-0.6448906660079956,-0.7641972303390503,0.01089548412710428,0.7632678747177124,-0.6447070837020874,-0.04213105887174606,0.03922083228826523,-0.01885375007987022,0.9990527033805847],"scale":1,"type":"railing_support2"}
{"pos":[-40.0552978515625,-840.0628662109375,132.9079742431641],"rotationMatrix":[-0.6477075815200806,-0.7618123888969421,0.01080046687275171,0.760886013507843,-0.6475170850753784,-0.04211948066949844,0.03908063098788261,-0.01906318217515945,0.9990541934967041],"scale":1,"type":"railing_support2"}
{"pos":[-37.78802490234375,-837.4117431640625,132.9070739746094],"rotationMatrix":[-0.6502386331558228,-0.7596575617790222,0.0104887830093503,0.7587425112724304,-0.6500352621078491,-0.04199912026524544,0.03872302919626236,-0.01935116574168205,0.9990625977516174],"scale":0.9999998211860657,"type":"railing_support2"}
{"pos":[-35.51959228515625,-834.7730712890625,132.9055786132813],"rotationMatrix":[-0.6521649360656738,-0.7580096125602722,0.01011996250599623,0.7571122050285339,-0.6519501209259033,-0.04174007475376129,0.03823708742856979,-0.01955946534872055,0.9990772604942322],"scale":0.9999997615814209,"type":"railing_support2"}
{"pos":[-33.24224853515625,-832.1390991210938,132.9056854248047],"rotationMatrix":[-0.6542470455169678,-0.7562189102172852,0.009686735458672047,0.755340576171875,-0.6540184020996094,-0.04147962480783463,0.03770298138260841,-0.01982113718986511,0.9990924000740051],"scale":1.00000011920929,"type":"railing_support2"}
{"pos":[-30.95697021484375,-829.5096435546875,132.9072570800781],"rotationMatrix":[-0.656455397605896,-0.754308819770813,0.009201697073876858,0.7534506320953369,-0.6562113761901855,-0.04121837392449379,0.03712963685393333,-0.02012499421834946,0.9991077780723572],"scale":1,"type":"railing_support2"}
{"pos":[-28.66253662109375,-826.8878784179688,132.9107360839844],"rotationMatrix":[-0.6586713790893555,-0.7523801326751709,0.008716936223208904,0.7515422105789185,-0.6584123373031616,-0.04095534607768059,0.03655332699418068,-0.0204249732196331,0.9991229772567749],"scale":1,"type":"railing_support2"}
{"pos":[-26.36248779296875,-824.27099609375,132.9154510498047],"rotationMatrix":[-0.6608889102935791,-0.7504384517669678,0.008232014253735542,0.7496209144592285,-0.6606152057647705,-0.04069197177886963,0.03597501665353775,-0.02072198688983917,0.999137818813324],"scale":1,"type":"railing_support2"}
{"pos":[-24.0516357421875,-821.6632080078125,132.9224243164063],"rotationMatrix":[-0.663111686706543,-0.7484804391860962,0.007747421972453594,0.7476832866668701,-0.6628239154815674,-0.04042638093233109,0.03539352864027023,-0.02101458422839642,0.9991524815559387],"scale":0.9999998211860657,"type":"railing_support2"}
{"pos":[484.3302917480469,-421.3592834472656,151.8759002685547],"rotationMatrix":[-0.06629860401153564,0.9977948069572449,0.003163369838148355,-0.9976326823234558,-0.06622910499572754,-0.01851201429963112,-0.01826168596744537,-0.004383201710879803,0.9998236298561096],"scale":1.00000011920929,"type":"railing_support2"}
{"pos":[484.2168884277344,-419.0184936523438,151.8759002685547],"rotationMatrix":[-0.06630277633666992,0.997794508934021,0.003163437824696302,-0.9976323843002319,-0.06623327732086182,-0.01851201429963112,-0.01826166175305843,-0.004383346997201443,0.9998236298561096],"scale":1.00000011920929,"type":"railing_support2"}
{"pos":[484.1035461425781,-416.6773986816406,151.8759002685547],"rotationMatrix":[-0.06631076335906982,0.997793972492218,0.003163415472954512,-0.997631847858429,-0.06624126434326172,-0.01851189695298672,-0.01826151087880135,-0.004383462946861982,0.9998236298561096],"scale":1.00000011920929,"type":"railing_support2"}
{"pos":[483.9900817871094,-414.3367004394531,151.8759002685547],"rotationMatrix":[-0.06629669666290283,0.9977949857711792,0.00316335866227746,-0.9976328611373901,-0.06622719764709473,-0.01851201057434082,-0.01826169155538082,-0.004383155144751072,0.9998236298561096],"scale":1.00000011920929,"type":"railing_support2"}
{"pos":[483.8765869140625,-411.9959106445313,151.8759002685547],"rotationMatrix":[-0.06629037857055664,0.9977953433990479,0.00316337589174509,-0.9976332187652588,-0.06622087955474854,-0.01851207204163074,-0.01826177909970284,-0.004383061546832323,0.9998236298561096],"scale":1.000000238418579,"type":"railing_support2"}
{"pos":[483.7633056640625,-409.655029296875,151.8759002685547],"rotationMatrix":[-0.06629133224487305,0.9977953433990479,0.003163392655551434,-0.9976332187652588,-0.06622183322906494,-0.0185120701789856,-0.01826177164912224,-0.004383094608783722,0.9998236298561096],"scale":1.000000238418579,"type":"railing_support2"}
{"pos":[483.6500244140625,-407.31396484375,151.8759002685547],"rotationMatrix":[-0.06630194187164307,0.9977946281433105,0.00316347973421216,-0.9976325035095215,-0.06623244285583496,-0.01851201802492142,-0.01826166734099388,-0.00438337167724967,0.9998236298561096],"scale":1,"type":"railing_support2"}
{"pos":[483.5364990234375,-404.9731750488281,151.8759002685547],"rotationMatrix":[-0.06632256507873535,0.9977932572364807,0.003163392189890146,-0.9976311326026917,-0.06625306606292725,-0.01851201616227627,-0.01826157979667187,-0.004383663181215525,0.9998236298561096],"scale":1,"type":"railing_support2"}
{"pos":[483.423095703125,-402.6323852539063,151.8759002685547],"rotationMatrix":[-0.06630551815032959,0.9977943301200867,0.003163360524922609,-0.9976322054862976,-0.06623601913452148,-0.01851201429963112,-0.01826165430247784,-0.004383320454508066,0.9998236298561096],"scale":1.00000011920929,"type":"railing_support2"}
{"pos":[483.3096618652344,-400.2912902832031,151.8759002685547],"rotationMatrix":[-0.06633841991424561,0.99779212474823,0.003163488116115332,-0.9976300001144409,-0.0662689208984375,-0.01851201802492142,-0.0182615052908659,-0.004384050145745277,0.9998236298561096],"scale":1,"type":"railing_support2"}
{"pos":[483.1961059570313,-397.9505615234375,151.8759002685547],"rotationMatrix":[-0.06632125377655029,0.9977933168411255,0.00316337589174509,-0.9976311922073364,-0.06625175476074219,-0.01851201429963112,-0.01826158538460732,-0.004383622203022242,0.9998236298561096],"scale":1.000000357627869,"type":"railing_support2"}
{"pos":[483.0827941894531,-395.6097106933594,151.8759002685547],"rotationMatrix":[-0.06631970405578613,0.9977933764457703,0.003163544926792383,-0.9976312518119812,-0.06625020503997803,-0.01851202175021172,-0.01826158724725246,-0.004383763764053583,0.9998236298561096],"scale":1.000000238418579,"type":"railing_support2"}
{"pos":[482.96923828125,-393.2690124511719,151.8759002685547],"rotationMatrix":[-0.06629717350006104,0.9977948665618896,0.003163411747664213,-0.9976327419281006,-0.06622767448425293,-0.01851201429963112,-0.01826168783009052,-0.004383218940347433,0.9998236298561096],"scale":1.00000011920929,"type":"railing_support2"}
{"pos":[482.8558654785156,-390.9281311035156,151.8759155273438],"rotationMatrix":[-0.06632137298583984,0.9977933168411255,0.003163386136293411,-0.9976311922073364,-0.06625187397003174,-0.01851212978363037,-0.01826169714331627,-0.00438364315778017,0.9998236298561096],"scale":1.00000011920929,"type":"railing_support2"}
{"pos":[482.7414245605469,-388.5931396484375,151.8753051757813],"rotationMatrix":[-0.06542956829071045,0.9978508353233337,0.003560358192771673,-0.9976903796195984,-0.06535303592681885,-0.01851942762732506,-0.01824694685637951,-0.004763852339237928,0.9998221397399902],"scale":1,"type":"railing_support2"}
{"pos":[482.6270446777344,-386.2927551269531,151.8727722167969],"rotationMatrix":[-0.05952310562133789,0.9982016682624817,0.007102868985384703,-0.9980623126029968,-0.05938267707824707,-0.01858246512711048,-0.01812726072967052,-0.008195193484425545,0.9998021125793457],"scale":1,"type":"railing_support2"}
{"pos":[472.5975036621094,-420.2526245117188,151.8609008789063],"rotationMatrix":[0.0441550612449646,-0.9990196228027344,0.003163432702422142,0.9988560676574707,0.04408919811248779,-0.0185120590031147,0.01835443638265133,0.003977215848863125,0.9998236298561096],"scale":1.00000011920929,"type":"railing_support2"}
{"pos":[472.484130859375,-417.9118957519531,151.8609008789063],"rotationMatrix":[0.04415971040725708,-0.9990194439888,0.00316336378455162,0.9988558888435364,0.04409384727478027,-0.0185120515525341,0.01835441589355469,0.003977230750024319,0.9998236298561096],"scale":1.00000011920929,"type":"railing_support2"}
{"pos":[472.3707885742188,-415.5708923339844,151.8609008789063],"rotationMatrix":[0.04416745901107788,-0.9990190863609314,0.003163388930261135,0.9988555312156677,0.04410159587860107,-0.0185121688991785,0.01835450157523155,0.003977404441684484,0.9998236298561096],"scale":1.00000011920929,"type":"railing_support2"}
{"pos":[472.2573547363281,-413.2300109863281,151.8609008789063],"rotationMatrix":[0.04415345191955566,-0.9990197420120239,0.003163442946970463,0.9988561868667603,0.04408758878707886,-0.0185120552778244,0.01835444197058678,0.003977195825427771,0.9998236298561096],"scale":1.00000011920929,"type":"railing_support2"}
{"pos":[472.1438598632813,-410.88916015625,151.8609008789063],"rotationMatrix":[0.0441473126411438,-0.999019980430603,0.003163423854857683,0.9988564252853394,0.04408144950866699,-0.01851199753582478,0.01835440844297409,0.003977060783654451,0.9998236298561096],"scale":1.000000238418579,"type":"railing_support2"}
{"pos":[472.0305480957031,-408.5482788085938,151.8609008789063],"rotationMatrix":[0.04414784908294678,-0.999019980430603,0.003163408953696489,0.9988564252853394,0.04408198595046997,-0.01851199753582478,0.01835440658032894,0.003977055195719004,0.9998236298561096],"scale":1.000000238418579,"type":"railing_support2"}
{"pos":[471.9172668457031,-406.2073669433594,151.8609008789063],"rotationMatrix":[0.04415851831436157,-0.9990195631980896,0.003163323272019625,0.9988560080528259,0.04409265518188477,-0.0185120552778244,0.01835442520678043,0.003977170679718256,0.9998236298561096],"scale":1,"type":"railing_support2"}
{"pos":[471.8037109375,-403.8667907714844,151.8609008789063],"rotationMatrix":[0.04417949914932251,-0.9990184903144836,0.003163407556712627,0.99885493516922,0.0441136360168457,-0.01851205341517925,0.01835433766245842,0.003977637272328138,0.9998236298561096],"scale":1.00000011920929,"type":"railing_support2"}
{"pos":[471.6903381347656,-401.5257873535156,151.8609008789063],"rotationMatrix":[0.0441623330116272,-0.9990193247795105,0.003163441084325314,0.9988557696342468,0.04409646987915039,-0.01851205714046955,0.01835440471768379,0.003977356944233179,0.9998236298561096],"scale":1.000000238418579,"type":"railing_support2"}
{"pos":[471.5768737792969,-399.1850891113281,151.8609008789063],"rotationMatrix":[0.04419547319412231,-0.9990178346633911,0.003163312096148729,0.9988542795181274,0.04412961006164551,-0.0185120515525341,0.0183542761951685,0.003977836109697819,0.9998236298561096],"scale":1.00000011920929,"type":"railing_support2"}
{"pos":[471.4633178710938,-396.8441772460938,151.8609008789063],"rotationMatrix":[0.04417818784713745,-0.9990186095237732,0.003163424786180258,0.9988550543785095,0.04411232471466064,-0.0185120552778244,0.01835434325039387,0.003977631218731403,0.9998236298561096],"scale":1.000000357627869,"type":"railing_support2"}
{"pos":[471.3500061035156,-394.5032958984375,151.8609008789063],"rotationMatrix":[0.04417651891708374,-0.999018669128418,0.003163254354149103,0.9988551139831543,0.04411065578460693,-0.0185120552778244,0.01835435628890991,0.003977430053055286,0.9998236298561096],"scale":1.000000238418579,"type":"railing_support2"}
{"pos":[471.2365112304688,-392.162353515625,151.8609008789063],"rotationMatrix":[0.04415374994277954,-0.9990197420120239,0.003163389395922422,0.9988561868667603,0.04408788681030273,-0.0185120552778244,0.01835444010794163,0.003977148327976465,0.9998236298561096],"scale":1.00000011920929,"type":"railing_support2"}
{"pos":[471.1230773925781,-389.8217163085938,151.8609161376953],"rotationMatrix":[0.04417818784713745,-0.9990187287330627,0.003163415007293224,0.9988551735877991,0.04411232471466064,-0.01851193606853485,0.01835422217845917,0.003977617714554071,0.9998236298561096],"scale":1.00000011920929,"type":"railing_support2"}
{"pos":[471.0096435546875,-387.4762573242188,151.8609771728516],"rotationMatrix":[0.04328513145446777,-0.9990589618682861,0.002766374964267015,0.9988937377929688,0.04322671890258789,-0.01851343736052513,0.01837643422186375,0.003564672078937292,0.9998247623443604],"scale":1,"type":"railing_support2"}
{"pos":[470.9020690917969,-385.1064147949219,151.8643646240234],"rotationMatrix":[0.03737300634384155,-0.9993011355400085,-0.0007767155766487122,0.9991293549537659,0.03738099336624146,-0.01852867752313614,0.01854476146399975,-8.356478065252304e-05,0.999828040599823],"scale":1.00000011920929,"type":"railing_support2"}
{"pos":[-955.9434814453125,-365.0258178710938,102.2499313354492],"rotationMatrix":[0.6457765102386475,-0.7635241746902466,0.001876885071396828,0.7632677555084229,0.6454916596412659,-0.02762017212808132,0.01987715624272823,0.01926902495324612,0.9996167421340942],"scale":0.9999998807907104,"type":"railing_support2"}
{"pos":[-954.1067504882813,-367.029052734375,102.2388229370117],"rotationMatrix":[0.6603057384490967,-0.7509946227073669,0.001830787397921085,0.750769317150116,0.6600437164306641,-0.02622357197105885,0.01848536357283592,0.01869007386267185,0.9996544122695923],"scale":0.9999997615814209,"type":"railing_support2"}
{"pos":[-952.230712890625,-368.9904479980469,102.2276840209961],"rotationMatrix":[0.674228847026825,-0.7385203242301941,0.001781122293323278,0.7383237481117249,0.6739895343780518,-0.0248201172798872,0.01712970249354839,0.01804948411881924,0.9996903538703918],"scale":0.9999997615814209,"type":"railing_support2"}
{"pos":[-950.32421875,-370.9173889160156,102.2164993286133],"rotationMatrix":[0.6876181364059448,-0.7260704636573792,0.001733623910695314,0.7259004712104797,0.6874012351036072,-0.02341112121939659,0.01580642908811569,0.01735635101795197,0.9997244477272034],"scale":0.9999998211860657,"type":"railing_support2"}
{"pos":[-948.3839111328125,-372.8049926757813,102.2052536010742],"rotationMatrix":[0.7004250288009644,-0.7137239575386047,0.001684343907982111,0.7135782837867737,0.7002301216125488,-0.02199559658765793,0.01451935619115829,0.01660817861557007,0.9997566342353821],"scale":0.9999998211860657,"type":"railing_support2"}
{"pos":[-946.4144897460938,-374.6568603515625,102.193977355957],"rotationMatrix":[0.7126854062080383,-0.7014818787574768,0.001635813154280186,0.7013582587242126,0.7125118970870972,-0.02057427912950516,0.01326694805175066,0.0158102810382843,0.9997869729995728],"scale":0.9999998211860657,"type":"railing_support2"}
{"pos":[-944.4163818359375,-376.4718933105469,102.1826248168945],"rotationMatrix":[0.7243956327438354,-0.6893826127052307,0.001587161794304848,0.6892791390419006,0.7242428064346313,-0.01914660073816776,0.0120498426258564,0.01496371161192656,0.9998154044151306],"scale":0.9999998211860657,"type":"railing_support2"}
{"pos":[-942.390625,-378.2501831054688,102.1712112426758],"rotationMatrix":[0.7355577945709229,-0.6774601936340332,0.001537774689495564,0.6773747205734253,0.7354248762130737,-0.01771272532641888,0.0108687486499548,0.01407038327306509,0.9998419284820557],"scale":0.9999998211860657,"type":"railing_support2"}
{"pos":[-940.3408203125,-379.9950561523438,102.159782409668],"rotationMatrix":[0.7462069988250732,-0.6657123565673828,0.001489272341132164,0.6656429767608643,0.7460928559303284,-0.01627291366457939,0.00972194317728281,0.01313428487628698,0.9998664855957031],"scale":0.9999998211860657,"type":"railing_support2"}
{"pos":[-938.2652587890625,-381.7022399902344,102.1482467651367],"rotationMatrix":[0.7563146948814392,-0.654206395149231,0.001438695704564452,0.6541513204574585,0.7562183737754822,-0.01482599694281816,0.008611293509602547,0.01215424481779337,0.999889075756073],"scale":0.9999997615814209,"type":"railing_support2"}
{"pos":[-936.1691284179688,-383.3785095214844,102.1366958618164],"rotationMatrix":[0.7659499049186707,-0.6428987383842468,0.001390219666063786,0.6428560614585876,0.765870213508606,-0.01337268948554993,0.007532557472586632,0.01113652065396309,0.9999096393585205],"scale":0.9999998211860657,"type":"railing_support2"}
{"pos":[-934.0501098632813,-385.018310546875,102.1250686645508],"rotationMatrix":[0.7750536799430847,-0.6318939328193665,0.001339078182354569,0.6318619847297668,0.7749893069267273,-0.01191183924674988,0.00648924894630909,0.0100784283131361,0.9999281764030457],"scale":0.9999997615814209,"type":"railing_support2"}
{"pos":[-931.9129028320313,-386.6280517578125,102.1133804321289],"rotationMatrix":[0.783703625202179,-0.6211336255073547,0.001289409585297108,0.6211108565330505,0.7836531400680542,-0.01044400501996279,0.005476673133671284,0.008985870517790318,0.9999446272850037],"scale":0.9999998211860657,"type":"railing_support2"}
{"pos":[-929.7565307617188,-388.20458984375,102.1016311645508],"rotationMatrix":[0.7918630838394165,-0.610697329044342,0.001238777535036206,0.6106820702552795,0.7918250560760498,-0.00896818283945322,0.004495951347053051,0.007858072407543659,0.9999589920043945],"scale":0.9999997615814209,"type":"railing_support2"}
{"pos":[-927.5830688476563,-389.750244140625,102.0898056030273],"rotationMatrix":[0.799565315246582,-0.6005780100822449,0.001187481102533638,0.6005687117576599,0.7995381355285645,-0.007483573164790869,0.003545033279806376,0.006696769502013922,0.9999712705612183],"scale":0.9999997615814209,"type":"railing_support2"}
{"pos":[-925.3942260742188,-391.2668151855469,102.0779190063477],"rotationMatrix":[0.8068289756774902,-0.5907840132713318,0.001136341481469572,0.5907792448997498,0.8068110346794128,-0.005990327335894108,0.002622176427394152,0.005504496395587921,0.9999814033508301],"scale":0.9999998807907104,"type":"railing_support2"}
{"pos":[-923.1903686523438,-392.7536926269531,102.0659408569336],"rotationMatrix":[0.8136534690856934,-0.5813491344451904,0.001084074028767645,0.5813475847244263,0.8136429786682129,-0.004487257916480303,0.001726614194922149,0.004281296860426664,0.9999893307685852],"scale":0.9999998807907104,"type":"railing_support2"}
{"pos":[-920.9742431640625,-394.2149658203125,102.0538711547852],"rotationMatrix":[0.8200815320014954,-0.5722458362579346,0.00103294791188091,0.5722460746765137,0.820076584815979,-0.00297476863488555,0.0008552024373784661,0.003030653111636639,0.9999950528144836],"scale":0.9999998211860657,"type":"railing_support2"}
{"pos":[-918.7446899414063,-395.647216796875,102.0417251586914],"rotationMatrix":[0.8260629177093506,-0.5635770559310913,0.0009798030368983746,0.5635778903961182,0.8260616660118103,-0.001450499519705772,8.090544724836946e-06,0.001750399125739932,0.9999984502792358],"scale":0.9999998807907104,"type":"railing_support2"}
{"pos":[-916.5055541992188,-397.0563354492188,102.0294876098633],"rotationMatrix":[0.8316742777824402,-0.5552630424499512,0.0009280503145419061,0.5552631616592407,0.8316746950149536,8.455796341877431e-05,-0.0008187878993339837,0.0004449874977581203,0.9999995827674866],"scale":0.9999997615814209,"type":"railing_support2"}
{"pos":[-914.2557373046875,-398.4396667480469,102.0171127319336],"rotationMatrix":[0.8368741273880005,-0.5473946332931519,0.0008745547384023666,0.5473929643630981,0.8368741273880005,0.001633029896765947,-0.001625803997740149,-0.0008879154920578003,0.9999982714653015],"scale":0.9999997615814209,"type":"railing_support2"}
{"pos":[-912.0078735351563,-399.7942504882813,102.0054321289063],"rotationMatrix":[0.8407968282699585,-0.541350781917572,6.682088132947683e-05,0.5413480401039124,0.8407928943634033,0.003081997158005834,-0.001724624307826161,-0.002555160084739327,0.999995231628418],"scale":0.9999998211860657,"type":"railing_support2"}
{"pos":[-909.8170776367188,-401.1017456054688,101.9971694946289],"rotationMatrix":[0.8390070199966431,-0.5440638661384583,-0.007854369468986988,0.5440965294837952,0.8390182852745056,0.00270542036741972,0.005118038505315781,-0.006543401628732681,0.999965488910675],"scale":0.9999998211860657,"type":"railing_support2"}
