{"pos":[-499.4360046386719,-60.07740020751953,117.9459991455078],"rotationMatrix":[0.5141327381134033,0.8576741218566895,0.007910832762718201,-0.8551691174507141,0.5118780136108398,0.08164943009614944,0.06597922742366791,-0.04874374717473984,0.9966297149658203],"scale":1,"type":"screenfence1"}
{"pos":[-497.7950134277344,-57.43429946899414,117.9489974975586],"rotationMatrix":[0.5209910869598389,0.8535314798355103,0.007234388496726751,-0.8509965538978577,0.5187498331069946,0.08187482506036758,0.0661299079656601,-0.04881249368190765,0.9966163635253906],"scale":1,"type":"screenfence1"}
{"pos":[-496.1369934082031,-54.8026008605957,117.9509963989258],"rotationMatrix":[0.5276130437850952,0.8494580984115601,0.006740988232195377,-0.8469080924987793,0.5253784656524658,0.08200100064277649,0.06611484289169312,-0.04897379502654076,0.9966094493865967],"scale":1,"type":"screenfence1"}
{"pos":[-494.4570007324219,-52.18600082397461,117.9509963989258],"rotationMatrix":[0.5341885089874268,0.8453416228294373,0.006342379841953516,-0.8427696824073792,0.5319458246231079,0.08229739964008331,0.06619561463594437,-0.04930749163031578,0.9965876340866089],"scale":1,"type":"screenfence1"}
{"pos":[-492.7619934082031,-49.57889938354492,117.9499969482422],"rotationMatrix":[0.5407110452651978,0.8411892652511597,0.005673570092767477,-0.8385874032974243,0.5384820699691772,0.08251195400953293,0.06635305285453796,-0.04937290772795677,0.9965739250183105],"scale":1,"type":"screenfence1"}
{"pos":[-491.0329895019531,-46.99549865722656,117.9449996948242],"rotationMatrix":[0.5470037460327148,0.8371140956878662,0.005188316106796265,-0.8344972133636475,0.5447816848754883,0.0826273187994957,0.06634199619293213,-0.04952709004282951,0.9965670108795166],"scale":1,"type":"screenfence1"}
{"pos":[-489.2959899902344,-44.41780090332031,117.9400024414063],"rotationMatrix":[0.5534417629241943,0.8328746557235718,0.004689631052315235,-0.8302425742149353,0.5512268543243408,0.082741878926754,0.06632856279611588,-0.04968634247779846,0.9965599775314331],"scale":1,"type":"screenfence1"}
{"pos":[-487.5459899902344,-41.84970092773438,117.9339981079102],"rotationMatrix":[0.5596461296081543,0.8287205100059509,0.004300509579479694,-0.8260665535926819,0.5574229955673218,0.08302813768386841,0.06640992313623428,-0.05001888424158096,0.9965379238128662],"scale":1,"type":"screenfence1"}
{"pos":[-485.7669982910156,-39.30220031738281,117.9260025024414],"rotationMatrix":[0.5656132698059082,0.8246625661849976,0.003643682459369302,-0.8219782710075378,0.5634044408798218,0.08322957903146744,0.06658345460891724,-0.05007078498601913,0.9965237379074097],"scale":1,"type":"screenfence1"}
{"pos":[-483.9750061035156,-36.76459884643555,117.9160003662109],"rotationMatrix":[0.5715466737747192,0.8205634355545044,0.003167126327753067,-0.8178641200065613,0.5693448781967163,0.08333465456962585,0.06657817959785461,-0.05021992325782776,0.9965165853500366],"scale":1,"type":"screenfence1"}
{"pos":[-482.1589965820313,-34.24480056762695,117.9039993286133],"rotationMatrix":[0.5774390697479248,0.8164293766021729,0.002689568791538477,-0.8137150406837463,0.5752444267272949,0.08343689888715744,0.06657317280769348,-0.05036826804280281,0.9965094327926636],"scale":1,"type":"screenfence1"}
{"pos":[-480.3340148925781,-31.7317008972168,117.890998840332],"rotationMatrix":[0.5832831859588623,0.8122663497924805,0.002033020136877894,-0.8095218539237976,0.5811030864715576,0.08362753689289093,0.06674643605947495,-0.05042431131005287,0.9964950084686279],"scale":1,"type":"screenfence1"}
{"pos":[-478.4989929199219,-29.22669982910156,117.8779983520508],"rotationMatrix":[0.5889122486114502,0.8081952929496765,0.001655284548178315,-0.8054284453392029,0.5867242813110352,0.08390246331691742,0.06683837622404099,-0.05074439942836761,0.9964725971221924],"scale":1,"type":"screenfence1"}
{"pos":[-476.6289978027344,-26.74880027770996,117.8610000610352],"rotationMatrix":[0.5945029258728027,0.8040925860404968,0.001183868502266705,-0.8013105392456055,0.5923223495483398,0.08399816602468491,0.06684106588363647,-0.05088580027222633,0.9964652061462402],"scale":1,"type":"screenfence1"}
{"pos":[-474.7470092773438,-24.27969932556152,117.8430023193359],"rotationMatrix":[0.6000549793243408,0.7999584674835205,0.0007133097969926894,-0.7971612215042114,0.5978817939758301,0.08409110456705093,0.06684291362762451,-0.05102790892124176,0.9964578151702881],"scale":1,"type":"screenfence1"}
{"pos":[-472.8529968261719,-21.82169914245605,117.8239974975586],"rotationMatrix":[0.6053837537765503,0.795933723449707,7.283504965016618e-05,-0.7931062579154968,0.6032254695892334,0.08427047729492188,0.06702978163957596,-0.05107374489307404,0.9964429140090942],"scale":1,"type":"screenfence1"}
{"pos":[-470.9429931640625,-19.37540054321289,117.8040008544922],"rotationMatrix":[0.610683798789978,0.7918744683265686,-0.0003888419305440038,-0.7890318036079407,0.6085330247879028,0.08435837179422379,0.06703786551952362,-0.05120948329567909,0.9964354038238525],"scale":1,"type":"screenfence1"}
{"pos":[-469.0220031738281,-16.93860054016113,117.7819976806641],"rotationMatrix":[0.615947961807251,0.7877864837646484,-0.0007619770476594567,-0.7849212288856506,0.6137895584106445,0.08462294936180115,0.06713250279426575,-0.05152523890137672,0.9964127540588379],"scale":1,"type":"screenfence1"}
{"pos":[-467.072998046875,-14.52550029754639,117.7580032348633],"rotationMatrix":[0.62117600440979,0.7836701273918152,-0.00122366682626307,-0.7807897329330444,0.6190251111984253,0.08470731973648071,0.06714008003473282,-0.05166272819042206,0.9964051246643066],"scale":1,"type":"screenfence1"}
{"pos":[-465.1170043945313,-12.11849975585938,117.7330017089844],"rotationMatrix":[0.6261875629425049,0.779670238494873,-0.00185624638106674,-0.7767595648765564,0.6240519285202026,0.08487514406442642,0.06733301281929016,-0.05170590057969093,0.9963898658752441],"scale":1,"type":"screenfence1"}
{"pos":[-463.1499938964844,-9.720700263977051,117.7070007324219],"rotationMatrix":[0.6311730146408081,0.7756386399269104,-0.002311426214873791,-0.772712767124176,0.6290452480316162,0.08495349436998367,0.0673472061753273,-0.05183428525924683,0.9963822364807129],"scale":1,"type":"screenfence1"}
{"pos":[-461.1610107421875,-7.341599941253662,117.6780014038086],"rotationMatrix":[0.636124849319458,0.7715811729431152,-0.002765096956863999,-0.7686401009559631,0.6340048313140869,0.08503078669309616,0.06736123561859131,-0.05196483060717583,0.9963744878768921],"scale":1,"type":"screenfence1"}
{"pos":[-459.1600036621094,-4.973199844360352,117.6490020751953],"rotationMatrix":[0.641042947769165,0.7674986124038696,-0.003134411759674549,-0.7645345330238342,0.6389155387878418,0.0852871760725975,0.06746041774749756,-0.0522763766348362,0.9963514804840088],"scale":1,"type":"screenfence1"}
{"pos":[-457.1400146484375,-2.621500015258789,117.6179962158203],"rotationMatrix":[0.6457593441009521,0.7635326385498047,-0.003578644944354892,-0.7605533003807068,0.6436396837234497,0.08536157757043839,0.06747970730066299,-0.05240128561854362,0.9963436126708984],"scale":1,"type":"screenfence1"}
{"pos":[-455.114013671875,-0.2763000130653381,117.5859985351563],"rotationMatrix":[0.6504364013671875,0.759549081325531,-0.0042044622823596,-0.7565394639968872,0.6483324766159058,0.08551657199859619,0.06767991930246353,-0.05244224891066551,0.9963278770446777],"scale":1,"type":"screenfence1"}
{"pos":[-530.7360229492188,-124.4649963378906,117.1669998168945],"rotationMatrix":[0.3235890865325928,0.9459669589996338,0.02089542336761951,-0.9439998269081116,0.3212543725967407,0.07523270696401596,0.06445491313934326,-0.04406975954771042,0.9969470500946045],"scale":1,"type":"screenfence1"}
{"pos":[-529.677001953125,-121.5250015258789,117.2119979858398],"rotationMatrix":[0.3333158493041992,0.9425932168960571,0.02045970596373081,-0.9406060576438904,0.3309718370437622,0.07561687380075455,0.06450436264276505,-0.04444882646203041,0.99692702293396],"scale":1,"type":"screenfence1"}
{"pos":[-528.573974609375,-118.6009979248047,117.2529983520508],"rotationMatrix":[0.3429665565490723,0.9391401410102844,0.0197430532425642,-0.9371234178543091,0.3406333923339844,0.0759512335062027,0.06460370868444443,-0.04455041140317917,0.9969160556793213],"scale":1,"type":"screenfence1"}
{"pos":[-527.4420166015625,-115.6890029907227,117.2929992675781],"rotationMatrix":[0.3523247241973877,0.9356785416603088,0.01931261830031872,-0.9336416721343994,0.3499823808670044,0.07632541656494141,0.06465697288513184,-0.04492239654064178,0.9968959093093872],"scale":1,"type":"screenfence1"}
{"pos":[-526.2830200195313,-112.7890014648438,117.3310012817383],"rotationMatrix":[0.3616098165512085,0.9321439266204834,0.01860124431550503,-0.9300774931907654,0.359278678894043,0.07664622366428375,0.06476228684186935,-0.04501662403345108,0.996884822845459],"scale":1,"type":"screenfence1"}
{"pos":[-525.093017578125,-109.9020004272461,117.3669967651367],"rotationMatrix":[0.3708333969116211,0.9285238981246948,0.01805426180362701,-0.926442563533783,0.3685078620910645,0.07685116678476334,0.0647050067782402,-0.04522521793842316,0.9968791007995605],"scale":1,"type":"screenfence1"}
{"pos":[-523.8880004882813,-107.0220031738281,117.4020004272461],"rotationMatrix":[0.3799839019775391,0.9248284101486206,0.01745438016951084,-0.9227119088172913,0.3776549100875854,0.07732692360877991,0.06492239981889725,-0.04548835009336472,0.9968529939651489],"scale":1,"type":"screenfence1"}
{"pos":[-522.6500244140625,-104.1569976806641,117.4349975585938],"rotationMatrix":[0.3888516426086426,0.9211451411247253,0.01691395230591297,-0.9190137386322021,0.386528491973877,0.07752054184675217,0.0648699477314949,-0.04568814486265182,0.9968472719192505],"scale":1,"type":"screenfence1"}
{"pos":[-521.3790283203125,-101.306999206543,117.4660034179688],"rotationMatrix":[0.3976497650146484,0.9173940420150757,0.01621114462614059,-0.915233314037323,0.3953380584716797,0.07781881839036942,0.06498163938522339,-0.04578161612153053,0.9968357086181641],"scale":1,"type":"screenfence1"}
{"pos":[-520.0850219726563,-98.46739959716797,117.495002746582],"rotationMatrix":[0.4061715602874756,0.9136604070663452,0.01578869484364986,-0.9114789366722107,0.4038509130477905,0.07817058265209198,0.06504508852958679,-0.04614172875881195,0.9968149662017822],"scale":1,"type":"screenfence1"}
{"pos":[-518.760009765625,-95.64320373535156,117.5220031738281],"rotationMatrix":[0.4146268367767334,0.9098663926124573,0.01509023364633322,-0.9076552987098694,0.4123179912567139,0.0784585028886795,0.06516477465629578,-0.04622773081064224,0.9968031644821167],"scale":1,"type":"screenfence1"}
{"pos":[-517.4219970703125,-92.82620239257813,117.5479965209961],"rotationMatrix":[0.4232413768768311,0.9059001803398132,0.01454706024378538,-0.9036741256713867,0.4209386110305786,0.07863661646842957,0.06511349976062775,-0.04642807319760323,0.9967972040176392],"scale":1,"type":"screenfence1"}
{"pos":[-516.0579833984375,-90.02189636230469,117.5719985961914],"rotationMatrix":[0.4313600063323975,0.9020717740058899,0.01396511122584343,-0.8998101949691772,0.4290542602539063,0.07908235490322113,0.06534617394208908,-0.04667891561985016,0.9967702627182007],"scale":1,"type":"screenfence1"}
{"pos":[-514.656005859375,-87.23709869384766,117.5930023193359],"rotationMatrix":[0.4396381378173828,0.8980746269226074,0.0134274996817112,-0.8957979679107666,0.4373387098312378,0.07925191521644592,0.06530176848173141,-0.04687048867344856,0.9967641830444336],"scale":1,"type":"screenfence1"}
{"pos":[-513.2369995117188,-84.46199798583984,117.6129989624023],"rotationMatrix":[0.4476392269134521,0.8941236138343811,0.01273261290043592,-0.8918170928955078,0.4453520774841309,0.07952206581830978,0.06543206423521042,-0.04695235937833786,0.9967517852783203],"scale":1,"type":"screenfence1"}
{"pos":[-511.7900085449219,-81.70179748535156,117.6320037841797],"rotationMatrix":[0.4553802013397217,0.8902117609977722,0.01232348568737507,-0.8878843188285828,0.4530842304229736,0.07985031604766846,0.06550011038780212,-0.04730408266186714,0.9967306852340698],"scale":1,"type":"screenfence1"}
{"pos":[-510.3290100097656,-78.95020294189453,117.6490020751953],"rotationMatrix":[0.4632670879364014,0.8861424326896667,0.01162522193044424,-0.8837851881980896,0.4609837532043457,0.08011084049940109,0.06563058495521545,-0.04738691449165344,0.996718168258667],"scale":1,"type":"screenfence1"}
{"pos":[-508.8469848632813,-76.20989990234375,117.6640014648438],"rotationMatrix":[0.4708967208862305,0.8821184635162354,0.01110478118062019,-0.8797460198402405,0.4686198234558105,0.0802646204829216,0.0655989795923233,-0.04756573215126991,0.9967117309570313],"scale":1,"type":"screenfence1"}
{"pos":[-507.3259887695313,-73.49199676513672,117.677001953125],"rotationMatrix":[0.4782674312591553,0.8781490921974182,0.01069977506995201,-0.8757554888725281,0.4759819507598877,0.08058249950408936,0.06567054241895676,-0.04791036993265152,0.9966905117034912],"scale":1,"type":"screenfence1"}
{"pos":[-505.7909851074219,-70.78279876708984,117.6880035400391],"rotationMatrix":[0.4857826232910156,0.874022364616394,0.01000881101936102,-0.8715988397598267,0.4835100173950195,0.08083014190196991,0.06580799072980881,-0.04798954725265503,0.9966776371002197],"scale":1,"type":"screenfence1"}
{"pos":[-504.2340087890625,-68.08679962158203,117.697998046875],"rotationMatrix":[0.4930481910705566,0.8699501156806946,0.009499112144112587,-0.8675116896629333,0.4907820224761963,0.08097236603498459,0.0657799243927002,-0.04816386848688126,0.9966710805892944],"scale":1,"type":"screenfence1"}
{"pos":[-502.6579895019531,-65.40219879150391,117.7060012817383],"rotationMatrix":[0.5000618696212769,0.8659429550170898,0.008997688069939613,-0.8634894490242004,0.4978022575378418,0.08111022412776947,0.06575775146484375,-0.04832953959703445,0.9966645240783691],"scale":1,"type":"screenfence1"}
{"pos":[-501.0660095214844,-62.72769927978516,117.7129974365234],"rotationMatrix":[0.5072183609008789,0.8617765307426453,0.00841174740344286,-0.8592864274978638,0.5049570798873901,0.0815177708864212,0.06600253283977509,-0.04857541248202324,0.9966363906860352],"scale":1,"type":"screenfence1"}
{"pos":[-545.3670043945313,-185.218994140625,116.0100021362305],"rotationMatrix":[0.1036033630371094,0.9940817952156067,0.03267548233270645,-0.9926437735557556,0.1012725830078125,0.06634938716888428,0.06264758855104446,-0.03930913284420967,0.9972612857818604],"scale":1,"type":"screenfence1"}
{"pos":[-544.968994140625,-182.1089935302734,116.0910034179688],"rotationMatrix":[0.1156078577041626,0.9927710890769958,0.03225540369749069,-0.9913145303726196,0.1132669448852539,0.0668291300535202,0.0626925528049469,-0.03970121964812279,0.9972429275512695],"scale":1,"type":"screenfence1"}
{"pos":[-544.52197265625,-179.0059967041016,116.1699981689453],"rotationMatrix":[0.1275274753570557,0.9913287758827209,0.03168557956814766,-0.9898395538330078,0.1251804828643799,0.06743518263101578,0.06288401782512665,-0.03996348008513451,0.9972203969955444],"scale":1,"type":"screenfence1"}
{"pos":[-544.052978515625,-175.906005859375,116.2480010986328],"rotationMatrix":[0.1393656730651855,0.9897562265396118,0.03098033554852009,-0.9882383346557617,0.1370270252227783,0.06788651645183563,0.06294596195220947,-0.04007700458168983,0.9972119331359863],"scale":1,"type":"screenfence1"}
{"pos":[-543.541015625,-172.8139953613281,116.322998046875],"rotationMatrix":[0.1511226892471313,0.9880474805831909,0.03039918653666973,-0.9864963889122009,0.1487784385681152,0.06848283112049103,0.06314154714345932,-0.04033799469470978,0.9971890449523926],"scale":1,"type":"screenfence1"}
{"pos":[-543.0020141601563,-169.7270050048828,116.3970031738281],"rotationMatrix":[0.1628031730651855,0.9862031936645508,0.02997386641800404,-0.9846336841583252,0.1604487895965576,0.06893957406282425,0.06317915022373199,-0.04073686152696609,0.9971704483032227],"scale":1,"type":"screenfence1"}
{"pos":[-542.4340209960938,-166.6450042724609,116.4700012207031],"rotationMatrix":[0.1741411685943604,0.9842855334281921,0.02927182056009769,-0.9826873540878296,0.1717954874038696,0.06936750560998917,0.06324866414070129,-0.04084478691220284,0.9971616268157959],"scale":1,"type":"screenfence1"}
{"pos":[-541.802001953125,-163.5760040283203,116.5390014648438],"rotationMatrix":[0.1856565475463867,0.9821959733963013,0.02868269011378288,-0.9805643558502197,0.1833055019378662,0.06994704902172089,0.06344401836395264,-0.04111135378479958,0.9971382617950439],"scale":1,"type":"screenfence1"}
{"pos":[-541.1489868164063,-160.5119934082031,116.6070022583008],"rotationMatrix":[0.1970956325531006,0.9799808859825134,0.02811972983181477,-0.978334903717041,0.194749116897583,0.0702396035194397,0.06335717439651489,-0.04135443270206451,0.997133731842041],"scale":1,"type":"screenfence1"}
{"pos":[-540.4600219726563,-157.4570007324219,116.6729965209961],"rotationMatrix":[0.2081971168518066,0.9776992201805115,0.02753462828695774,-0.976019561290741,0.2058453559875488,0.07080588489770889,0.06355898827314377,-0.04161591827869415,0.9971100091934204],"scale":1,"type":"screenfence1"}
{"pos":[-539.7440185546875,-154.4089965820313,116.7379989624023],"rotationMatrix":[0.2192213535308838,0.9753063917160034,0.02682250179350376,-0.9735977649688721,0.2168788909912109,0.07121069729328156,0.06363501399755478,-0.04172523319721222,0.9971005916595459],"scale":1,"type":"screenfence1"}
{"pos":[-539.0089721679688,-151.3650054931641,116.8010025024414],"rotationMatrix":[0.230420708656311,0.9727334976196289,0.02637803554534912,-0.9710055589675903,0.2280685901641846,0.0716441422700882,0.06367465853691101,-0.0421215146780014,0.9970813989639282],"scale":1,"type":"screenfence1"}
{"pos":[-538.2039794921875,-148.3399963378906,116.8610000610352],"rotationMatrix":[0.2412878274917603,0.9701109528541565,0.02578540146350861,-0.9683491587638855,0.2389307022094727,0.07219455391168594,0.06387580931186676,-0.04238893836736679,0.9970571994781494],"scale":1,"type":"screenfence1"}
{"pos":[-537.3800048828125,-145.3200073242188,116.9189987182617],"rotationMatrix":[0.2518329620361328,0.9674457311630249,0.02507727220654488,-0.9656549096107483,0.2494854927062988,0.07257798314094543,0.06395884603261948,-0.04249351844191551,0.9970474243164063],"scale":1,"type":"screenfence1"}
{"pos":[-536.5230102539063,-142.3099975585938,116.9759979248047],"rotationMatrix":[0.2625516653060913,0.9646034240722656,0.02463547326624393,-0.9627930521965027,0.2601946592330933,0.07299502938985825,0.06400123238563538,-0.04288382828235626,0.9970279932022095],"scale":1,"type":"screenfence1"}
{"pos":[-535.6380004882813,-139.3099975585938,117.0309982299805],"rotationMatrix":[0.272946834564209,0.9617316722869873,0.02392131648957729,-0.9598920941352844,0.2705998420715332,0.0733683779835701,0.06408758461475372,-0.04298754781484604,0.9970179796218872],"scale":1,"type":"screenfence1"}
{"pos":[-534.7360229492188,-136.3139953613281,117.0849990844727],"rotationMatrix":[0.2835123538970947,0.9586811661720276,0.02347617037594318,-0.9568219184875488,0.2811558246612549,0.07377830892801285,0.06412941962480545,-0.04337957501411438,0.9969983100891113],"scale":1,"type":"screenfence1"}
{"pos":[-533.7760009765625,-133.3370056152344,117.1360015869141],"rotationMatrix":[0.2937575578689575,0.9556089639663696,0.02275852300226688,-0.9537203907966614,0.291411280632019,0.07414082437753677,0.06421754509210587,-0.04348469525575638,0.99698805809021],"scale":1,"type":"screenfence1"}
{"pos":[-532.7940063476563,-130.3690032958984,117.1849975585938],"rotationMatrix":[0.3036928176879883,0.9525147676467896,0.02205207012593746,-0.9505971074104309,0.3013567924499512,0.07449293881654739,0.06431008130311966,-0.04358560591936111,0.996977686882019],"scale":1,"type":"screenfence1"}
{"pos":[-531.780029296875,-127.411003112793,117.2320022583008],"rotationMatrix":[0.3137967586517334,0.9492442607879639,0.02160887978971004,-0.9473065733909607,0.3114514350891113,0.0748882070183754,0.06435707956552505,-0.04396991059184074,0.9969577789306641],"scale":1,"type":"screenfence1"}
{"pos":[-546.52099609375,-235.3220062255859,114.4779968261719],"rotationMatrix":[-0.09500765800476074,0.9946284890174866,0.04108138382434845,-0.9936405420303345,-0.09725689888000488,0.05674165114760399,0.0604323111474514,-0.03542923554778099,0.9975433349609375],"scale":1,"type":"screenfence1"}
{"pos":[-546.7479858398438,-232.1920013427734,114.5859985351563],"rotationMatrix":[-0.08202993869781494,0.9958031177520752,0.04058641940355301,-0.9947847127914429,-0.08428704738616943,0.05743728578090668,0.06061713770031929,-0.0356631726026535,0.9975237846374512],"scale":1,"type":"screenfence1"}
{"pos":[-546.9149780273438,-229.0579986572266,114.6920013427734],"rotationMatrix":[-0.07000744342803955,0.9967395663261414,0.04011507332324982,-0.9956907629966736,-0.07227241992950439,0.05810816586017609,0.06081792339682579,-0.03587420284748077,0.9975039958953857],"scale":1,"type":"screenfence1"}
{"pos":[-547.0579833984375,-225.9239959716797,114.7969970703125],"rotationMatrix":[-0.05747056007385254,0.9975607991218567,0.03961827978491783,-0.9964811205863953,-0.05974316596984863,0.05878880992531776,0.06101233139634132,-0.03610024228692055,0.9974839687347412],"scale":1,"type":"screenfence1"}
{"pos":[-547.1719970703125,-222.7879943847656,114.9000015258789],"rotationMatrix":[-0.04500448703765869,0.9982150793075562,0.03925810009241104,-0.9971186518669128,-0.04728782176971436,0.05931529030203819,0.06106584891676903,-0.0364755317568779,0.997467041015625],"scale":1,"type":"screenfence1"}
{"pos":[-547.2319946289063,-219.6510009765625,115.0019989013672],"rotationMatrix":[-0.03232836723327637,0.998725950717926,0.03874713182449341,-0.9975985884666443,-0.03461921215057373,0.05998824909329414,0.06125321611762047,-0.03671476244926453,0.9974467754364014],"scale":1,"type":"screenfence1"}
{"pos":[-547.2650146484375,-216.5130004882813,115.1019973754883],"rotationMatrix":[-0.01972973346710205,0.9990741610527039,0.03823107853531837,-0.9979156255722046,-0.02202796936035156,0.06065655499696732,0.0614425502717495,-0.03695465251803398,0.9974262714385986],"scale":1,"type":"screenfence1"}
{"pos":[-547.2360229492188,-213.375,115.1999969482422],"rotationMatrix":[-0.007208704948425293,0.9992680549621582,0.0375683531165123,-0.9980815052986145,-0.009500265121459961,0.06118011847138405,0.06149224564433098,-0.03705525025725365,0.9974194765090942],"scale":1,"type":"screenfence1"}
{"pos":[-547.177978515625,-210.2380065917969,115.2969970703125],"rotationMatrix":[0.005234479904174805,0.9993000030517578,0.03704247623682022,-0.9980819225311279,0.002935886383056641,0.06183735281229019,0.06168531253933907,-0.03729511052370071,0.9973986148834229],"scale":1,"type":"screenfence1"}
{"pos":[-547.094970703125,-207.1020050048828,115.3929977416992],"rotationMatrix":[0.01760387420654297,0.9991728663444519,0.03665567561984062,-0.9979372620582581,0.01529479026794434,0.0623483806848526,0.06173617020249367,-0.03767763450741768,0.9973810911178589],"scale":1,"type":"screenfence1"}
{"pos":[-546.9650268554688,-203.9669952392578,115.4860000610352],"rotationMatrix":[0.03017055988311768,0.9988920092582703,0.03611855953931808,-0.9976249933242798,0.02785444259643555,0.06299601495265961,0.06192015111446381,-0.03793340548872948,0.9973599910736084],"scale":1,"type":"screenfence1"}
{"pos":[-546.8040161132813,-200.8339996337891,115.5780029296875],"rotationMatrix":[0.04237937927246094,0.9984678030014038,0.03558063507080078,-0.9971687793731689,0.04005646705627441,0.06363857537508011,0.06211583316326141,-0.03817686438560486,0.9973385334014893],"scale":1,"type":"screenfence1"}
{"pos":[-546.5819702148438,-197.7039947509766,115.6679992675781],"rotationMatrix":[0.05478572845458984,0.9978882670402527,0.03489288687705994,-0.9965609908103943,0.05247032642364502,0.06413328647613525,0.06216701492667198,-0.0382864810526371,0.9973311424255371],"scale":1,"type":"screenfence1"}
{"pos":[-546.3250122070313,-194.5780029296875,115.7559967041016],"rotationMatrix":[0.06711459159851074,0.9971490502357483,0.03448712080717087,-0.9958039522171021,0.064788818359375,0.06462892144918442,0.06221029162406921,-0.03867995366454124,0.9973132610321045],"scale":1,"type":"screenfence1"}
{"pos":[-546.0479736328125,-191.4539947509766,115.8430023193359],"rotationMatrix":[0.07935881614685059,0.9962683320045471,0.03393439948558807,-0.9948911666870117,0.0770263671875,0.06525693088769913,0.06239956989884377,-0.03893974795937538,0.9972913265228271],"scale":1,"type":"screenfence1"}
{"pos":[-545.7210083007813,-188.3350067138672,115.927001953125],"rotationMatrix":[0.0915215015411377,0.9952437877655029,0.03337026014924049,-0.9938339591026306,0.08918285369873047,0.0658818855881691,0.06259248405694962,-0.03919410705566406,0.9972692728042603],"scale":1,"type":"screenfence1"}
{"pos":[-804.3699951171875,-498.02099609375,108.0989990234375],"rotationMatrix":[-0.7438164949417114,-0.6683777570724487,0.002858275547623634,0.6680247783660889,-0.7432699203491211,0.0359540767967701,-0.02190643548965454,0.02865263260900974,0.9993493556976318],"scale":1,"type":"screenfence1"}
{"pos":[-802.1010131835938,-495.9179992675781,108.0970001220703],"rotationMatrix":[-0.7438095808029175,-0.6683841347694397,0.003158966079354286,0.6680469512939453,-0.7432659864425659,0.03562254831194878,-0.02146159298717976,0.0286067295819521,0.9993603229522705],"scale":1,"type":"screenfence1"}
{"pos":[-799.8319702148438,-493.8139953613281,108.0940017700195],"rotationMatrix":[-0.7438027858734131,-0.6683911085128784,0.003276954405009747,0.6680628061294556,-0.7432640790939331,0.03536346554756165,-0.02120098285377026,0.02849265560507774,0.9993691444396973],"scale":1,"type":"screenfence1"}
{"pos":[-797.56201171875,-491.7109985351563,108.0899963378906],"rotationMatrix":[-0.7437959909439087,-0.6683980822563171,0.003393308725208044,0.6680785417556763,-0.7432621717453003,0.0351056270301342,-0.02094241417944431,0.02837841957807541,0.9993778467178345],"scale":1,"type":"screenfence1"}
{"pos":[-795.2930297851563,-489.6069946289063,108.0869979858398],"rotationMatrix":[-0.7437824010848999,-0.668412983417511,0.003435911377891898,0.6681038737297058,-0.7432602643966675,0.03466088324785233,-0.02061400935053825,0.02807570248842239,0.9993932247161865],"scale":1,"type":"screenfence1"}
{"pos":[-793.0239868164063,-487.5029907226563,108.0830001831055],"rotationMatrix":[-0.7437757253646851,-0.6684198379516602,0.003553751623257995,0.6681193113327026,-0.7432584762573242,0.03440054506063461,-0.02035264857113361,0.02796061895787716,0.9994018077850342],"scale":1,"type":"screenfence1"}
{"pos":[-790.7550048828125,-485.3980102539063,108.0780029296875],"rotationMatrix":[-0.7433955669403076,-0.6688408851623535,0.003859783755615354,0.6685552000999451,-0.7428814172744751,0.03407511487603188,-0.01992346718907356,0.02791176736354828,0.9994118213653564],"scale":1,"type":"screenfence1"}
{"pos":[-788.4879760742188,-483.2929992675781,108.072998046875],"rotationMatrix":[-0.7433890104293823,-0.6688475012779236,0.003978167194873095,0.6685702204704285,-0.7428797483444214,0.03381576389074326,-0.01966228894889355,0.02779795229434967,0.999420166015625],"scale":1,"type":"screenfence1"}
{"pos":[-786.219970703125,-481.1860046386719,108.068000793457],"rotationMatrix":[-0.7430024147033691,-0.6692765951156616,0.004032333381474018,0.669009268283844,-0.7425045967102051,0.0333695225417614,-0.01933941431343555,0.02749130502343178,0.9994349479675293],"scale":1,"type":"screenfence1"}
{"pos":[-783.9539794921875,-479.0790100097656,108.0619964599609],"rotationMatrix":[-0.7426227331161499,-0.669697105884552,0.004155538976192474,0.6694378852844238,-0.7421298027038574,0.0331106148660183,-0.01909013465046883,0.02737057209014893,0.9994430541992188],"scale":1,"type":"screenfence1"}
{"pos":[-781.68798828125,-476.9710083007813,108.0559997558594],"rotationMatrix":[-0.7426162958145142,-0.6697022914886475,0.004461674019694328,0.6694576740264893,-0.7421267032623291,0.03277764096856117,-0.01864013262093067,0.02732811123132706,0.9994527101516724],"scale":1,"type":"screenfence1"}
{"pos":[-779.4249877929688,-474.864990234375,108.0490036010742],"rotationMatrix":[-0.7437299489974976,-0.668464720249176,0.004547539167106152,0.6682280302047729,-0.7432453632354736,0.03252129629254341,-0.01835940219461918,0.02722585573792458,0.9994606971740723],"scale":1,"type":"screenfence1"}
{"pos":[-777.1580200195313,-472.7770080566406,108.0400009155273],"rotationMatrix":[-0.7470732927322388,-0.6647243499755859,0.004802279639989138,0.6645104885101318,-0.7466034889221191,0.03176514059305191,-0.01752966269850731,0.02692205272614956,0.9994838237762451],"scale":1,"type":"screenfence1"}
{"pos":[-774.8820190429688,-470.6990051269531,108.0309982299805],"rotationMatrix":[-0.751168966293335,-0.6600890755653381,0.005250026471912861,0.6599043011665344,-0.7507126331329346,0.03093321062624454,-0.01647741347551346,0.026700584217906,0.9995076656341553],"scale":1,"type":"screenfence1"}
{"pos":[-831.5360107421875,-523.3109741210938,108.1019973754883],"rotationMatrix":[-0.7401925325393677,-0.6723930239677429,0.001614425680600107,0.6719118356704712,-0.7395675182342529,0.03967854753136635,-0.02548560313880444,0.03045451641082764,0.9992111921310425],"scale":1,"type":"screenfence1"}
{"pos":[-829.2789916992188,-521.197021484375,108.1029968261719],"rotationMatrix":[-0.7405579090118408,-0.6719903349876404,0.001719255582429469,0.6715192794799805,-0.7399379014968872,0.03941811621189117,-0.02521645277738571,0.03034591116011143,0.9992213249206543],"scale":1,"type":"screenfence1"}
{"pos":[-827.02001953125,-519.0850219726563,108.1050033569336],"rotationMatrix":[-0.7412967681884766,-0.671174943447113,0.00180817733053118,0.6707136631011963,-0.7406817674636841,0.03916249424219131,-0.02494560182094574,0.03024379909038544,0.999231219291687],"scale":1,"type":"screenfence1"}
{"pos":[-824.760009765625,-516.9739990234375,108.1050033569336],"rotationMatrix":[-0.7416626214981079,-0.6707703471183777,0.00191585416905582,0.6703190803527832,-0.741052508354187,0.03890406340360641,-0.02467594482004642,0.030137924477458,0.9992411136627197],"scale":1,"type":"screenfence1"}
{"pos":[-822.4979858398438,-514.864990234375,108.1060028076172],"rotationMatrix":[-0.7420209646224976,-0.6703738570213318,0.001950320205651224,0.6699348092079163,-0.7414231300354004,0.03845889493823051,-0.0243358239531517,0.02984389290213585,0.999258279800415],"scale":1,"type":"screenfence1"}
{"pos":[-820.2360229492188,-512.7559814453125,108.1060028076172],"rotationMatrix":[-0.7423869371414185,-0.6699676513671875,0.002236152999103069,0.6695453524589539,-0.7417917251586914,0.03813221305608749,-0.02388858795166016,0.02980606071650982,0.9992702007293701],"scale":1,"type":"screenfence1"}
{"pos":[-817.9710083007813,-510.6489868164063,108.1060028076172],"rotationMatrix":[-0.7427530288696289,-0.6695613861083984,0.002337702782824636,0.6691485643386841,-0.742162823677063,0.03787533938884735,-0.02362491004168987,0.02969629503786564,0.9992797374725342],"scale":1,"type":"screenfence1"}
{"pos":[-815.7059936523438,-508.5429992675781,108.1060028076172],"rotationMatrix":[-0.7427458763122559,-0.6695688962936401,0.002458269940689206,0.6691657304763794,-0.7421605587005615,0.03761520236730576,-0.02336153760552406,0.02958352491259575,0.9992892742156982],"scale":1,"type":"screenfence1"}
{"pos":[-813.4409790039063,-506.43701171875,108.1050033569336],"rotationMatrix":[-0.7431046962738037,-0.6691705584526062,0.002489870646968484,0.6687789559364319,-0.7425315380096436,0.03717028349637985,-0.02302445285022259,0.02928658574819565,0.9993058443069458],"scale":1,"type":"screenfence1"}
{"pos":[-811.1740112304688,-504.3320007324219,108.1039962768555],"rotationMatrix":[-0.7434710264205933,-0.6687631011009216,0.002592519391328096,0.6683806777000427,-0.7429027557373047,0.0369156189262867,-0.02276181429624557,0.02917848154902458,0.9993150234222412],"scale":1,"type":"screenfence1"}
{"pos":[-808.906005859375,-502.2279968261719,108.1029968261719],"rotationMatrix":[-0.7434639930725098,-0.668770432472229,0.002713196910917759,0.6683974266052246,-0.7429006099700928,0.03665431216359138,-0.02249768562614918,0.02906465530395508,0.9993243217468262],"scale":1,"type":"screenfence1"}
{"pos":[-806.6380004882813,-500.1239929199219,108.1009979248047],"rotationMatrix":[-0.7438304424285889,-0.6683624386787415,0.002811654703691602,0.6679983139038086,-0.743272066116333,0.036398995667696,-0.02223789691925049,0.02895286120474339,0.999333381652832],"scale":1,"type":"screenfence1"}
{"pos":[-260.8080139160156,500.5979919433594,93.93009948730469],"rotationMatrix":[-0.8229142427444458,0.567931592464447,0.01630567014217377,-0.5672091841697693,-0.8228551149368286,0.03439745306968689,0.03295260295271873,0.01905742846429348,0.9992752075195313],"scale":1,"type":"screenfence1"}
{"pos":[-263.625,502.6830139160156,93.96219635009766],"rotationMatrix":[-0.7949951887130737,0.6064726114273071,0.01317763701081276,-0.6055644154548645,-0.7947084903717041,0.04159529879689217,0.0356987901031971,0.02508815564215183,0.9990476369857788],"scale":1,"type":"screenfence1"}
{"pos":[-266.3429870605469,504.8930053710938,93.98359680175781],"rotationMatrix":[-0.7669541835784912,0.6416223049163818,0.01010396331548691,-0.6405303478240967,-0.7664101123809814,0.04833629354834557,0.03875742480158806,0.03059982694685459,0.9987800121307373],"scale":1,"type":"screenfence1"}
{"pos":[-268.9639892578125,507.2179870605469,93.99430084228516],"rotationMatrix":[-0.7395474910736084,0.6730670928955078,0.007084934040904045,-0.6717841029167175,-0.7387149333953857,0.05483042076230049,0.04213829711079597,0.03579015284776688,0.9984705448150635],"scale":1,"type":"screenfence1"}
{"pos":[-271.5010070800781,509.6340026855469,93.99469757080078],"rotationMatrix":[-0.7181565761566162,0.6958687901496887,0.004210487008094788,-0.6945375800132751,-0.7171323299407959,0.05778207629919052,0.04322822019457817,0.03857223689556122,0.9983203411102295],"scale":1,"type":"screenfence1"}
{"pos":[-274.031005859375,512.0599975585938,93.98699951171875],"rotationMatrix":[-0.7145103216171265,0.6996229290962219,0.001663275063037872,-0.6986925601959229,-0.7136788368225098,0.04991196095943451,0.03610659763216972,0.03450049459934235,0.998752236366272],"scale":1,"type":"screenfence1"}
{"pos":[-276.5499877929688,514.4970092773438,93.97170257568359],"rotationMatrix":[-0.7116562128067017,0.7025278806686401,-0.000156588910613209,-0.7018973827362061,-0.7110080718994141,0.04251544177532196,0.0297569464892149,0.03036628849804401,0.9990957975387573],"scale":1,"type":"screenfence1"}
{"pos":[-279.0589904785156,516.9420166015625,93.95040130615234],"rotationMatrix":[-0.7095884084701538,0.704614520072937,-0.001632803119719028,-0.7042137384414673,-0.7091026306152344,0.03544718027114868,0.02381877414882183,0.0263027511537075,0.9993702173233032],"scale":1,"type":"screenfence1"}
{"pos":[-281.5599975585938,519.3939819335938,93.92459869384766],"rotationMatrix":[-0.7075632810592651,0.7066444754600525,-0.00279168994165957,-0.7064126133918762,-0.7072176933288574,0.02871154062449932,0.01831451803445816,0.02228731662034988,0.9995838403701782],"scale":1,"type":"screenfence1"}
{"pos":[-284.0539855957031,521.8519897460938,93.89510345458984],"rotationMatrix":[-0.7063159942626953,0.7078864574432373,-0.003808989189565182,-0.7077763676643372,-0.7060865163803101,0.02223624289035797,0.01305125840008259,0.01840172708034515,0.9997454881668091],"scale":1,"type":"screenfence1"}
{"pos":[-286.5440063476563,524.3140258789063,93.86280059814453],"rotationMatrix":[-0.7051002979278564,0.7090936899185181,-0.004438347648829222,-0.7090606689453125,-0.7049678564071655,0.01591451279819012,0.008155987598001957,0.01436838507652283,0.9998635053634644],"scale":1,"type":"screenfence1"}
{"pos":[-289.0280151367188,526.780029296875,93.82810211181641],"rotationMatrix":[-0.70391845703125,0.7102636098861694,-0.004944913554936647,-0.7102720737457275,-0.7038582563400269,0.009855841286480427,0.003519726917147636,0.01044994220137596,0.9999392032623291],"scale":1,"type":"screenfence1"}
{"pos":[-291.5090026855469,529.25,93.79170227050781],"rotationMatrix":[-0.7031365633010864,0.7110345363616943,-0.00537569634616375,-0.711054265499115,-0.7031254768371582,0.004049803130328655,-0.0009002394508570433,0.006669976282864809,0.9999773502349854],"scale":1,"type":"screenfence1"}
{"pos":[-293.9869995117188,531.7219848632813,93.75389862060547],"rotationMatrix":[-0.7023816108703613,0.7117773294448853,-0.005757203791290522,-0.7117809057235718,-0.7023993730545044,-0.001758948317728937,-0.00529583590105176,0.002862414810806513,0.9999818801879883],"scale":1,"type":"screenfence1"}
{"pos":[-296.4620056152344,534.197021484375,93.71499633789063],"rotationMatrix":[-0.7016540765762329,0.7124927639961243,-0.005968235433101654,-0.7124541997909546,-0.7016787528991699,-0.00747869024053216,-0.009516296908259392,-0.0009953590342774987,0.9999542236328125],"scale":1,"type":"screenfence1"}
{"pos":[-298.9349975585938,536.6740112304688,93.67549896240234],"rotationMatrix":[-0.7013206481933594,0.7128201723098755,-0.006061863154172897,-0.7127183675765991,-0.7013306617736816,-0.01295401435345411,-0.01348525378853083,-0.004764516837894917,0.9998977184295654],"scale":1,"type":"screenfence1"}
{"pos":[-301.4049987792969,539.1519775390625,93.635498046875],"rotationMatrix":[-0.7010123729705811,0.7131224870681763,-0.006161152850836515,-0.7129355072975159,-0.700987696647644,-0.01841691695153713,-0.01745240949094296,-0.008517981506884098,0.9998114109039307],"scale":1,"type":"screenfence1"}
{"pos":[-303.875,541.6320190429688,93.59539794921875],"rotationMatrix":[-0.7007250785827637,0.7134049534797668,-0.006145002320408821,-0.7131177186965942,-0.7006464004516602,-0.02361609414219856,-0.02115331217646599,-0.01216627936810255,0.9997022151947021],"scale":1,"type":"screenfence1"}
{"pos":[-306.3429870605469,544.1129760742188,93.55519866943359],"rotationMatrix":[-0.7004607915878296,0.7136645913124084,-0.00612836517393589,-0.7132580280303955,-0.700309157371521,-0.02881143055856228,-0.02485344745218754,-0.0158101711422205,0.9995660781860352],"scale":1,"type":"screenfence1"}
{"pos":[-308.8089904785156,546.593994140625,93.51519775390625],"rotationMatrix":[-0.7002196311950684,0.7139029502868652,-0.005923328921198845,-0.7133635878562927,-0.6999721527099609,-0.03393242880702019,-0.02837062440812588,-0.01953466609120369,0.9994065761566162],"scale":1,"type":"screenfence1"}
{"pos":[-311.2760009765625,549.0770263671875,93.47560119628906],"rotationMatrix":[-0.6999950408935547,0.7141242027282715,-0.005796858109533787,-0.7134388089179993,-0.6996387243270874,-0.03886839374899864,-0.03181256726384163,-0.02307198010385036,0.9992275238037109],"scale":1,"type":"screenfence1"}
{"pos":[-326.0650024414063,563.9739990234375,93.25440216064453],"rotationMatrix":[-0.7001973390579224,0.7139383554458618,-0.003966570366173983,-0.7121024131774902,-0.6987745761871338,-0.06800161302089691,-0.05132069438695908,-0.04478994384407997,0.9976773262023926],"scale":1,"type":"screenfence1"}
{"pos":[-328.5299987792969,566.4559936523438,93.22139739990234],"rotationMatrix":[-0.7004762887954712,0.7136667370796204,-0.003567667910829186,-0.7116069793701172,-0.6988174915313721,-0.07259196788072586,-0.05429962277412415,-0.04831017553806305,0.9973553419113159],"scale":1,"type":"screenfence1"}
{"pos":[-330.9960021972656,568.93701171875,93.19000244140625],"rotationMatrix":[-0.7007745504379272,0.7133757472038269,-0.003172402968630195,-0.7110798358917236,-0.6988624334335327,-0.07717986404895782,-0.05727531760931015,-0.05182985588908195,0.9970121383666992],"scale":1,"type":"screenfence1"}
{"pos":[-333.4649963378906,571.406005859375,93.16230010986328],"rotationMatrix":[-0.7087531089782715,0.7054551243782043,-0.001461073523387313,-0.7031273245811462,-0.7065795660018921,-0.07973276078701019,-0.05728024616837502,-0.05548352003097534,0.9968152046203613],"scale":1,"type":"screenfence1"}
