{"pos":[38.24469375610352,89.98699951171875,119.5062103271484],"rotationMatrix":[0.01846075057983398,-0.02705970406532288,-0.9994633197784424,0.8233034610748291,0.5676013827323914,-0.0001603960990905762,0.5673011541366577,-0.8228586912155151,0.03275668621063232],"scale":1,"type":"tirestack1"}
{"pos":[39.04856109619141,88.80825805664063,119.5062103271484],"rotationMatrix":[0.01845967769622803,-0.02706044912338257,-0.9994633197784424,0.8233281373977661,0.5675655603408813,-0.0001603364944458008,0.5672652721405029,-0.8228833675384521,0.03275668621063232],"scale":1,"type":"tirestack1"}
{"pos":[39.85255432128906,87.62962341308594,119.5062026977539],"rotationMatrix":[0.01846134662628174,-0.02705982327461243,-0.9994632601737976,0.8232986927032471,0.5676082372665405,-0.0001603066921234131,0.5673078894615173,-0.8228539228439331,0.03275716304779053],"scale":1,"type":"tirestack1"}
{"pos":[40.65657043457031,86.45091247558594,119.5062103271484],"rotationMatrix":[0.01846069097518921,-0.02706024050712585,-0.9994632601737976,0.8233093023300171,0.5675928592681885,-0.0001604855060577393,0.5672925114631653,-0.8228645324707031,0.03275710344314575],"scale":1,"type":"tirestack1"}
{"pos":[41.46063613891602,85.27227783203125,119.5062103271484],"rotationMatrix":[0.01846122741699219,-0.02705958485603333,-0.9994633793830872,0.8232954740524292,0.5676131248474121,-0.0001603960990905762,0.5673128962516785,-0.8228506445884705,0.03275686502456665],"scale":1.00000011920929,"type":"tirestack1"}
{"pos":[42.26465225219727,84.09349060058594,119.5062103271484],"rotationMatrix":[0.01846092939376831,-0.02706003189086914,-0.9994633197784424,0.8233057856559753,0.5675980448722839,-0.0001602768898010254,0.5672978162765503,-0.8228610157966614,0.03275704383850098],"scale":1,"type":"tirestack1"}
{"pos":[43.06852722167969,82.91482543945313,119.5062103271484],"rotationMatrix":[0.01846027374267578,-0.02706041932106018,-0.9994633793830872,0.8233152627944946,0.5675843954086304,-0.000160515308380127,0.5672841668128967,-0.8228704333305359,0.03275704383850098],"scale":1,"type":"tirestack1"}
{"pos":[43.87248611450195,81.73617553710938,119.5062103271484],"rotationMatrix":[0.01846063137054443,-0.02706035971641541,-0.9994633197784424,0.8233137130737305,0.5675866007804871,-0.0001603364944458008,0.5672863721847534,-0.8228688836097717,0.03275716304779053],"scale":1,"type":"tirestack1"}
{"pos":[44.67652893066406,80.55740356445313,119.5062103271484],"rotationMatrix":[0.01846086978912354,-0.0270598828792572,-0.9994633793830872,0.8233013153076172,0.5676045417785645,-0.0001604855060577393,0.5673043131828308,-0.8228565454483032,0.03275692462921143],"scale":1,"type":"tirestack1"}
{"pos":[45.48047256469727,79.37882995605469,119.5062103271484],"rotationMatrix":[0.01846081018447876,-0.02706009149551392,-0.9994633197784424,0.8233042359352112,0.5676003098487854,-0.000160515308380127,0.5673000812530518,-0.8228594064712524,0.03275704383850098],"scale":1,"type":"tirestack1"}
{"pos":[46.28449249267578,78.2001953125,119.5062103271484],"rotationMatrix":[0.01846075057983398,-0.02706003189086914,-0.9994633197784424,0.8233077526092529,0.5675951838493347,-0.0001603364944458008,0.5672948360443115,-0.8228629231452942,0.0327569842338562],"scale":1,"type":"tirestack1"}
{"pos":[47.08855056762695,77.02139282226563,119.5062026977539],"rotationMatrix":[0.01846063137054443,-0.0270601212978363,-0.9994633793830872,0.8233109712600708,0.567590594291687,-0.0001602768898010254,0.5672903656959534,-0.8228661417961121,0.03275692462921143],"scale":1,"type":"tirestack1"}
{"pos":[47.89259338378906,75.84281921386719,119.5062103271484],"rotationMatrix":[0.01846086978912354,-0.02706015110015869,-0.9994632601737976,0.8233065605163574,0.5675968527793884,-0.0001604557037353516,0.56729656457901,-0.8228617906570435,0.03275716304779053],"scale":1,"type":"tirestack1"}
{"pos":[48.69654846191406,74.66412353515625,119.5062103271484],"rotationMatrix":[0.01846098899841309,-0.02705991268157959,-0.9994633197784424,0.8232952952384949,0.5676133036613464,-0.0001607835292816162,0.5673130750656128,-0.8228504657745361,0.0327569842338562],"scale":1,"type":"tirestack1"}
{"pos":[49.50061798095703,73.4854736328125,119.5062103271484],"rotationMatrix":[0.01846122741699219,-0.02706000208854675,-0.9994633197784424,0.8232983350753784,0.5676088333129883,-0.0001604557037353516,0.5673085451126099,-0.8228535652160645,0.0327572226524353],"scale":1,"type":"tirestack1"}
{"pos":[50.30456924438477,72.30674743652344,119.5062103271484],"rotationMatrix":[0.01846063137054443,-0.02706006169319153,-0.9994633197784424,0.8233087062835693,0.5675938725471497,-0.0001604259014129639,0.5672935247421265,-0.8228638172149658,0.03275692462921143],"scale":1,"type":"tirestack1"}
{"pos":[51.10858535766602,71.12809753417969,119.5062026977539],"rotationMatrix":[0.01846098899841309,-0.0270598828792572,-0.9994632601737976,0.8233007192611694,0.5676053762435913,-0.000160515308380127,0.5673050284385681,-0.8228559494018555,0.0327569842338562],"scale":1,"type":"tirestack1"}
{"pos":[51.91254043579102,69.94950866699219,119.5062103271484],"rotationMatrix":[0.01846110820770264,-0.0270598828792572,-0.9994633197784424,0.8233014345169067,0.5676044225692749,-0.0001603364944458008,0.5673041343688965,-0.822856605052948,0.03275704383850098],"scale":1,"type":"tirestack1"}
{"pos":[52.71650314331055,68.77072143554688,119.5062103271484],"rotationMatrix":[0.01846092939376831,-0.02705997228622437,-0.9994633197784424,0.8233039975166321,0.5676006078720093,-0.0001603662967681885,0.5673003196716309,-0.8228591680526733,0.03275704383850098],"scale":1,"type":"tirestack1"}
{"pos":[53.52058029174805,67.59208679199219,119.5062103271484],"rotationMatrix":[0.01846122741699219,-0.02705958485603333,-0.9994633793830872,0.8232961893081665,0.5676119327545166,-0.0001603364944458008,0.567311704158783,-0.8228514194488525,0.03275680541992188],"scale":1,"type":"tirestack1"}
{"pos":[54.32466888427734,66.4134521484375,119.5062103271484],"rotationMatrix":[0.01846164464950562,-0.02705970406532288,-0.9994633197784424,0.8232895135879517,0.5676217675209045,-0.0001604557037353516,0.5673215389251709,-0.8228446841239929,0.03275716304779053],"scale":1,"type":"tirestack1"}
{"pos":[55.12856292724609,65.23478698730469,119.5062103271484],"rotationMatrix":[0.01846134662628174,-0.02705967426300049,-0.9994633197784424,0.8232932090759277,0.5676162838935852,-0.0001605749130249023,0.567315936088562,-0.822848379611969,0.03275704383850098],"scale":1,"type":"tirestack1"}
{"pos":[55.93268585205078,64.05613708496094,119.5062103271484],"rotationMatrix":[0.01846152544021606,-0.0270596444606781,-0.9994632601737976,0.8232946395874023,0.5676141977310181,-0.0001602768898010254,0.5673138499259949,-0.8228498697280884,0.03275710344314575],"scale":1,"type":"tirestack1"}
{"pos":[181.3880310058594,191.8028564453125,119.5062103271484],"rotationMatrix":[0.03238081932067871,-0.004952050745487213,-0.9994633197784424,0.1463330686092377,0.9892353415489197,-0.0001604333519935608,0.9887052774429321,-0.1462493538856506,0.03275686502456665],"scale":1.00000011920929,"type":"tirestack1"}
{"pos":[182.7857971191406,191.5892333984375,119.5062103271484],"rotationMatrix":[0.03238093852996826,-0.004950545728206635,-0.9994633793830872,0.1462865769863129,0.9892422556877136,-0.0001604780554771423,0.9887121319770813,-0.1462028622627258,0.0327567458152771],"scale":1,"type":"tirestack1"}
{"pos":[184.1835021972656,191.3753051757813,119.5062103271484],"rotationMatrix":[0.03238075971603394,-0.004951834678649902,-0.9994633793830872,0.146329864859581,0.9892358183860779,-0.0001603439450263977,0.9887058138847351,-0.1462461352348328,0.03275680541992188],"scale":1,"type":"tirestack1"}
{"pos":[185.5812683105469,191.1614074707031,119.5062103271484],"rotationMatrix":[0.03238075971603394,-0.004952400922775269,-0.9994634389877319,0.1463472694158554,0.9892332553863525,-0.0001603215932846069,0.9887032508850098,-0.1462635397911072,0.03275686502456665],"scale":1,"type":"tirestack1"}
{"pos":[186.9790344238281,190.9475402832031,119.5062103271484],"rotationMatrix":[0.03238075971603394,-0.004952304065227509,-0.9994633793830872,0.146344780921936,0.9892336130142212,-0.0001603066921234131,0.9887035489082336,-0.146261066198349,0.03275686502456665],"scale":1,"type":"tirestack1"}
{"pos":[188.3766784667969,190.7337188720703,119.5062103271484],"rotationMatrix":[0.03238087892532349,-0.004951782524585724,-0.9994633793830872,0.1463239192962646,0.9892367124557495,-0.0001604706048965454,0.988706648349762,-0.1462401896715164,0.03275692462921143],"scale":1,"type":"tirestack1"}
{"pos":[189.7744445800781,190.5198516845703,119.5062103271484],"rotationMatrix":[0.03238093852996826,-0.004951730370521545,-0.9994633197784424,0.1463224589824677,0.9892369508743286,-0.0001604482531547546,0.9887068271636963,-0.1462387442588806,0.0327569842338562],"scale":1,"type":"tirestack1"}
{"pos":[191.1721496582031,190.3059692382813,119.5062103271484],"rotationMatrix":[0.03238087892532349,-0.004951849579811096,-0.9994633793830872,0.146326094865799,0.9892364144325256,-0.0001604706048965454,0.9887062907218933,-0.1462423801422119,0.03275692462921143],"scale":0.9999999403953552,"type":"tirestack1"}
{"pos":[192.5698547363281,190.0921783447266,119.5062103271484],"rotationMatrix":[0.03238087892532349,-0.004952117800712585,-0.9994633197784424,0.1463347375392914,0.9892351031303406,-0.0001604482531547546,0.988705039024353,-0.1462510228157043,0.03275692462921143],"scale":0.9999999403953552,"type":"tirestack1"}
{"pos":[193.9676666259766,189.8783874511719,119.5062103271484],"rotationMatrix":[0.03238081932067871,-0.004952244460582733,-0.9994633793830872,0.146340399980545,0.9892342686653137,-0.0001603886485099792,0.9887042641639709,-0.1462566554546356,0.03275692462921143],"scale":1.00000011920929,"type":"tirestack1"}
{"pos":[195.3653259277344,189.6644287109375,119.5062103271484],"rotationMatrix":[0.03238075971603394,-0.004952438175678253,-0.9994633793830872,0.1463446617126465,0.989233672618866,-0.0001604482531547546,0.9887035489082336,-0.1462609469890594,0.03275692462921143],"scale":1.00000011920929,"type":"tirestack1"}
{"pos":[196.7630767822266,189.4506378173828,119.5062103271484],"rotationMatrix":[0.03238081932067871,-0.004951708018779755,-0.9994633793830872,0.1463220119476318,0.9892370104789734,-0.0001604557037353516,0.9887070059776306,-0.1462382972240448,0.03275686502456665],"scale":1.00000011920929,"type":"tirestack1"}
{"pos":[198.1607971191406,189.2367858886719,119.5062103271484],"rotationMatrix":[0.03238099813461304,-0.004951879382133484,-0.9994632601737976,0.1463266015052795,0.9892362952232361,-0.0001604631543159485,0.9887061715126038,-0.1462428867816925,0.03275704383850098],"scale":1,"type":"tirestack1"}
{"pos":[199.5585021972656,189.0228881835938,119.5062103271484],"rotationMatrix":[0.03238081932067871,-0.004952289164066315,-0.9994633197784424,0.1463396847248077,0.9892343878746033,-0.0001604631543159485,0.9887043237686157,-0.1462559401988983,0.0327569842338562],"scale":1,"type":"tirestack1"}
{"pos":[200.9563140869141,188.8090362548828,119.5062103271484],"rotationMatrix":[0.03238081932067871,-0.004952266812324524,-0.9994633197784424,0.1463416814804077,0.9892340898513794,-0.0001603811979293823,0.9887039661407471,-0.1462579518556595,0.03275692462921143],"scale":1,"type":"tirestack1"}
{"pos":[202.3539581298828,188.5951690673828,119.5062103271484],"rotationMatrix":[0.03238081932067871,-0.004951991140842438,-0.9994633197784424,0.1463332772254944,0.9892353415489197,-0.0001603811979293823,0.9887052774429321,-0.1462495625019073,0.03275686502456665],"scale":1.00000011920929,"type":"tirestack1"}
{"pos":[203.7516784667969,188.3812713623047,119.5062103271484],"rotationMatrix":[0.03238087892532349,-0.004951976239681244,-0.9994633197784424,0.1463303864002228,0.9892357587814331,-0.0001604557037353516,0.9887056350708008,-0.1462466567754745,0.0327569842338562],"scale":1,"type":"tirestack1"}
{"pos":[205.1494140625,188.1673889160156,119.5062103271484],"rotationMatrix":[0.03238087892532349,-0.004951976239681244,-0.9994633197784424,0.1463325917720795,0.9892354607582092,-0.0001603811979293823,0.9887052774429321,-0.14624884724617,0.03275692462921143],"scale":1.00000011920929,"type":"tirestack1"}
{"pos":[206.5471496582031,187.9536285400391,119.5062103271484],"rotationMatrix":[0.03238099813461304,-0.004951924085617065,-0.9994633197784424,0.1463304460048676,0.9892357587814331,-0.0001603737473487854,0.9887056350708008,-0.1462467312812805,0.03275710344314575],"scale":1.00000011920929,"type":"tirestack1"}
{"pos":[207.9449005126953,187.7397918701172,119.5062103271484],"rotationMatrix":[0.03238075971603394,-0.004952080547809601,-0.9994633197784424,0.1463338434696198,0.9892352223396301,-0.0001604557037353516,0.9887051582336426,-0.1462501287460327,0.03275686502456665],"scale":1,"type":"tirestack1"}
{"pos":[209.3426055908203,187.52587890625,119.5062103271484],"rotationMatrix":[0.03238070011138916,-0.004951976239681244,-0.9994633793830872,0.1463345885276794,0.9892351627349854,-0.0001603215932846069,0.9887050986289978,-0.1462508589029312,0.03275680541992188],"scale":1.00000011920929,"type":"tirestack1"}
{"pos":[210.7403106689453,187.3120727539063,119.5062103271484],"rotationMatrix":[0.03238081932067871,-0.00495215505361557,-0.9994633197784424,0.1463330984115601,0.9892353415489197,-0.0001605525612831116,0.9887052774429321,-0.1462493538856506,0.03275692462921143],"scale":1,"type":"tirestack1"}
{"pos":[212.1380920410156,187.0981903076172,119.5062103271484],"rotationMatrix":[0.03238064050674438,-0.004952423274517059,-0.9994633197784424,0.1463419795036316,0.9892340302467346,-0.0001605376601219177,0.9887039661407471,-0.1462582647800446,0.03275680541992188],"scale":1,"type":"tirestack1"}
{"pos":[213.5357818603516,186.8843231201172,119.5062103271484],"rotationMatrix":[0.03238070011138916,-0.004952371120452881,-0.9994633197784424,0.1463429480791092,0.9892339110374451,-0.0001604408025741577,0.9887038469314575,-0.146259218454361,0.03275686502456665],"scale":1.00000011920929,"type":"tirestack1"}
{"pos":[214.9335021972656,186.6704864501953,119.5062103271484],"rotationMatrix":[0.03238087892532349,-0.004952199757099152,-0.9994633197784424,0.1463393568992615,0.989234447479248,-0.0001603811979293823,0.9887043237686157,-0.1462556272745132,0.0327569842338562],"scale":1,"type":"tirestack1"}
{"pos":[216.3312683105469,186.4565887451172,119.5062103271484],"rotationMatrix":[0.03238105773925781,-0.004951894283294678,-0.9994633197784424,0.1463301479816437,0.9892358183860779,-0.0001603513956069946,0.9887056350708008,-0.1462464183568954,0.03275710344314575],"scale":1,"type":"tirestack1"}
{"pos":[217.7289733886719,186.2427520751953,119.5062103271484],"rotationMatrix":[0.03238075971603394,-0.004951588809490204,-0.9994633197784424,0.1463191211223602,0.9892374277114868,-0.0001604631543159485,0.9887073040008545,-0.1462354063987732,0.0327567458152771],"scale":1,"type":"tirestack1"}
{"pos":[219.1267395019531,186.0288848876953,119.5062103271484],"rotationMatrix":[0.03238093852996826,-0.004951730370521545,-0.9994633197784424,0.1463224589824677,0.9892369508743286,-0.0001604482531547546,0.9887068271636963,-0.1462387442588806,0.0327569842338562],"scale":1,"type":"tirestack1"}
{"pos":[220.5244445800781,185.8150787353516,119.5062103271484],"rotationMatrix":[0.03238087892532349,-0.004951834678649902,-0.9994633197784424,0.1463281363248825,0.9892361164093018,-0.0001603811979293823,0.9887059926986694,-0.1462444216012955,0.03275692462921143],"scale":1,"type":"tirestack1"}
{"pos":[221.9222106933594,185.6012115478516,119.5062103271484],"rotationMatrix":[0.03238081932067871,-0.004951521754264832,-0.9994633793830872,0.1463220119476318,0.9892370104789734,-0.0001602768898010254,0.9887070059776306,-0.1462382972240448,0.03275686502456665],"scale":1.00000011920929,"type":"tirestack1"}
{"pos":[14.52104377746582,-219.0166320800781,124.1499099731445],"rotationMatrix":[-0.03697407245635986,0.02354419231414795,-0.9990388751029968,-0.5329763293266296,-0.8461301326751709,-0.000215381383895874,-0.8453219532966614,0.5324560403823853,0.04383331537246704],"scale":1,"type":"tirestack1"}
{"pos":[13.36530303955078,-218.2805786132813,124.1667709350586],"rotationMatrix":[-0.03759980201721191,0.02394330501556396,-0.9990060329437256,-0.532981812953949,-0.8461267948150635,-0.0002192854881286621,-0.8452908992767334,0.5324437618255615,0.04457545280456543],"scale":1.00000011920929,"type":"tirestack1"}
{"pos":[12.20954322814941,-217.5446014404297,124.1838226318359],"rotationMatrix":[-0.03813350200653076,0.02428305149078369,-0.9989775419235229,-0.532983124256134,-0.8461258411407471,-0.0002222359180450439,-0.8452661037445068,0.5324296951293945,0.04520821571350098],"scale":1.00000011920929,"type":"tirestack1"}
{"pos":[11.05376052856445,-216.8086090087891,124.2014312744141],"rotationMatrix":[-0.03838956356048584,0.02444630861282349,-0.9989637136459351,-0.5329813957214355,-0.846126914024353,-0.0002240240573883057,-0.8452556133270264,0.5324205160140991,0.04551184177398682],"scale":1,"type":"tirestack1"}
{"pos":[9.898021697998047,-216.0725708007813,124.2192687988281],"rotationMatrix":[-0.03859484195709229,0.02457702159881592,-0.9989526867866516,-0.5329787135124207,-0.8461287021636963,-0.0002253353595733643,-0.8452480435371399,0.5324118137359619,0.04575520753860474],"scale":1,"type":"tirestack1"}
{"pos":[8.742273330688477,-215.3364410400391,124.2373504638672],"rotationMatrix":[-0.03874945640563965,0.02467513084411621,-0.9989443421363831,-0.5329767465591431,-0.8461298942565918,-0.0002260804176330566,-0.8452422022819519,0.5324052572250366,0.04593825340270996],"scale":1.000000238418579,"type":"tirestack1"}
{"pos":[7.586530208587646,-214.6004791259766,124.2556915283203],"rotationMatrix":[-0.03887152671813965,0.02475252747535706,-0.9989376068115234,-0.5329713821411133,-0.8461332321166992,-0.0002267956733703613,-0.8452399969100952,0.5323963165283203,0.04608285427093506],"scale":1.00000011920929,"type":"tirestack1"}
{"pos":[6.430721759796143,-213.8644256591797,124.2741088867188],"rotationMatrix":[-0.03898310661315918,0.02482321858406067,-0.9989315867424011,-0.5329669713973999,-0.846136212348938,-0.0002273619174957275,-0.845237672328949,0.5323885679244995,0.04621481895446777],"scale":1.00000011920929,"type":"tirestack1"}
{"pos":[5.274908542633057,-213.1283874511719,124.2927780151367],"rotationMatrix":[-0.03907275199890137,0.02488046884536743,-0.9989265203475952,-0.5329698920249939,-0.8461341857910156,-0.000227808952331543,-0.8452315330505371,0.5323888659477234,0.04632139205932617],"scale":1.00000011920929,"type":"tirestack1"}
{"pos":[4.119160175323486,-212.392333984375,124.3115081787109],"rotationMatrix":[-0.03915965557098389,0.02493584156036377,-0.9989217519760132,-0.5329714417457581,-0.8461331129074097,-0.0002283155918121338,-0.845226526260376,0.5323878526687622,0.04642444849014282],"scale":1.00000011920929,"type":"tirestack1"}
{"pos":[2.963415622711182,-211.6562805175781,124.3303909301758],"rotationMatrix":[-0.03923606872558594,0.02498513460159302,-0.9989175200462341,-0.5329791307449341,-0.8461283445358276,-0.0002289116382598877,-0.8452181220054626,0.532393217086792,0.04651528596878052],"scale":1.000000238418579,"type":"tirestack1"}
{"pos":[1.807664394378662,-210.9202117919922,124.3493881225586],"rotationMatrix":[-0.03930842876434326,0.02503126859664917,-0.9989136457443237,-0.5329799056053162,-0.846127986907959,-0.0002293586730957031,-0.8452143669128418,0.5323918461799622,0.0466010570526123],"scale":1,"type":"tirestack1"}
{"pos":[0.6519079208374023,-210.1842041015625,124.3684692382813],"rotationMatrix":[-0.03937661647796631,0.02507480978965759,-0.9989098310470581,-0.532978892326355,-0.8461287021636963,-0.0002298951148986816,-0.8452118635177612,0.5323887467384338,0.04668188095092773],"scale":1,"type":"tirestack1"}
{"pos":[-0.5038504600524902,-209.4480895996094,124.3876953125],"rotationMatrix":[-0.03944075107574463,0.02511531114578247,-0.9989062547683716,-0.5329764485359192,-0.8461298942565918,-0.0002301037311553955,-0.8452103137969971,0.5323843955993652,0.04675793647766113],"scale":1.000000238418579,"type":"tirestack1"}
{"pos":[-1.659605979919434,-208.7121124267578,124.406982421875],"rotationMatrix":[-0.03950357437133789,0.02515494823455811,-0.9989027976989746,-0.5329757332801819,-0.8461306095123291,-0.0002302229404449463,-0.8452079296112061,0.5323818922042847,0.04683202505111694],"scale":1.00000011920929,"type":"tirestack1"}
{"pos":[-2.815354347229004,-207.9759674072266,124.4264144897461],"rotationMatrix":[-0.03956198692321777,0.0251922607421875,-0.998899519443512,-0.5329772233963013,-0.8461295366287231,-0.0002305209636688232,-0.8452041745185852,0.532381534576416,0.04690152406692505],"scale":1.00000011920929,"type":"tirestack1"}
{"pos":[-3.971109390258789,-207.2399749755859,124.4458923339844],"rotationMatrix":[-0.03962039947509766,0.02522963285446167,-0.9988962411880493,-0.5329795479774475,-0.8461282253265381,-0.0002309083938598633,-0.8452000617980957,0.5323821306228638,0.04697078466415405],"scale":1,"type":"tirestack1"}
{"pos":[-5.126855850219727,-206.5039215087891,124.4654998779297],"rotationMatrix":[-0.03967702388763428,0.02526593208312988,-0.9988930225372314,-0.5329792499542236,-0.8461282253265381,-0.0002313852310180664,-0.8451974391937256,0.5323801040649414,0.04703813791275024],"scale":1,"type":"tirestack1"}
{"pos":[-6.282612323760986,-205.7678833007813,124.4851760864258],"rotationMatrix":[-0.0397331714630127,0.02530142664909363,-0.9988899230957031,-0.5329806804656982,-0.8461272716522217,-0.0002314746379852295,-0.8451939821243286,0.5323798656463623,0.04710453748703003],"scale":1.00000011920929,"type":"tirestack1"}
{"pos":[-7.438364505767822,-205.0318145751953,124.5049362182617],"rotationMatrix":[-0.03978776931762695,0.02533647418022156,-0.99888676404953,-0.5329793691635132,-0.846127986907959,-0.0002320408821105957,-0.8451921343803406,0.5323768854141235,0.04716950654983521],"scale":1.000000238418579,"type":"tirestack1"}
{"pos":[-8.594125747680664,-204.2957916259766,124.5247955322266],"rotationMatrix":[-0.03984272480010986,0.02537122368812561,-0.9988837838172913,-0.532981276512146,-0.8461270332336426,-0.0002321302890777588,-0.8451884388923645,0.5323771238327026,0.04723435640335083],"scale":1,"type":"tirestack1"}
{"pos":[-9.749879837036133,-203.5597229003906,124.5447082519531],"rotationMatrix":[-0.03989684581756592,0.02540600299835205,-0.9988807439804077,-0.5329816937446594,-0.8461266756057739,-0.0002326667308807373,-0.8451856374740601,0.5323758125305176,0.04729878902435303],"scale":1.00000011920929,"type":"tirestack1"}
{"pos":[-10.90563011169434,-202.8236236572266,124.5647583007813],"rotationMatrix":[-0.03995120525360107,0.02544060349464417,-0.9988777637481689,-0.5329819917678833,-0.8461265563964844,-0.0002329349517822266,-0.8451828956604004,0.5323745012283325,0.04736316204071045],"scale":1.00000011920929,"type":"tirestack1"}
{"pos":[-12.0613842010498,-202.0876312255859,124.5848541259766],"rotationMatrix":[-0.04000556468963623,0.02547511458396912,-0.9988746047019958,-0.5329824686050415,-0.8461261987686157,-0.0002331435680389404,-0.8451799750328064,0.532373309135437,0.04742765426635742],"scale":1.00000011920929,"type":"tirestack1"}
{"pos":[-13.21707916259766,-201.3516082763672,124.605094909668],"rotationMatrix":[-0.04006063938140869,0.02551031112670898,-0.9988715648651123,-0.5329805016517639,-0.8461275100708008,-0.0002337396144866943,-0.8451787233352661,0.5323697328567505,0.04749280214309692],"scale":1.00000011920929,"type":"tirestack1"}
{"pos":[-14.37283897399902,-200.6155090332031,124.6254119873047],"rotationMatrix":[-0.0401158332824707,0.02554523944854736,-0.9988684058189392,-0.5329785346984863,-0.8461287021636963,-0.0002339482307434082,-0.8451772332191467,0.5323660373687744,0.04755830764770508],"scale":1,"type":"tirestack1"}
{"pos":[-15.52859687805176,-199.8794860839844,124.6457901000977],"rotationMatrix":[-0.04017162322998047,0.02558088302612305,-0.9988653063774109,-0.5329774022102356,-0.8461294174194336,-0.000234454870223999,-0.8451753258705139,0.5323631763458252,0.04762440919876099],"scale":1.000000238418579,"type":"tirestack1"}
{"pos":[-16.68434715270996,-199.1434783935547,124.6663055419922],"rotationMatrix":[-0.04022836685180664,0.02561694383621216,-0.998862087726593,-0.5329771041870117,-0.8461296558380127,-0.0002346932888031006,-0.8451728224754333,0.5323611497879028,0.04769164323806763],"scale":1,"type":"tirestack1"}
{"pos":[-17.84010696411133,-198.4073791503906,124.6868438720703],"rotationMatrix":[-0.04028534889221191,0.02565333247184753,-0.9988588690757751,-0.5329769849777222,-0.8461296558380127,-0.0002351105213165283,-0.8451701998710632,0.5323593616485596,0.0477592945098877],"scale":1.000000238418579,"type":"tirestack1"}
{"pos":[-18.9958610534668,-197.6713409423828,124.7075347900391],"rotationMatrix":[-0.04034459590911865,0.02569043636322021,-0.9988555312156677,-0.5329744815826416,-0.8461313247680664,-0.0002351105213165283,-0.8451690077781677,0.5323549509048462,0.04782915115356445],"scale":1.000000238418579,"type":"tirestack1"}
{"pos":[-20.15155029296875,-196.9352722167969,124.728271484375],"rotationMatrix":[-0.04040408134460449,0.0257282555103302,-0.9988521337509155,-0.5329728126525879,-0.8461322784423828,-0.0002354979515075684,-0.8451671600341797,0.532351553440094,0.04789966344833374],"scale":1.00000011920929,"type":"tirestack1"}
{"pos":[-21.30731201171875,-196.1992797851563,124.749137878418],"rotationMatrix":[-0.04046487808227539,0.02576673030853271,-0.9988486766815186,-0.5329723954200745,-0.8461325168609619,-0.0002356767654418945,-0.8451645374298096,0.5323492288589478,0.04797160625457764],"scale":1.00000011920929,"type":"tirestack1"}
{"pos":[-22.46306610107422,-195.4633178710938,124.7700958251953],"rotationMatrix":[-0.04052793979644775,0.02580705285072327,-0.998845100402832,-0.5329712629318237,-0.8461332321166992,-0.0002362728118896484,-0.8451621532440186,0.5323461890220642,0.04804646968841553],"scale":1.00000011920929,"type":"tirestack1"}
{"pos":[-23.61881828308105,-194.7273101806641,124.7911834716797],"rotationMatrix":[-0.04059255123138428,0.025848388671875,-0.998841404914856,-0.5329722762107849,-0.846132755279541,-0.0002367794513702393,-0.8451584577560425,0.532345175743103,0.04812312126159668],"scale":0.9999999403953552,"type":"tirestack1"}
{"pos":[-24.77456665039063,-193.9912719726563,124.8124084472656],"rotationMatrix":[-0.04065966606140137,0.0258910059928894,-0.9988375306129456,-0.5329723954200745,-0.8461326360702515,-0.0002370476722717285,-0.8451551795005798,0.5323432087898254,0.04820257425308228],"scale":1,"type":"tirestack1"}
{"pos":[-25.93031311035156,-193.2552185058594,124.8336639404297],"rotationMatrix":[-0.04072773456573486,0.02593466639518738,-0.9988336563110352,-0.5329726934432983,-0.8461325168609619,-0.0002376437187194824,-0.8451517820358276,0.5323413610458374,0.04828351736068726],"scale":1.00000011920929,"type":"tirestack1"}
{"pos":[-27.08607864379883,-192.5192413330078,124.8551254272461],"rotationMatrix":[-0.04080009460449219,0.02598032355308533,-0.9988295435905457,-0.5329724550247192,-0.8461326360702515,-0.0002377629280090332,-0.8451483845710754,0.5323389172554016,0.04836899042129517],"scale":1.00000011920929,"type":"tirestack1"}
{"pos":[-28.24182510375977,-191.7831726074219,124.8766326904297],"rotationMatrix":[-0.04087281227111816,0.02602678537368774,-0.9988253116607666,-0.5329723358154297,-0.8461325168609619,-0.0002382993698120117,-0.8451448678970337,0.5323365330696106,0.04845547676086426],"scale":1.00000011920929,"type":"tirestack1"}
{"pos":[-29.39751815795898,-191.0471954345703,124.8982849121094],"rotationMatrix":[-0.04094970226287842,0.02607569098472595,-0.9988209009170532,-0.5329693555831909,-0.8461345434188843,-0.0002389252185821533,-0.8451430797576904,0.532331109046936,0.0485464334487915],"scale":1,"type":"tirestack1"}
{"pos":[-30.55321502685547,-190.3111419677734,124.9200439453125],"rotationMatrix":[-0.04102885723114014,0.02612596750259399,-0.9988163113594055,-0.5329700708389282,-0.8461340665817261,-0.0002391636371612549,-0.8451387286186218,0.5323294401168823,0.04864025115966797],"scale":1.000000238418579,"type":"tirestack1"}
{"pos":[-31.70895957946777,-189.5751953125,124.9419097900391],"rotationMatrix":[-0.04111051559448242,0.02617859840393066,-0.9988115429878235,-0.5329727530479431,-0.8461322784423828,-0.000240027904510498,-0.8451330065727234,0.5323294997215271,0.04873758554458618],"scale":1,"type":"tirestack1"}
{"pos":[-32.86471176147461,-188.8390960693359,124.9640197753906],"rotationMatrix":[-0.0411989688873291,0.02623474597930908,-0.9988064765930176,-0.5329736471176147,-0.8461318016052246,-0.000240325927734375,-0.8451281785964966,0.5323275923728943,0.04884225130081177],"scale":1,"type":"tirestack1"}
{"pos":[-34.02040100097656,-188.10302734375,124.9861907958984],"rotationMatrix":[-0.0412900447845459,0.0262925922870636,-0.9988012313842773,-0.5329742431640625,-0.846131443977356,-0.0002407729625701904,-0.8451234102249146,0.5323253870010376,0.04895001649856567],"scale":1.00000011920929,"type":"tirestack1"}
{"pos":[-35.17607879638672,-187.3670806884766,125.0086364746094],"rotationMatrix":[-0.04138922691345215,0.02635574340820313,-0.9987954497337341,-0.5329760909080505,-0.8461302518844604,-0.0002412497997283936,-0.8451173901557922,0.5323240756988525,0.04906761646270752],"scale":1.00000011920929,"type":"tirestack1"}
{"pos":[-36.33182907104492,-186.6310882568359,125.0311584472656],"rotationMatrix":[-0.04149079322814941,0.02642074227333069,-0.9987896084785461,-0.5329759120941162,-0.8461306095123291,-0.0002421736717224121,-0.8451126217842102,0.5323206782341003,0.04918807744979858],"scale":1.00000011920929,"type":"tirestack1"}
{"pos":[-37.48752593994141,-185.8950805664063,125.0538864135742],"rotationMatrix":[-0.04159975051879883,0.02649009227752686,-0.9987831115722656,-0.5329752564430237,-0.8461307287216187,-0.0002427399158477783,-0.8451075553894043,0.5323165655136108,0.04931747913360596],"scale":1,"type":"tirestack1"}
{"pos":[-38.64325714111328,-185.1590423583984,125.0767822265625],"rotationMatrix":[-0.04171502590179443,0.02656379342079163,-0.998776376247406,-0.5329782962799072,-0.8461289405822754,-0.000243455171585083,-0.8450999855995178,0.5323159694671631,0.0494542121887207],"scale":1.000000238418579,"type":"tirestack1"}
{"pos":[-39.79894638061523,-184.4230194091797,125.099853515625],"rotationMatrix":[-0.04183626174926758,0.02664095163345337,-0.998769223690033,-0.5329779386520386,-0.8461291790008545,-0.0002441704273223877,-0.8450942635536194,0.5323117971420288,0.04959791898727417],"scale":1,"type":"tirestack1"}
{"pos":[-40.95468902587891,-183.6870269775391,125.1231842041016],"rotationMatrix":[-0.0419694185256958,0.02672562003135681,-0.9987614154815674,-0.5329793691635132,-0.8461282253265381,-0.0002447664737701416,-0.8450866937637329,0.5323089361190796,0.04975569248199463],"scale":1.00000011920929,"type":"tirestack1"}
{"pos":[-42.11037445068359,-182.9510040283203,125.146614074707],"rotationMatrix":[-0.04210591316223145,0.02681261301040649,-0.9987532496452332,-0.5329814553260803,-0.8461267948150635,-0.0002454519271850586,-0.8450785279273987,0.5323066711425781,0.04991769790649414],"scale":0.9999999403953552,"type":"tirestack1"}
{"pos":[-43.26605224609375,-182.2149963378906,125.1704711914063],"rotationMatrix":[-0.04226255416870117,0.02691271901130676,-0.998744010925293,-0.5329791307449341,-0.8461283445358276,-0.0002469122409820557,-0.8450722694396973,0.532299280166626,0.05010342597961426],"scale":1.000000238418579,"type":"tirestack1"}
{"pos":[-44.42173004150391,-181.4789886474609,125.194450378418],"rotationMatrix":[-0.04242539405822754,0.02701598405838013,-0.9987342953681946,-0.5329781770706177,-0.8461289405822754,-0.0002475082874298096,-0.8450646996498108,0.5322930812835693,0.05029630661010742],"scale":1.00000011920929,"type":"tirestack1"}
{"pos":[-45.57741546630859,-180.7430572509766,125.2188186645508],"rotationMatrix":[-0.04260778427124023,0.02713185548782349,-0.9987234473228455,-0.5329742431640625,-0.846131443977356,-0.0002485811710357666,-0.8450580239295959,0.5322833061218262,0.05051231384277344],"scale":1.00000011920929,"type":"tirestack1"}
{"pos":[-46.73308563232422,-180.0069732666016,125.2434692382813],"rotationMatrix":[-0.04280686378479004,0.02725896239280701,-0.9987114071846008,-0.532975435256958,-0.8461306095123291,-0.0002499222755432129,-0.8450471758842468,0.5322779417037964,0.05074858665466309],"scale":1.00000011920929,"type":"tirestack1"}
{"pos":[-47.88869857788086,-179.2710266113281,125.2684326171875],"rotationMatrix":[-0.04302430152893066,0.02739745378494263,-0.9986982941627502,-0.5329753160476685,-0.8461308479309082,-0.0002512931823730469,-0.8450362086296082,0.5322707295417786,0.05100637674331665],"scale":1,"type":"tirestack1"}
{"pos":[-49.04435729980469,-178.5350799560547,125.2939453125],"rotationMatrix":[-0.04327833652496338,0.02755922079086304,-0.9986828565597534,-0.5329784750938416,-0.8461287021636963,-0.0002525448799133301,-0.8450212478637695,0.5322655439376831,0.0513075590133667],"scale":1.00000011920929,"type":"tirestack1"}
{"pos":[-50.20003509521484,-177.799072265625,125.3196411132813],"rotationMatrix":[-0.04354429244995117,0.02772912383079529,-0.9986665844917297,-0.5329793691635132,-0.8461282253265381,-0.0002545416355133057,-0.8450070023536682,0.5322575569152832,0.05162316560745239],"scale":1.00000011920929,"type":"tirestack1"}
{"pos":[-51.35568618774414,-177.0631256103516,125.3462829589844],"rotationMatrix":[-0.0438838005065918,0.02794510126113892,-0.9986456632614136,-0.5329790115356445,-0.8461283445358276,-0.0002563297748565674,-0.8449896574020386,0.5322459936141968,0.05202549695968628],"scale":1.000000238418579,"type":"tirestack1"}
{"pos":[-52.5112190246582,-176.3271636962891,125.3732147216797],"rotationMatrix":[-0.04425108432769775,0.02817901968955994,-0.9986228942871094,-0.5329803228378296,-0.8461275100708008,-0.0002584457397460938,-0.8449697494506836,0.5322349071502686,0.05246096849441528],"scale":1,"type":"tirestack1"}
{"pos":[-53.66685104370117,-175.5912322998047,125.4010620117188],"rotationMatrix":[-0.04470419883728027,0.02846765518188477,-0.9985946416854858,-0.5329806804656982,-0.8461275100708008,-0.0002611875534057617,-0.8449456691741943,0.5322199463844299,0.0529981255531311],"scale":0.9999999403953552,"type":"tirestack1"}
{"pos":[-54.82242584228516,-174.8553009033203,125.4297180175781],"rotationMatrix":[-0.04525184631347656,0.02881637215614319,-0.998559832572937,-0.5329822301864624,-0.8461263179779053,-0.0002642571926116943,-0.844915509223938,0.5322027206420898,0.05364745855331421],"scale":1.000000238418579,"type":"tirestack1"}
{"pos":[-55.97797775268555,-174.1193542480469,125.4592056274414],"rotationMatrix":[-0.04589414596557617,0.02922537922859192,-0.998518705368042,-0.5329822301864624,-0.8461263179779053,-0.0002680122852325439,-0.8448808193206787,0.5321804285049438,0.05440884828567505],"scale":1.000000238418579,"type":"tirestack1"}
{"pos":[-57.13337326049805,-173.3835144042969,125.4904174804688],"rotationMatrix":[-0.04676759243011475,0.02978193759918213,-0.9984616637229919,-0.5329807996749878,-0.8461271524429321,-0.0002734363079071045,-0.8448337912559509,0.5321481227874756,0.05544465780258179],"scale":1.000000238418579,"type":"tirestack1"}
{"pos":[687.1233520507813,-174.6956024169922,146.9416198730469],"rotationMatrix":[-0.02480137348175049,-0.02140027284622192,-0.9994633197784424,0.6569825410842896,-0.7539057731628418,-0.0001603364944458008,-0.7534977197647095,-0.6566339135169983,0.0327574610710144],"scale":1.00000011920929,"type":"tirestack1"}
{"pos":[686.0961303710938,-175.5819244384766,146.9416198730469],"rotationMatrix":[-0.02479946613311768,-0.02140218019485474,-0.9994633197784424,0.6570395827293396,-0.7538560628890991,-0.0001601874828338623,-0.7534480094909668,-0.6566909551620483,0.03275734186172485],"scale":1,"type":"tirestack1"}
{"pos":[685.069091796875,-176.4683380126953,146.9416198730469],"rotationMatrix":[-0.02479779720306396,-0.0214044451713562,-0.9994632601737976,0.657113254070282,-0.7537918090820313,-0.0001605749130249023,-0.7533838152885437,-0.6567645668983459,0.03275758028030396],"scale":1.00000011920929,"type":"tirestack1"}
{"pos":[684.0420532226563,-177.3548736572266,146.9416198730469],"rotationMatrix":[-0.0247948169708252,-0.02140745520591736,-0.9994633197784424,0.6572059392929077,-0.7537109851837158,-0.0001603960990905762,-0.753303050994873,-0.6568572521209717,0.03275734186172485],"scale":1,"type":"tirestack1"}
{"pos":[683.01513671875,-178.2415618896484,146.9416198730469],"rotationMatrix":[-0.02479207515716553,-0.02141070365905762,-0.9994633197784424,0.6573047637939453,-0.7536249160766602,-0.0001603662967681885,-0.7532169818878174,-0.6569559574127197,0.03275728225708008],"scale":1.00000011920929,"type":"tirestack1"}
{"pos":[681.988525390625,-179.1283874511719,146.9416198730469],"rotationMatrix":[-0.0247880220413208,-0.02141538262367249,-0.9994633197784424,0.6574488878250122,-0.7534990310668945,-0.0001604259014129639,-0.7530912160873413,-0.6571000814437866,0.03275728225708008],"scale":1,"type":"tirestack1"}
{"pos":[680.9620361328125,-180.0154724121094,146.9416198730469],"rotationMatrix":[-0.02478277683258057,-0.02142128348350525,-0.9994633197784424,0.6576275825500488,-0.7533432245254517,-0.0001603364944458008,-0.752935528755188,-0.6572785973548889,0.03275716304779053],"scale":1,"type":"tirestack1"}
{"pos":[679.935791015625,-180.9029846191406,146.9416198730469],"rotationMatrix":[-0.02477717399597168,-0.02142825722694397,-0.9994633197784424,0.6578395366668701,-0.7531580924987793,-0.00016060471534729,-0.7527503967285156,-0.6574904918670654,0.0327574610710144],"scale":1,"type":"tirestack1"}
{"pos":[678.9098510742188,-181.7906799316406,146.9416198730469],"rotationMatrix":[-0.02476954460144043,-0.02143663167953491,-0.9994632601737976,0.6581013798713684,-0.7529292106628418,-0.0001606941223144531,-0.7525216937065125,-0.6577521562576294,0.0327572226524353],"scale":1,"type":"tirestack1"}
{"pos":[677.8843383789063,-182.678955078125,146.9416198730469],"rotationMatrix":[-0.02475893497467041,-0.02144929766654968,-0.9994633197784424,0.6584761142730713,-0.7526016235351563,-0.000160515308380127,-0.7521942853927612,-0.6581266522407532,0.0327574610710144],"scale":1,"type":"tirestack1"}
{"pos":[676.859375,-183.5679626464844,146.9416198730469],"rotationMatrix":[-0.02474486827850342,-0.02146506309509277,-0.9994633793830872,0.6589655876159668,-0.7521731853485107,-0.0001606345176696777,-0.75176602602005,-0.6586158871650696,0.03275710344314575],"scale":1,"type":"tirestack1"}
{"pos":[675.8352661132813,-184.4577331542969,146.9416198730469],"rotationMatrix":[-0.0247262716293335,-0.02148661017417908,-0.9994632601737976,0.6596148014068604,-0.7516036033630371,-0.0001605451107025146,-0.7511969208717346,-0.6592648029327393,0.03275734186172485],"scale":1,"type":"tirestack1"}
{"pos":[674.812255859375,-185.3489074707031,146.9416198730469],"rotationMatrix":[-0.02469921112060547,-0.02151799201965332,-0.9994633197784424,0.660564661026001,-0.7507691383361816,-0.0001604259014129639,-0.750362753868103,-0.6602140665054321,0.03275740146636963],"scale":1.00000011920929,"type":"tirestack1"}
{"pos":[673.7906494140625,-186.2418518066406,146.9416198730469],"rotationMatrix":[-0.02466261386871338,-0.02155986428260803,-0.9994633793830872,0.6618397235870361,-0.749645471572876,-0.0001604557037353516,-0.7492396235466003,-0.6614884734153748,0.0327572226524353],"scale":1,"type":"tirestack1"}
{"pos":[672.7711791992188,-187.1371459960938,146.9416198730469],"rotationMatrix":[-0.02461099624633789,-0.02161866426467896,-0.9994633197784424,0.663627564907074,-0.7480630874633789,-0.0001604557037353516,-0.7476582527160645,-0.6632753610610962,0.03275734186172485],"scale":1,"type":"tirestack1"}
{"pos":[671.7545776367188,-188.0357513427734,146.9416198730469],"rotationMatrix":[-0.02454173564910889,-0.02169710397720337,-0.9994632005691528,0.6660127639770508,-0.7459402084350586,-0.000160515308380127,-0.7455364465713501,-0.6656592488288879,0.03275734186172485],"scale":1.00000011920929,"type":"tirestack1"}
