{"pos":[-249.2400054931641,-18.60790061950684,121.1429977416992],"rotationMatrix":[-0.9988002777099609,-0.0481722503900528,-0.00879997480660677,0.0481722503900528,-0.9988390207290649,0.0002120845165336505,-0.00879997480660677,-0.0002120845165336505,0.999961256980896],"scale":1,"type":"wall_wire1"}
{"pos":[-246.2129974365234,-18.3474006652832,121.1699981689453],"rotationMatrix":[-0.9920083284378052,-0.1258498281240463,-0.00901655200868845,0.1258552074432373,-0.9920486211776733,-2.95520294457674e-05,-0.008941139094531536,-0.001164095825515687,0.9999593496322632],"scale":1,"type":"wall_wire1"}
{"pos":[-243.2070007324219,-17.90830039978027,121.1999969482422],"rotationMatrix":[-0.988018274307251,-0.1539703905582428,-0.01063045579940081,0.1539793610572815,-0.9880740642547607,-2.490453698555939e-05,-0.01049984339624643,-0.001661476911976933,0.9999434947967529],"scale":1,"type":"wall_wire1"}
{"pos":[-240.2059936523438,-17.44939994812012,121.2360000610352],"rotationMatrix":[-0.9884172677993774,-0.1511286497116089,-0.01383602991700172,0.1511421352624893,-0.9885120391845703,7.229173206724226e-05,-0.01368800736963749,-0.002019752748310566,0.9999042749404907],"scale":1,"type":"wall_wire1"}
{"pos":[-237.2050018310547,-16.9960994720459,121.2829971313477],"rotationMatrix":[-0.9884175062179565,-0.1507536023855209,-0.01744086667895317,0.1507744193077087,-0.9885681867599487,0.0001229589979629964,-0.01726002246141434,-0.002508101752027869,0.9998478889465332],"scale":1,"type":"wall_wire1"}
{"pos":[-234.2039947509766,-16.54910087585449,121.3420028686523],"rotationMatrix":[-0.9888170957565308,-0.1475811004638672,-0.02146091125905514,0.1476157605648041,-0.9890447854995728,-3.110092438873835e-05,-0.0212212111800909,-0.003198721678927541,0.9997696876525879],"scale":1,"type":"wall_wire1"}
{"pos":[-231.2019958496094,-16.10849952697754,121.4130020141602],"rotationMatrix":[-0.9892163276672363,-0.1441246718168259,-0.02606023661792278,0.1441721767187119,-0.9895526170730591,5.683860217686743e-05,-0.02579616755247116,-0.003700935281813145,0.9996603727340698],"scale":1,"type":"wall_wire1"}
{"pos":[-228.1999969482422,-15.67380046844482,121.4990005493164],"rotationMatrix":[-0.9892170429229736,-0.1432514488697052,-0.0304739736020565,0.1433178335428238,-0.9896767139434814,5.999987934046658e-06,-0.03016024082899094,-0.004361528437584639,0.9995355606079102],"scale":1,"type":"wall_wire1"}
{"pos":[-225.1970062255859,-15.24320030212402,121.5970001220703],"rotationMatrix":[-0.9892175197601318,-0.142433226108551,-0.03408041223883629,0.142514556646347,-0.9897927045822144,4.308846109779552e-05,-0.03373868018388748,-0.004814330954104662,0.999419093132019],"scale":1,"type":"wall_wire1"}
{"pos":[-222.1929931640625,-14.81330013275146,121.7050018310547],"rotationMatrix":[-0.98921799659729,-0.1418843418359756,-0.03628485277295113,0.1419778615236282,-0.9898698329925537,-9.475846809436916e-07,-0.03591714799404144,-0.005152583122253418,0.9993414878845215],"scale":1,"type":"wall_wire1"}
{"pos":[-219.1869964599609,-14.38109970092773,121.8160018920898],"rotationMatrix":[-0.9888191223144531,-0.1445366889238358,-0.03668638318777084,0.1446312516927719,-0.9894856214523315,7.692160579608753e-05,-0.03631176427006721,-0.005229935981333256,0.9993268251419067],"scale":1,"type":"wall_wire1"}
{"pos":[-216.1799926757813,-13.94320011138916,121.9260025024414],"rotationMatrix":[-0.9884201288223267,-0.1475338786840439,-0.03548809885978699,0.1476253420114517,-0.9890433549880981,4.347428330220282e-05,-0.03510568290948868,-0.005195971578359604,0.9993700981140137],"scale":1,"type":"wall_wire1"}
{"pos":[-213.1730041503906,-13.49860000610352,122.0309982299805],"rotationMatrix":[-0.9884196519851685,-0.1480497568845749,-0.03328452259302139,0.1481299996376038,-0.9889678955078125,5.568075357587077e-05,-0.0329255685210228,-0.004875400569289923,0.999445915222168],"scale":1,"type":"wall_wire1"}
{"pos":[-210.1660003662109,-13.04669952392578,122.1289978027344],"rotationMatrix":[-0.9880207777023315,-0.1511978358030319,-0.0308894719928503,0.1512715071439743,-0.9884922504425049,-4.884765803581104e-05,-0.03052661754190922,-0.004720959346741438,0.9995228052139282],"scale":1,"type":"wall_wire1"}
{"pos":[-207.1609954833984,-12.58819961547852,122.2190017700195],"rotationMatrix":[-0.9876216650009155,-0.1542837470769882,-0.02828378044068813,0.1543460935354233,-0.9880168437957764,-2.132041117874905e-05,-0.02794156223535538,-0.004386547487229109,0.9995999336242676],"scale":1,"type":"wall_wire1"}
{"pos":[-204.1569976806641,-12.1230001449585,122.302001953125],"rotationMatrix":[-0.9872225522994995,-0.1570314913988113,-0.02706920728087425,0.157085046172142,-0.9875850677490234,0.000149980973219499,-0.02675669640302658,-0.004104102961719036,0.9996335506439209],"scale":1,"type":"wall_wire1"}
{"pos":[-201.1569976806641,-11.64140033721924,122.3850021362305],"rotationMatrix":[-0.9860270023345947,-0.164335235953331,-0.02728881314396858,0.1643953770399094,-0.9863945245742798,4.030933632748201e-05,-0.02692415937781334,-0.004446408711373806,0.9996275901794434],"scale":1,"type":"wall_wire1"}
{"pos":[-198.1629943847656,-11.12790012359619,122.4690017700195],"rotationMatrix":[-0.9836363792419434,-0.1780838072299957,-0.02730629220604897,0.1781495362520218,-0.9840034246444702,2.555121136538219e-05,-0.02687403559684753,-0.004839470610022545,0.9996271133422852],"scale":1,"type":"wall_wire1"}
{"pos":[-195.1779937744141,-10.5625,122.5510025024414],"rotationMatrix":[-0.9796552658081055,-0.1988735049962997,-0.02692373842000961,0.1989427655935287,-0.9800111055374146,0.0001086825432139449,-0.02640717662870884,-0.005249811336398125,0.9996374845504761],"scale":1,"type":"wall_wire1"}
{"pos":[-192.2070007324219,-9.918999671936035,122.6320037841797],"rotationMatrix":[-0.9728970527648926,-0.2297753542661667,-0.02597326971590519,0.229853019118309,-0.9732253551483154,-4.544433977571316e-06,-0.02527680061757565,-0.005974455736577511,0.9996626377105713],"scale":1,"type":"wall_wire1"}
{"pos":[-189.2619934082031,-9.164999961853027,122.7080001831055],"rotationMatrix":[-0.9617894887924194,-0.2727349102497101,-0.0240133311599493,0.2728111445903778,-0.9620676040649414,0.0001064494063029997,-0.0231314804404974,-0.00644872197881341,0.9997116327285767],"scale":1,"type":"wall_wire1"}
{"pos":[-186.3580017089844,-8.264200210571289,122.7779998779297],"rotationMatrix":[-0.9443984031677246,-0.3281124234199524,-0.02130482532083988,0.3281877636909485,-0.9446125030517578,-4.309232826926745e-05,-0.02011066488921642,-0.007032679859548807,0.9997730255126953],"scale":1,"type":"wall_wire1"}
{"pos":[-183.5149993896484,-7.179200172424316,122.8379974365234],"rotationMatrix":[-0.919630765914917,-0.3923907876014709,-0.01757052354514599,0.3924525082111359,-0.9197722673416138,-7.030841516098008e-05,-0.01613329164683819,-0.006960253696888685,0.9998456239700317],"scale":1,"type":"wall_wire1"}
{"pos":[-180.7610015869141,-5.884699821472168,122.8850021362305],"rotationMatrix":[-0.8868519067764282,-0.4618721306324005,-0.01295509096235037,0.4619100689888,-0.8869267702102661,7.256700337165967e-05,-0.01152373291552067,-0.005919730290770531,0.9999160766601563],"scale":1,"type":"wall_wire1"}
{"pos":[-178.1139984130859,-4.382800102233887,122.9169998168945],"rotationMatrix":[-0.8489668369293213,-0.5283838510513306,-0.008111848495900631,0.5284011363983154,-0.8489948511123657,1.89110214705579e-05,-0.006896909791976213,-0.004270255099982023,0.999967098236084],"scale":1,"type":"wall_wire1"}
{"pos":[-175.5850067138672,-2.689199924468994,122.9339981079102],"rotationMatrix":[-0.8099439144134521,-0.5864977836608887,-0.003346980083733797,0.5865009427070618,-0.8099485635757446,5.801234874525107e-05,-0.002744905883446336,-0.001916020177304745,0.9999943971633911],"scale":1,"type":"wall_wire1"}
{"pos":[-173.1730041503906,-0.833899974822998,122.9380035400391],"rotationMatrix":[-0.772844672203064,-0.6345943212509155,0.001083990442566574,0.6345947980880737,-0.7728450298309326,0.0001306030317209661,0.0007548767025582492,0.0007888305699452758,0.9999994039535522],"scale":1,"type":"wall_wire1"}
{"pos":[-277.6669921875,-0.3537000119686127,120.9509963989258],"rotationMatrix":[-0.3079917430877686,0.9513885378837585,-0.0009761170367710292,-0.9513890147209167,-0.3079918622970581,2.948834844573867e-05,-0.0002725812373682857,0.0009377492242492735,0.9999995231628418],"scale":1,"type":"wall_wire1"}
{"pos":[-276.5769958496094,-3.187700033187866,120.9550018310547],"rotationMatrix":[-0.4152352809906006,0.9097124934196472,-0.001689804601483047,-0.9097138047218323,-0.4152357578277588,7.470849232049659e-05,-0.0006337040103971958,0.001568260253407061,0.9999985694885254],"scale":1,"type":"wall_wire1"}
{"pos":[-275.1669921875,-5.876800060272217,120.9609985351563],"rotationMatrix":[-0.5186766386032104,0.8549672961235046,-0.00234107649885118,-0.8549696803092957,-0.5186779499053955,5.459283056552522e-05,-0.001167589682154357,0.002029865514487028,0.9999972581863403],"scale":1,"type":"wall_wire1"}
{"pos":[-273.4519958496094,-8.382699966430664,120.9690017700195],"rotationMatrix":[-0.6164028644561768,0.7874247431755066,-0.003126493887975812,-0.787428617477417,-0.6164058446884155,1.315836198045872e-05,-0.001916827983222902,0.002470001811161637,0.9999951124191284],"scale":1,"type":"wall_wire1"}
{"pos":[-271.4519958496094,-10.66689968109131,120.9800033569336],"rotationMatrix":[-0.7057057619094849,0.7084941267967224,-0.003934837412089109,-0.7084999084472656,-0.7057108879089355,0.0001191790142911486,-0.002692419802770019,0.002871937118470669,0.9999922513961792],"scale":1,"type":"wall_wire1"}
{"pos":[-269.1919860839844,-12.69499969482422,120.9929962158203],"rotationMatrix":[-0.7852954864501953,0.619101881980896,-0.004882753826677799,-0.6191093325614929,-0.7853047847747803,2.080676676996518e-05,-0.003821568330749869,0.003039297880604863,0.9999880790710449],"scale":1,"type":"wall_wire1"}
{"pos":[-266.7049865722656,-14.43780040740967,121.0090026855469],"rotationMatrix":[-0.8524289131164551,0.5228128433227539,-0.005630333442240953,-0.5228215456008911,-0.8524421453475952,9.363358549308032e-05,-0.004750580526888371,0.003023475641384721,0.9999841451644897],"scale":1,"type":"wall_wire1"}
{"pos":[-264.0329895019531,-15.88150024414063,121.0270004272461],"rotationMatrix":[-0.906714916229248,0.4216960072517395,-0.006366180256009102,-0.4217048585414886,-0.9067331552505493,4.998272197553888e-05,-0.005751349031925201,0.002729969099164009,0.9999797344207764],"scale":1,"type":"wall_wire1"}
{"pos":[-261.2170104980469,-17.01689910888672,121.0469970703125],"rotationMatrix":[-0.9475492238998413,0.3195352852344513,-0.006904845125973225,-0.3195434212684631,-0.9475716352462769,7.912849832791835e-05,-0.006517550908029079,0.002281375927850604,0.9999761581420898],"scale":1,"type":"wall_wire1"}
{"pos":[-258.2959899902344,-17.84499931335449,121.0690002441406],"rotationMatrix":[-0.9756747484207153,0.2190969586372375,-0.007437072228640318,-0.2191026657819748,-0.9757018089294434,-4.799388989340514e-05,-0.007266880013048649,0.001582655939273536,0.9999723434448242],"scale":1,"type":"wall_wire1"}
{"pos":[-255.3049926757813,-18.37639999389648,121.0920028686523],"rotationMatrix":[-0.9924074411392212,0.122731976211071,-0.008020778186619282,-0.1227374970912933,-0.9924391508102417,0.000197747562197037,-0.007935863919556141,0.001180696301162243,0.9999678134918213],"scale":1,"type":"wall_wire1"}
{"pos":[-252.2779998779297,-18.62709999084473,121.1169967651367],"rotationMatrix":[-0.9995999336242676,0.02700768224895,-0.008399868384003639,-0.02700768224895,-0.9996352195739746,-0.0001134531776187941,-0.008399868384003639,0.0001134531776187941,0.999964714050293],"scale":1,"type":"wall_wire1"}
{"pos":[-85.44029998779297,653.4010009765625,75.43450164794922],"rotationMatrix":[1,0,0,0,1,0,0,0,1],"scale":1,"type":"wall_wire1"}
{"pos":[-82.41110229492188,653.4010009765625,75.43450164794922],"rotationMatrix":[1,0,0,0,1,0,0,0,1],"scale":1,"type":"wall_wire1"}
{"pos":[-76.37059783935547,653.4010009765625,75.43450164794922],"rotationMatrix":[1,0,0,0,1,0,0,0,1],"scale":1,"type":"wall_wire1"}
{"pos":[-79.39980316162109,653.4010009765625,75.43450164794922],"rotationMatrix":[1,0,0,0,1,0,0,0,1],"scale":1,"type":"wall_wire1"}
{"pos":[-67.31729888916016,653.4010009765625,75.43450164794922],"rotationMatrix":[1,0,0,0,1,0,0,0,1],"scale":1,"type":"wall_wire1"}
{"pos":[-64.28810119628906,653.4010009765625,75.43450164794922],"rotationMatrix":[1,0,0,0,1,0,0,0,1],"scale":1,"type":"wall_wire1"}
{"pos":[-70.32859802246094,653.4010009765625,75.43450164794922],"rotationMatrix":[1,0,0,0,1,0,0,0,1],"scale":1,"type":"wall_wire1"}
{"pos":[-73.35790252685547,653.4010009765625,75.43450164794922],"rotationMatrix":[1,0,0,0,1,0,0,0,1],"scale":1,"type":"wall_wire1"}
{"pos":[-62.81079864501953,639.8309936523438,75.43450164794922],"rotationMatrix":[1.931190490722656e-05,-1,0,1,1.931190490722656e-05,0,0,0,1],"scale":1,"type":"wall_wire1"}
{"pos":[-62.81079864501953,636.802001953125,75.43450164794922],"rotationMatrix":[1.931190490722656e-05,-1,0,1,1.931190490722656e-05,0,0,0,1],"scale":1,"type":"wall_wire1"}
{"pos":[-62.81079864501953,630.760986328125,75.43450164794922],"rotationMatrix":[1.931190490722656e-05,-1,0,1,1.931190490722656e-05,0,0,0,1],"scale":1,"type":"wall_wire1"}
{"pos":[-62.81079864501953,633.7899780273438,75.43450164794922],"rotationMatrix":[1.931190490722656e-05,-1,0,1,1.931190490722656e-05,0,0,0,1],"scale":1,"type":"wall_wire1"}
{"pos":[-62.81079864501953,645.8729858398438,75.43450164794922],"rotationMatrix":[1.931190490722656e-05,-1,0,1,1.931190490722656e-05,0,0,0,1],"scale":1,"type":"wall_wire1"}
{"pos":[-62.81079864501953,642.843994140625,75.43450164794922],"rotationMatrix":[1.931190490722656e-05,-1,0,1,1.931190490722656e-05,0,0,0,1],"scale":1,"type":"wall_wire1"}
{"pos":[-62.81079864501953,648.8839721679688,75.43450164794922],"rotationMatrix":[1.931190490722656e-05,-1,0,1,1.931190490722656e-05,0,0,0,1],"scale":1,"type":"wall_wire1"}
{"pos":[-62.81079864501953,651.9130249023438,75.43450164794922],"rotationMatrix":[1.931190490722656e-05,-1,0,1,1.931190490722656e-05,0,0,0,1],"scale":1,"type":"wall_wire1"}
{"pos":[-62.81079864501953,627.7529907226563,75.43450164794922],"rotationMatrix":[1.931190490722656e-05,-1,0,1,1.931190490722656e-05,0,0,0,1],"scale":1,"type":"wall_wire1"}
{"pos":[-62.81079864501953,624.7410278320313,75.43450164794922],"rotationMatrix":[1.931190490722656e-05,-1,0,1,1.931190490722656e-05,0,0,0,1],"scale":1,"type":"wall_wire1"}
{"pos":[-62.81079864501953,621.7119750976563,75.43450164794922],"rotationMatrix":[1.931190490722656e-05,-1,0,1,1.931190490722656e-05,0,0,0,1],"scale":1,"type":"wall_wire1"}
{"pos":[-62.81079864501953,618.7080078125,75.43450164794922],"rotationMatrix":[1.931190490722656e-05,-1,0,1,1.931190490722656e-05,0,0,0,1],"scale":1,"type":"wall_wire1"}
{"pos":[-48.30730056762695,375.2640075683594,106.1480026245117],"rotationMatrix":[0.8011717796325684,0.5984342098236084,0.0005162112647667527,-0.5984344482421875,0.8011716604232788,0.0004586534632835537,-0.00013909992412664,-0.0006763788405805826,0.9999997615814209],"scale":1,"type":"wall_wire1"}
{"pos":[-45.92520141601563,377.0840148925781,106.1549987792969],"rotationMatrix":[0.7923742532730103,0.6100350618362427,0.0005195364938117564,-0.610035240650177,0.7923741340637207,0.0004548834695015103,-0.0001341723982477561,-0.0006773734930902719,0.9999997615814209],"scale":1,"type":"wall_wire1"}
{"pos":[-43.56340026855469,378.9320068359375,106.1620025634766],"rotationMatrix":[0.787056565284729,0.6168805956840515,0.0005215030978433788,-0.6168808341026306,0.7870564460754395,0.0004526274278759956,-0.0001312352978857234,-0.0006779486429877579,0.9999997615814209],"scale":1,"type":"wall_wire1"}
{"pos":[-41.2156982421875,380.7969970703125,106.1679992675781],"rotationMatrix":[0.7825958728790283,0.6225300431251526,0.0001610144390724599,-0.6225300431251526,0.7825957536697388,0.0004609695461113006,0.0001609581668162718,-0.0004609891911968589,0.9999998807907104],"scale":1,"type":"wall_wire1"}
{"pos":[-38.87939834594727,382.677001953125,106.1740036010742],"rotationMatrix":[0.7790205478668213,0.6269983649253845,0.0001623327698325738,-0.6269983649253845,0.7790204286575317,0.0004605069407261908,0.0001622765557840466,-0.0004605267604347318,0.9999998807907104],"scale":1,"type":"wall_wire1"}
{"pos":[-36.55379867553711,384.5700073242188,106.1790008544922],"rotationMatrix":[0.77581787109375,0.6309568881988525,0,-0.6309568881988525,0.77581787109375,0,0,0,1],"scale":1,"type":"wall_wire1"}
{"pos":[-34.23770141601563,386.4739990234375,106.1839981079102],"rotationMatrix":[0.7732661962509155,0.6340816020965576,0.0001162514090538025,-0.6340816020965576,0.773266077041626,0.0003251075104344636,0.0001162514090538025,-0.0003251075104344636,1],"scale":1,"type":"wall_wire1"}
{"pos":[-31.92830085754395,388.3869934082031,106.1890029907227],"rotationMatrix":[0.7708355188369751,0.6370342373847961,0,-0.6370342373847961,0.7708355188369751,0,0,0,1],"scale":1,"type":"wall_wire1"}
{"pos":[-29.62579917907715,390.3070068359375,106.193000793457],"rotationMatrix":[0.7688000202178955,0.6394892930984497,0,-0.6394892930984497,0.7688000202178955,0,0,0,1],"scale":1,"type":"wall_wire1"}
{"pos":[-27.32920074462891,392.2349853515625,106.1969985961914],"rotationMatrix":[0.7670285701751709,0.6416128873825073,-0.0002066955930786207,-0.6416127681732178,0.7670285701751709,0.0004423748468980193,0.0004423748468980193,-0.0002066955930786207,0.9999998807907104],"scale":1,"type":"wall_wire1"}
{"pos":[-25.03759956359863,394.1690063476563,106.2009963989258],"rotationMatrix":[0.7653874158859253,0.6435696482658386,-0.0004587489238474518,-0.6435696482658386,0.7653875350952148,0.0001672363141551614,0.0004587489238474518,0.0001672363141551614,0.9999998807907104],"scale":1,"type":"wall_wire1"}
{"pos":[-22.75060081481934,396.1080017089844,106.2040023803711],"rotationMatrix":[0.7638778686523438,0.64536052942276,-0.0006484915502369404,-0.64536052942276,0.7638781070709229,0.0002372674498474225,0.0006484915502369404,0.0002372674498474225,0.9999997615814209],"scale":1,"type":"wall_wire1"}
{"pos":[-20.46789932250977,398.052001953125,106.2080001831055],"rotationMatrix":[0.7625014781951904,0.6469861268997192,-0.0006482384633272886,-0.6469861268997192,0.7625017166137695,0.0002379579818807542,0.0006482384633272886,0.0002379579818807542,0.9999997615814209],"scale":1,"type":"wall_wire1"}
{"pos":[-18.18889999389648,400,106.2109985351563],"rotationMatrix":[0.7611210346221924,0.6486095786094666,-0.0006479845615103841,-0.6486095786094666,0.7611212730407715,0.0002386485430179164,0.0006479845615103841,0.0002386485430179164,0.9999997615814209],"scale":1,"type":"wall_wire1"}
{"pos":[-15.91349983215332,401.9530029296875,106.2129974365234],"rotationMatrix":[0.7600138187408447,0.6499065756797791,-0.0006477808346971869,-0.6499065756797791,0.7600140571594238,0.0002392009773757309,0.0006477808346971869,0.0002392009773757309,0.9999997615814209],"scale":1,"type":"wall_wire1"}
{"pos":[-13.64190006256104,403.9100036621094,106.2160034179688],"rotationMatrix":[0.7590428590774536,0.651040256023407,-0.0007240411941893399,-0.651040256023407,0.7590432167053223,0.0002679752360563725,0.0007240411941893399,0.0002679752360563725,0.9999997615814209],"scale":1,"type":"wall_wire1"}
{"pos":[-11.37329959869385,405.8699951171875,106.2180023193359],"rotationMatrix":[0.7579306364059448,0.6523343920707703,-0.0009710959857329726,-0.6523343920707703,0.7579312324523926,0.0003603551303967834,0.0009710959857329726,0.0003603551303967834,0.9999995231628418],"scale":1,"type":"wall_wire1"}
{"pos":[-9.107500076293945,407.8340148925781,106.2190017700195],"rotationMatrix":[0.7570949792861938,0.6533041596412659,-0.0009153404971584678,-0.6533041596412659,0.7570954561233521,0.0003403320733923465,0.0009153404971584678,0.0003403320733923465,0.9999995231628418],"scale":1,"type":"wall_wire1"}
{"pos":[-6.844299793243408,409.8009948730469,106.2210006713867],"rotationMatrix":[0.7562576532363892,0.6542729735374451,-0.001120791421271861,-0.6542729735374451,0.7562583684921265,0.0004175375506747514,0.001120791421271861,0.0004175375506747514,0.9999992847442627],"scale":1,"type":"wall_wire1"}
{"pos":[-4.583600044250488,411.7699890136719,106.2220001220703],"rotationMatrix":[0.755419135093689,0.6552407741546631,-0.001193559728562832,-0.6552411913871765,0.7554197311401367,7.698149420320988e-05,0.0009520800085738301,0.0007239162223413587,0.9999992847442627],"scale":1,"type":"wall_wire1"}
{"pos":[-2.325099945068359,413.7420043945313,106.2229995727539],"rotationMatrix":[0.7547190189361572,0.6560468673706055,-0.001293611363507807,-0.6560468673706055,0.7547199726104736,0.0004836499283555895,0.001293611363507807,0.0004836499283555895,0.9999990463256836],"scale":1,"type":"wall_wire1"}
{"pos":[-0.06880000233650208,415.7170104980469,106.2239990234375],"rotationMatrix":[0.7540180683135986,0.6568524241447449,-0.001293353037908673,-0.6568524241447449,0.754019021987915,0.0004843405331484973,0.001293353037908673,0.0004843405331484973,0.9999990463256836],"scale":1,"type":"wall_wire1"}
{"pos":[-85.814697265625,357.1610107421875,106.1650009155273],"rotationMatrix":[0.969038724899292,0.2468653470277786,-0.004631383810192347,-0.2468675971031189,0.9690492153167725,8.855310443323106e-05,0.00450989929959178,0.001057527144439518,0.9999892711639404],"scale":1,"type":"wall_wire1"}
{"pos":[-82.92120361328125,357.9389953613281,106.1559982299805],"rotationMatrix":[0.9628349542617798,0.2700543701648712,-0.004413984715938568,-0.270055890083313,0.9628446102142334,0.0002587760682217777,0.004319865256547928,0.0009428640478290617,0.9999902248382568],"scale":1,"type":"wall_wire1"}
{"pos":[-80.05210113525391,358.802001953125,106.1490020751953],"rotationMatrix":[0.9554708003997803,0.2950582206249237,-0.004024862311780453,-0.2950601577758789,0.9554786682128906,0.0001135003476520069,0.003879159223288298,0.001079130219295621,0.9999918937683105],"scale":1,"type":"wall_wire1"}
{"pos":[-77.20529937744141,359.7349853515625,106.1419982910156],"rotationMatrix":[0.947050929069519,0.3210636675357819,-0.003556656651198864,-0.3210636675357819,0.9470574855804443,0.0005864835111424327,0.003556656651198864,0.0005864835111424327,0.9999935626983643],"scale":1,"type":"wall_wire1"}
{"pos":[-74.38739776611328,360.7510070800781,106.1370010375977],"rotationMatrix":[0.9375491142272949,0.3478386402130127,-0.003151487791910768,-0.3478386402130127,0.9375542402267456,0.0005657710717059672,0.003151487791910768,0.0005657710717059672,0.9999948740005493],"scale":1,"type":"wall_wire1"}
{"pos":[-71.59829711914063,361.843994140625,106.1320037841797],"rotationMatrix":[0.9269571304321289,0.3751556277275085,-0.002954492345452309,-0.3751556277275085,0.9269616603851318,0.0005752044962719083,0.002954492345452309,0.0005752044962719083,0.9999954700469971],"scale":1,"type":"wall_wire1"}
{"pos":[-68.84339904785156,363.0190124511719,106.1289978027344],"rotationMatrix":[0.9152894020080566,0.4027889370918274,-0.002528432058170438,-0.4027889370918274,0.9152927398681641,0.0005317339673638344,0.002528432058170438,0.0005317339673638344,0.9999966621398926],"scale":1,"type":"wall_wire1"}
{"pos":[-66.12560272216797,364.2780151367188,106.1269989013672],"rotationMatrix":[0.9025806188583374,0.4305156171321869,-0.002129813423380256,-0.4305156171321869,0.9025830030441284,0.0004819338209927082,0.002129813423380256,0.0004819338209927082,0.999997615814209],"scale":1,"type":"wall_wire1"}
{"pos":[-63.44509887695313,365.614990234375,106.1259994506836],"rotationMatrix":[0.8889837265014648,0.4579357802867889,-0.001662211609072983,-0.4579351544380188,0.888985276222229,0.0007582280086353421,0.001824901439249516,8.713278657523915e-05,0.9999983310699463],"scale":1,"type":"wall_wire1"}
{"pos":[-60.80680084228516,367.0329895019531,106.1269989013672],"rotationMatrix":[0.8746991157531738,0.4846649467945099,-0.001157963997684419,-0.4846649467945099,0.8746998310089111,0.0002993832167703658,0.001157971448265016,0.0002993543457705528,0.9999992847442627],"scale":1,"type":"wall_wire1"}
{"pos":[-58.21269989013672,368.531005859375,106.1289978027344],"rotationMatrix":[0.8597615957260132,0.5106951594352722,-0.0006862413138151169,-0.5106947422027588,0.8597618341445923,0.0006947999354451895,0.0009448350174352527,-0.0002469024620950222,0.9999995231628418],"scale":1,"type":"wall_wire1"}
{"pos":[-55.66650009155273,370.1080017089844,106.1320037841797],"rotationMatrix":[0.8444294929504395,0.5356665849685669,-0.0003327246813569218,-0.5356663465499878,0.8444294929504395,0.0006050879019312561,0.0006050879019312561,-0.0003327246813569218,0.9999997615814209],"scale":1,"type":"wall_wire1"}
{"pos":[-53.16910171508789,371.7630004882813,106.1360015869141],"rotationMatrix":[0.8288874626159668,0.559415340423584,-0.0001552460598759353,-0.5594151616096497,0.8288873434066772,0.0006728564039804041,0.0005050877225585282,-0.0004708752385340631,0.9999997615814209],"scale":1,"type":"wall_wire1"}
{"pos":[-50.71860122680664,373.4849853515625,106.1419982910156],"rotationMatrix":[0.8139499425888062,0.5809347629547119,0.0005112118669785559,-0.580935001373291,0.8139498233795166,0.000464219250716269,-0.0001464197121094912,-0.000674832088407129,0.9999997615814209],"scale":1,"type":"wall_wire1"}
{"pos":[-82.38639831542969,251.0140075683594,117.2689971923828],"rotationMatrix":[0.7404799461364746,0.6719725131988525,0.01193216536194086,-0.6720717549324036,0.740435004234314,0.008690577931702137,-0.00299516343511641,-0.01445447001606226,0.9998910427093506],"scale":1,"type":"wall_wire1"}
{"pos":[-80.15570068359375,253.0249938964844,117.3030014038086],"rotationMatrix":[0.7412014007568359,0.6711801290512085,0.01173568796366453,-0.6712768077850342,0.7411549091339111,0.008765776641666889,-0.002814548090100288,-0.01437510084360838,0.9998927116394043],"scale":1,"type":"wall_wire1"}
{"pos":[-77.92410278320313,255.0359954833984,117.3359985351563],"rotationMatrix":[0.7419202327728271,0.6703854203224182,0.01173639297485352,-0.6704821586608887,0.7418738603591919,0.008764832280576229,-0.002831107471138239,-0.01437184866517782,0.9998927116394043],"scale":1,"type":"wall_wire1"}
{"pos":[-75.69259643554688,257.0459899902344,117.3679962158203],"rotationMatrix":[0.7426397800445557,0.6695929169654846,0.0114653380587697,-0.6696856021881104,0.7425942420959473,0.008660592138767242,-0.002715022535994649,-0.01410987228155136,0.999896764755249],"scale":1,"type":"wall_wire1"}
{"pos":[-73.46080017089844,259.0559997558594,117.4010009765625],"rotationMatrix":[0.7433581352233887,0.668798565864563,0.01127687096595764,-0.6688888072967529,0.7433110475540161,0.00874249916523695,-0.002535251900553703,-0.0140417804941535,0.9998981952667236],"scale":1,"type":"wall_wire1"}
{"pos":[-71.22519683837891,261.06201171875,117.4329986572266],"rotationMatrix":[0.7440741062164307,0.6680020093917847,0.0112721873447299,-0.6680922508239746,0.7440270185470581,0.008748536929488182,-0.002542771631851792,-0.01404042076319456,0.9998981952667236],"scale":1,"type":"wall_wire1"}
{"pos":[-68.98380279541016,263.06201171875,117.463996887207],"rotationMatrix":[0.7447904348373413,0.667206346988678,0.01108445506542921,-0.6672942638397217,0.7447419166564941,0.008824581280350685,-0.002367241308093071,-0.0139690563082695,0.9998996257781982],"scale":1,"type":"wall_wire1"}
{"pos":[-66.74250030517578,265.0610046386719,117.495002746582],"rotationMatrix":[0.7456483840942383,0.6662505269050598,0.01089677587151527,-0.6663359999656677,0.7455985546112061,0.008895948529243469,-0.002197689842432737,-0.0138941640034318,0.9999010562896729],"scale":1,"type":"wall_wire1"}
{"pos":[-64.50140380859375,267.0610046386719,117.5260009765625],"rotationMatrix":[0.7463624477386475,0.6654537320137024,0.01069841999560595,-0.665536642074585,0.7463111877441406,0.008975560776889324,-0.002011530101299286,-0.01381921209394932,0.9999024868011475],"scale":1,"type":"wall_wire1"}
{"pos":[-62.2599983215332,269.0599975585938,117.556999206543],"rotationMatrix":[0.7470755577087402,0.6646561622619629,0.01050408370792866,-0.6647366285324097,0.7470228672027588,0.009058630093932152,-0.001825916580855846,-0.0137499300763011,0.9999037981033325],"scale":1,"type":"wall_wire1"}
{"pos":[-60.00920104980469,271.0490112304688,117.5859985351563],"rotationMatrix":[0.7477861642837524,0.6638565063476563,0.01050594262778759,-0.6639370918273926,0.7477335929870605,0.009056473150849342,-0.001843447214923799,-0.01374759059399366,0.9999037981033325],"scale":1,"type":"wall_wire1"}
{"pos":[-57.75809860229492,273.0369873046875,117.6149978637695],"rotationMatrix":[0.7484972476959229,0.663057804107666,0.01030563097447157,-0.663135826587677,0.7484432458877563,0.009141452610492706,-0.001651867874898016,-0.01367638539522886,0.9999051094055176],"scale":1,"type":"wall_wire1"}
{"pos":[-55.50690078735352,275.0260009765625,117.6429977416992],"rotationMatrix":[0.7493487596511841,0.6620993614196777,0.01004232186824083,-0.6621737480163574,0.7492959499359131,0.009029599837958813,-0.00154617871157825,-0.01341608073562384,0.9999088048934937],"scale":1,"type":"wall_wire1"}
{"pos":[-53.25569915771484,277.0140075683594,117.6719970703125],"rotationMatrix":[0.7500574588775635,0.6612992286682129,0.009854627773165703,-0.6613712310791016,0.750003457069397,0.009104077704250813,-0.001370485406368971,-0.01334614958614111,0.9999099969863892],"scale":1,"type":"wall_wire1"}
{"pos":[-50.9995002746582,278.9960021972656,117.6999969482422],"rotationMatrix":[0.7507652044296265,0.6604984998703003,0.009660694748163223,-0.6605680584907532,0.7507100105285645,0.009180682711303234,-0.001188553054817021,-0.01327408384531736,0.9999111890792847],"scale":1,"type":"wall_wire1"}
{"pos":[-48.73809814453125,280.9729919433594,117.7259979248047],"rotationMatrix":[0.7516117095947266,0.65953528881073,0.009646927006542683,-0.6596047282218933,0.751556396484375,0.009195148013532162,-0.001185685046948493,-0.01327433995902538,0.9999111890792847],"scale":1,"type":"wall_wire1"}
{"pos":[-46.47679901123047,282.9500122070313,117.7529983520508],"rotationMatrix":[0.7523170709609985,0.6587331891059875,0.00946563296020031,-0.6588004231452942,0.752260684967041,0.009266615845263004,-0.001016395748592913,-0.01320739649236202,0.9999122619628906],"scale":1,"type":"wall_wire1"}
{"pos":[-44.21549987792969,284.9259948730469,117.7789993286133],"rotationMatrix":[0.7531620264053345,0.6577696800231934,0.009273630566895008,-0.657834529876709,0.7531046867370605,0.009331890381872654,-0.0008457799558527768,-0.01312894001603127,0.9999134540557861],"scale":1,"type":"wall_wire1"}
{"pos":[-41.95389938354492,286.9030151367188,117.8050003051758],"rotationMatrix":[0.7538652420043945,0.6569662690162659,0.009082681499421597,-0.6570287346839905,0.7538067102432251,0.009417117573320866,-0.0006598575273528695,-0.01306682080030441,0.9999144077301025],"scale":1,"type":"wall_wire1"}
{"pos":[-39.68199920654297,288.8670043945313,117.8290023803711],"rotationMatrix":[0.7547074556350708,0.6560022234916687,0.008818751201033592,-0.6560612320899963,0.754650354385376,0.009300176985561848,-0.0005541372811421752,-0.0128045529127121,0.9999178647994995],"scale":1,"type":"wall_wire1"}
{"pos":[-37.41019821166992,290.8320007324219,117.8529968261719],"rotationMatrix":[0.7555482387542725,0.655036449432373,0.008607398718595505,-0.6550928950309753,0.7554900646209717,0.009382470510900021,-0.0003569437831174582,-0.01272755488753319,0.9999189376831055],"scale":1,"type":"wall_wire1"}
{"pos":[-35.13859939575195,292.7969970703125,117.8769989013672],"rotationMatrix":[0.7562477588653564,0.6542309522628784,0.008435853756964207,-0.6542853116989136,0.7561887502670288,0.009449108503758907,-0.0001971981691895053,-0.01266532205045223,0.9999197721481323],"scale":1,"type":"wall_wire1"}
{"pos":[-32.86660003662109,294.760986328125,117.9010009765625],"rotationMatrix":[0.7570858001708984,0.6532636284828186,0.008231188170611858,-0.6533154845237732,0.7570258378982544,0.009528358466923237,-6.691804628644604e-06,-0.01259134709835052,0.9999207258224487],"scale":1,"type":"wall_wire1"}
{"pos":[-30.5890007019043,296.718994140625,117.9240036010742],"rotationMatrix":[0.7579214572906494,0.6522938013076782,0.008236025460064411,-0.6523458361625671,0.7578616142272949,0.009524177759885788,-2.920544829976279e-05,-0.01259131543338299,0.9999207258224487],"scale":1,"type":"wall_wire1"}
{"pos":[-28.30649948120117,298.6709899902344,117.9459991455078],"rotationMatrix":[0.758617639541626,0.6514865159988403,0.008037923835217953,-0.6515360474586487,0.7585568428039551,0.009605470113456249,0.0001606121368240565,-0.01252387650310993,0.9999215602874756],"scale":1,"type":"wall_wire1"}
{"pos":[-26.02429962158203,300.6229858398438,117.9670028686523],"rotationMatrix":[0.7594515085220337,0.6505173444747925,0.00778588093817234,-0.6505638360977173,0.759392261505127,0.009489727206528187,0.0002606942434795201,-0.01227220054715872,0.9999246597290039],"scale":1,"type":"wall_wire1"}
{"pos":[-23.74160003662109,302.5759887695313,117.9889984130859],"rotationMatrix":[0.7602839469909668,0.6495466828346252,0.007579326629638672,-0.6495907306671143,0.7602238655090332,0.009568692184984684,0.0004533270257525146,-0.01219838298857212,0.9999254941940308],"scale":1,"type":"wall_wire1"}
{"pos":[-21.45829963684082,304.5270080566406,118.0100021362305],"rotationMatrix":[0.7611148357391357,0.6485752463340759,0.007374546956270933,-0.6486168503761292,0.7610540390014648,0.00964123010635376,0.0006406342145055532,-0.01212133839726448,0.9999263286590576],"scale":1,"type":"wall_wire1"}
{"pos":[-19.1648998260498,306.4660034179688,118.0289993286133],"rotationMatrix":[0.7619442939758301,0.6476026177406311,0.007194043602794409,-0.6476420760154724,0.7618827819824219,0.00971550215035677,0.0008107665344141424,-0.01206183712929487,0.9999269247055054],"scale":1,"type":"wall_wire1"}
{"pos":[-16.87170028686523,308.4049987792969,118.0479965209961],"rotationMatrix":[0.7627722024917603,0.6466292142868042,0.007018801756203175,-0.6466665267944336,0.7627100944519043,0.009782109409570694,0.0009720867965370417,-0.01200034562498331,0.9999275207519531],"scale":1,"type":"wall_wire1"}
{"pos":[-14.578200340271,310.3450012207031,118.0670013427734],"rotationMatrix":[0.7635986804962158,0.6456561088562012,0.00672856392338872,-0.6456902027130127,0.763538122177124,0.009680889546871185,0.001113010570406914,-0.01173688285052776,0.9999305009841919],"scale":1,"type":"wall_wire1"}
{"pos":[-12.28499984741211,312.2839965820313,118.0859985351563],"rotationMatrix":[0.7644236087799072,0.6446810960769653,0.006546694319695234,-0.6447130441665649,0.7643625736236572,0.009743818081915379,0.00127760658506304,-0.01166914403438568,0.9999310970306396],"scale":1,"type":"wall_wire1"}
{"pos":[-9.984499931335449,314.2149963378906,118.1029968261719],"rotationMatrix":[0.765247106552124,0.6437052488327026,0.006356008816510439,-0.6437349915504456,0.7651854753494263,0.009820831939578056,0.001458195387385786,-0.01160694845020771,0.9999315738677979],"scale":1,"type":"wall_wire1"}
{"pos":[-7.679999828338623,316.1409912109375,118.1190032958984],"rotationMatrix":[0.7660691738128662,0.6427286863327026,0.006149840541183949,-0.6427559852600098,0.7660069465637207,0.009903202764689922,0.001654252409934998,-0.01153938565403223,0.9999320507049561],"scale":1,"type":"wall_wire1"}
{"pos":[-5.375699996948242,318.0669860839844,118.1350021362305],"rotationMatrix":[0.7668896913528442,0.6417511701583862,0.005971336271613836,-0.6417763829231262,0.7668271064758301,0.009964111261069775,0.001815497293137014,-0.01147363614290953,0.9999325275421143],"scale":1,"type":"wall_wire1"}
{"pos":[-3.071199893951416,319.9930114746094,118.1510009765625],"rotationMatrix":[0.7677087783813477,0.6407737135887146,0.005682927556335926,-0.6407959461212158,0.7676479816436768,0.009857050143182278,0.001953650498762727,-0.01120894029736519,0.9999352693557739],"scale":1,"type":"wall_wire1"}
{"pos":[-0.7649000287055969,321.9169921875,118.1669998168945],"rotationMatrix":[0.7686623334884644,0.639630913734436,0.005526678636670113,-0.639651358127594,0.7686012983322144,0.009909476153552532,0.00209059426560998,-0.01115218829363585,0.9999356269836426],"scale":1,"type":"wall_wire1"}
{"pos":[-34.96860122680664,254.7830047607422,124.697998046875],"rotationMatrix":[0.7374774217605591,0.6753717660903931,0,-0.6753717660903931,0.7374774217605591,0,0,0,1],"scale":1,"type":"wall_wire1"}
{"pos":[-32.73580169677734,256.8330078125,124.6989974975586],"rotationMatrix":[0.7374774217605591,0.6753717660903931,0,-0.6753717660903931,0.7374774217605591,0,0,0,1],"scale":1,"type":"wall_wire1"}
{"pos":[-37.20330047607422,252.7409973144531,124.6989974975586],"rotationMatrix":[0.7374774217605591,0.6753717660903931,0,-0.6753717660903931,0.7374774217605591,0,0,0,1],"scale":1,"type":"wall_wire1"}
{"pos":[-39.43610000610352,250.6920013427734,124.697998046875],"rotationMatrix":[0.7374774217605591,0.6753717660903931,0,-0.6753717660903931,0.7374774217605591,0,0,0,1],"scale":1,"type":"wall_wire1"}
{"pos":[-58.12160110473633,251.9320068359375,121.1839981079102],"rotationMatrix":[-0.7275692224502563,-0.6860302686691284,0.00234162830747664,0.6860321164131165,-0.7275712490081787,-1.990840246435255e-05,0.00171735929325223,0.001591947511769831,0.9999972581863403],"scale":1,"type":"wall_wire1"}
{"pos":[-55.90530014038086,254.0269927978516,121.177001953125],"rotationMatrix":[-0.7279407978057861,-0.6856365203857422,0.002183223841711879,0.6856381893157959,-0.7279424667358398,4.358162550488487e-05,0.001559380209073424,0.001528626540675759,0.999997615814209],"scale":1,"type":"wall_wire1"}
{"pos":[-53.68719863891602,256.1210021972656,121.1699981689453],"rotationMatrix":[-0.7286845445632935,-0.684846043586731,0.002183199860155582,0.6848477125167847,-0.7286862134933472,4.476643152884208e-05,0.001560209551826119,0.001527780084870756,0.999997615814209],"scale":1,"type":"wall_wire1"}
{"pos":[-51.46760177612305,258.2130126953125,121.1640014648438],"rotationMatrix":[-0.7290563583374023,-0.6844502091407776,0.002183187752962112,0.6844518780708313,-0.7290580272674561,4.535924745141529e-05,0.001560624339617789,0.001527356333099306,0.999997615814209],"scale":1,"type":"wall_wire1"}
{"pos":[-49.24639892578125,260.3030090332031,121.1569976806641],"rotationMatrix":[-0.7294282913208008,-0.6840537786483765,0.002183175180107355,0.684055507183075,-0.7294299602508545,4.595259451889433e-05,0.001561039360240102,0.00152693223208189,0.999997615814209],"scale":1,"type":"wall_wire1"}
{"pos":[-47.02339935302734,262.3909912109375,121.1510009765625],"rotationMatrix":[-0.7301725149154663,-0.6832600235939026,0.001952229416929185,0.6832614541053772,-0.7301738262176514,5.910775871598162e-05,0.001385080860927701,0.001377041917294264,0.9999980926513672],"scale":1,"type":"wall_wire1"}
{"pos":[-44.79869842529297,264.4779968261719,121.1449966430664],"rotationMatrix":[-0.7309165000915527,-0.6824641227722168,0.001952196937054396,0.6824654936790466,-0.7309178113937378,6.017123450874351e-05,0.00138583080843091,0.00137628719676286,0.9999980926513672],"scale":1,"type":"wall_wire1"}
{"pos":[-42.57180023193359,266.56201171875,121.1389999389648],"rotationMatrix":[-0.7312885522842407,-0.6820656061172485,0.001888394239358604,0.6820666790008545,-0.7312899827957153,-0.0001012051216093823,0.001449992414563894,0.001214000629261136,0.9999982118606567],"scale":1,"type":"wall_wire1"}
{"pos":[-40.34280014038086,268.6440124511719,121.1330032348633],"rotationMatrix":[-0.7320328950881958,-0.6812666654586792,0.001888449303805828,0.6812677383422852,-0.7320343255996704,-0.0001001740965875797,0.001450654934160411,0.001213208888657391,0.9999982118606567],"scale":1,"type":"wall_wire1"}
{"pos":[-38.11169815063477,270.7239990234375,121.1279983520508],"rotationMatrix":[-0.7327775955200195,-0.6804661154747009,0.001691316021606326,0.6804670691490173,-0.7327786684036255,-2.170551306335256e-05,0.001254130154848099,0.001134979538619518,0.9999985694885254],"scale":1,"type":"wall_wire1"}
