{"pos":[-121.3209991455078,-499.7630004882813,127.2590026855469],"rotationMatrix":[0.513704776763916,-0.8579670190811157,0,0.8579670190811157,0.513704776763916,0,0,0,1],"scale":1,"type":"wall_metal1"}
{"pos":[-122.8649978637695,-497.1839904785156,127.0080032348633],"rotationMatrix":[0.513901948928833,-0.8578489422798157,0,0.8578489422798157,0.513901948928833,0,0,0,1],"scale":1,"type":"wall_metal1"}
{"pos":[-124.411003112793,-494.6050109863281,126.8809967041016],"rotationMatrix":[0.51409912109375,-0.8577308058738708,0,0.8577308058738708,0.51409912109375,0,0,0,1],"scale":1,"type":"wall_metal1"}
{"pos":[-145.6479949951172,-461.3840026855469,125.4670028686523],"rotationMatrix":[0.8882300853729248,-0.4593988656997681,0,0.4593988656997681,0.8882300853729248,0,0,0,1],"scale":1,"type":"wall_metal1"}
{"pos":[-148.3159942626953,-459.9989929199219,125.5449981689453],"rotationMatrix":[0.8870924711227417,-0.4615917503833771,0,0.4615917503833771,0.8870924711227417,0,0,0,1],"scale":1,"type":"wall_metal1"}
{"pos":[-150.9819946289063,-458.6090087890625,125.5920028686523],"rotationMatrix":[0.8863308429718018,-0.46305251121521,0,0.46305251121521,0.8863308429718018,0,0,0,1],"scale":1,"type":"wall_metal1"}
{"pos":[-153.6450042724609,-457.2160034179688,125.5220031738281],"rotationMatrix":[0.8859491348266602,-0.4637824296951294,0,0.4637824296951294,0.8859491348266602,0,0,0,1],"scale":1,"type":"wall_metal1"}
{"pos":[-156.3079986572266,-455.8219909667969,125.4560012817383],"rotationMatrix":[0.8860446214675903,-0.4635999798774719,0,0.4635999798774719,0.8860446214675903,0,0,0,1],"scale":1,"type":"wall_metal1"}
{"pos":[-158.9720001220703,-454.4299926757813,125.3619995117188],"rotationMatrix":[0.8866167068481445,-0.4625049233436584,0,0.4625049233436584,0.8866167068481445,0,0,0,1],"scale":1,"type":"wall_metal1"}
{"pos":[-161.6390075683594,-453.0429992675781,125.2630004882813],"rotationMatrix":[0.8878514766693115,-0.4601301550865173,0,0.4601301550865173,0.8878514766693115,0,0,0,1],"scale":1,"type":"wall_metal1"}
{"pos":[-164.3099975585938,-451.6650085449219,125.1640014648438],"rotationMatrix":[0.8898317813873291,-0.4562887251377106,0,0.4562887251377106,0.8898317813873291,0,0,0,1],"scale":1,"type":"wall_metal1"}
{"pos":[-166.9880065917969,-450.3009948730469,125.0650024414063],"rotationMatrix":[0.8926302194595337,-0.4507896304130554,0,0.4507896304130554,0.8926302194595337,0,0,0,1],"scale":1,"type":"wall_metal1"}
{"pos":[-169.6759948730469,-448.9570007324219,124.9670028686523],"rotationMatrix":[0.8955755233764648,-0.4449095129966736,0,0.4449095129966736,0.8955755233764648,0,0,0,1],"scale":1,"type":"wall_metal1"}
{"pos":[-172.3690032958984,-447.6210021972656,124.870002746582],"rotationMatrix":[0.8960319757461548,-0.4439895153045654,0,0.4439895153045654,0.8960319757461548,0,0,0,1],"scale":1,"type":"wall_metal1"}
{"pos":[-175.0630035400391,-446.2869873046875,124.7779998779297],"rotationMatrix":[0.8963054418563843,-0.4434372186660767,0,0.4434372186660767,0.8963054418563843,0,0,0,1],"scale":1,"type":"wall_metal1"}
{"pos":[-177.7579956054688,-444.9549865722656,124.7289962768555],"rotationMatrix":[0.8965785503387451,-0.4428847432136536,0,0.4428847432136536,0.8965785503387451,0,0,0,1],"scale":1,"type":"wall_metal1"}
{"pos":[-180.4530029296875,-443.6239929199219,124.6809997558594],"rotationMatrix":[0.8968511819839478,-0.4423324167728424,0,0.4423324167728424,0.8968511819839478,0,0,0,1],"scale":1,"type":"wall_metal1"}
{"pos":[-183.1490020751953,-442.2950134277344,124.6520004272461],"rotationMatrix":[0.8970327377319336,-0.4419640898704529,0,0.4419640898704529,0.8970327377319336,0,0,0,1],"scale":1,"type":"wall_metal1"}
{"pos":[-185.8459930419922,-440.9670104980469,124.6399993896484],"rotationMatrix":[0.8971235752105713,-0.4417796730995178,0,0.4417796730995178,0.8971235752105713,0,0,0,1],"scale":1,"type":"wall_metal1"}
{"pos":[-125.9560012817383,-492.0270080566406,126.7539978027344],"rotationMatrix":[0.51409912109375,-0.8577308058738708,0,0.8577308058738708,0.51409912109375,0,0,0,1],"scale":1,"type":"wall_metal1"}
{"pos":[-127.5009994506836,-489.4490051269531,126.6259994506836],"rotationMatrix":[0.514296293258667,-0.8576125502586365,0,0.8576125502586365,0.514296293258667,0,0,0,1],"scale":1,"type":"wall_metal1"}
{"pos":[-129.0480041503906,-486.8710021972656,126.4990005493164],"rotationMatrix":[0.514493465423584,-0.8574942946434021,0,0.8574942946434021,0.514493465423584,0,0,0,1],"scale":1,"type":"wall_metal1"}
{"pos":[-130.593994140625,-484.2929992675781,126.3710021972656],"rotationMatrix":[0.514493465423584,-0.8574942946434021,0,0.8574942946434021,0.514493465423584,0,0,0,1],"scale":1,"type":"wall_metal1"}
{"pos":[-132.1410064697266,-481.7160034179688,126.2440032958984],"rotationMatrix":[0.514493465423584,-0.8574942946434021,0,0.8574942946434021,0.514493465423584,0,0,0,1],"scale":1,"type":"wall_metal1"}
{"pos":[-133.6880035400391,-479.1390075683594,126.1169967651367],"rotationMatrix":[0.5146905183792114,-0.8573760390281677,0,0.8573760390281677,0.5146905183792114,0,0,0,1],"scale":1,"type":"wall_metal1"}
{"pos":[-135.2359924316406,-476.5610046386719,125.9889984130859],"rotationMatrix":[0.5148874521255493,-0.8572577834129333,0,0.8572577834129333,0.5148874521255493,0,0,0,1],"scale":1,"type":"wall_metal1"}
{"pos":[-136.7830047607422,-473.9849853515625,125.8619995117188],"rotationMatrix":[0.5148874521255493,-0.8572577834129333,0,0.8572577834129333,0.5148874521255493,0,0,0,1],"scale":1,"type":"wall_metal1"}
{"pos":[-138.3309936523438,-471.4079895019531,125.7350006103516],"rotationMatrix":[0.5150845050811768,-0.8571394085884094,0,0.8571394085884094,0.5150845050811768,0,0,0,1],"scale":1,"type":"wall_metal1"}
{"pos":[-139.8800048828125,-468.8320007324219,125.6080017089844],"rotationMatrix":[0.5152814388275146,-0.8570210337638855,0,0.8570210337638855,0.5152814388275146,0,0,0,1],"scale":1,"type":"wall_metal1"}
{"pos":[-141.4290008544922,-466.2550048828125,125.4800033569336],"rotationMatrix":[0.5152814388275146,-0.8570210337638855,0,0.8570210337638855,0.5152814388275146,0,0,0,1],"scale":1,"type":"wall_metal1"}
{"pos":[-142.9779968261719,-463.6789855957031,125.4079971313477],"rotationMatrix":[0.5154783725738525,-0.8569025993347168,0,0.8569025993347168,0.5154783725738525,0,0,0,1],"scale":1,"type":"wall_metal1"}
{"pos":[-193.9380035400391,-436.9869995117188,124.6100006103516],"rotationMatrix":[0.8974860906600952,-0.4410427510738373,0,0.4410427510738373,0.8974860906600952,0,0,0,1],"scale":1,"type":"wall_metal1"}
{"pos":[-196.6360015869141,-435.6619873046875,124.6019973754883],"rotationMatrix":[0.8976671695709229,-0.4406740963459015,0,0.4406740963459015,0.8976671695709229,0,0,0,1],"scale":1,"type":"wall_metal1"}
{"pos":[-199.3350067138672,-434.3370056152344,124.6159973144531],"rotationMatrix":[0.8976671695709229,-0.4406740963459015,0,0.4406740963459015,0.8976671695709229,0,0,0,1],"scale":1,"type":"wall_metal1"}
{"pos":[-202.0330047607422,-433.0130004882813,124.6380004882813],"rotationMatrix":[0.8977575302124023,-0.4404899775981903,0,0.4404899775981903,0.8977575302124023,0,0,0,1],"scale":1,"type":"wall_metal1"}
{"pos":[-204.7319946289063,-431.6889953613281,124.6600036621094],"rotationMatrix":[0.8978480100631714,-0.4403055310249329,0,0.4403055310249329,0.8978480100631714,0,0,0,1],"scale":1,"type":"wall_metal1"}
{"pos":[-207.4309997558594,-430.3659973144531,124.681999206543],"rotationMatrix":[0.8979383707046509,-0.440121203660965,0,0.440121203660965,0.8979383707046509,0,0,0,1],"scale":1,"type":"wall_metal1"}
{"pos":[-210.1300048828125,-429.0429992675781,124.7040023803711],"rotationMatrix":[0.8980287313461304,-0.4399368166923523,0,0.4399368166923523,0.8980287313461304,0,0,0,1],"scale":1,"type":"wall_metal1"}
{"pos":[-212.8300018310547,-427.7210083007813,124.7259979248047],"rotationMatrix":[0.8981189727783203,-0.4397525489330292,0,0.4397525489330292,0.8981189727783203,0,0,0,1],"scale":1,"type":"wall_metal1"}
{"pos":[-215.5290069580078,-426.3989868164063,124.7480010986328],"rotationMatrix":[0.8981189727783203,-0.4397525489330292,0,0.4397525489330292,0.8981189727783203,0,0,0,1],"scale":1,"type":"wall_metal1"}
{"pos":[-218.22900390625,-425.0780029296875,124.7699966430664],"rotationMatrix":[0.8982093334197998,-0.4395679533481598,0,0.4395679533481598,0.8982093334197998,0,0,0,1],"scale":1,"type":"wall_metal1"}
{"pos":[-220.9290008544922,-423.7560119628906,124.7919998168945],"rotationMatrix":[0.8982093334197998,-0.4395679533481598,0,0.4395679533481598,0.8982093334197998,0,0,0,1],"scale":1,"type":"wall_metal1"}
{"pos":[-223.6300048828125,-422.4349975585938,124.8140029907227],"rotationMatrix":[0.8982994556427002,-0.4393837451934814,0,0.4393837451934814,0.8982994556427002,0,0,0,1],"scale":1,"type":"wall_metal1"}
{"pos":[-226.3300018310547,-421.114990234375,124.8369979858398],"rotationMatrix":[0.8983896970748901,-0.4391992092132568,0,0.4391992092132568,0.8983896970748901,0,0,0,1],"scale":1,"type":"wall_metal1"}
{"pos":[-229.031005859375,-419.7950134277344,124.8280029296875],"rotationMatrix":[0.8983896970748901,-0.4391992092132568,0,0.4391992092132568,0.8983896970748901,0,0,0,1],"scale":1,"type":"wall_metal1"}
{"pos":[-231.7310028076172,-418.4750061035156,124.8170013427734],"rotationMatrix":[0.8984798192977905,-0.4390148222446442,0,0.4390148222446442,0.8984798192977905,0,0,0,1],"scale":1,"type":"wall_metal1"}
{"pos":[-234.4320068359375,-417.1549987792969,124.8079986572266],"rotationMatrix":[0.8985699415206909,-0.4388303458690643,0,0.4388303458690643,0.8985699415206909,0,0,0,1],"scale":1,"type":"wall_metal1"}
{"pos":[-237.1329956054688,-415.8359985351563,124.8000030517578],"rotationMatrix":[0.8985699415206909,-0.4388303458690643,0,0.4388303458690643,0.8985699415206909,0,0,0,1],"scale":1,"type":"wall_metal1"}
{"pos":[-239.8350067138672,-414.5169982910156,124.7929992675781],"rotationMatrix":[0.8986599445343018,-0.438645988702774,0,0.438645988702774,0.8986599445343018,0,0,0,1],"scale":1,"type":"wall_metal1"}
{"pos":[-249.3300018310547,-402.9760131835938,124.5920028686523],"rotationMatrix":[0.5969775915145874,-0.8022578954696655,0,0.8022578954696655,0.5969775915145874,0,0,0,1],"scale":1,"type":"wall_metal1"}
{"pos":[-247.5350036621094,-405.3880004882813,124.6289978027344],"rotationMatrix":[0.5967979431152344,-0.8023915886878967,0,0.8023915886878967,0.5967979431152344,0,0,0,1],"scale":1,"type":"wall_metal1"}
{"pos":[-245.7400054931641,-407.7990112304688,124.6660003662109],"rotationMatrix":[0.5975160598754883,-0.8018569350242615,0,0.8018569350242615,0.5975160598754883,0,0,0,1],"scale":1,"type":"wall_metal1"}
{"pos":[-243.9420013427734,-410.2080078125,124.7099990844727],"rotationMatrix":[0.5987712144851685,-0.8009201288223267,0,0.8009201288223267,0.5987712144851685,0,0,0,1],"scale":1,"type":"wall_metal1"}
{"pos":[-242.1390075683594,-412.614013671875,124.7630004882813],"rotationMatrix":[0.600918173789978,-0.799310564994812,0,0.799310564994812,0.600918173789978,0,0,0,1],"scale":1,"type":"wall_metal1"}
{"pos":[-188.5429992675781,-439.6400146484375,124.6279983520508],"rotationMatrix":[0.897304892539978,-0.4414112865924835,0,0.4414112865924835,0.897304892539978,0,0,0,1],"scale":1,"type":"wall_metal1"}
{"pos":[-191.2400054931641,-438.31298828125,124.6169967651367],"rotationMatrix":[0.8973954916000366,-0.4412270784378052,0,0.4412270784378052,0.8973954916000366,0,0,0,1],"scale":1,"type":"wall_metal1"}
{"pos":[-306.6520080566406,-329.5130004882813,123.4899978637695],"rotationMatrix":[0.6192846298217773,-0.7851665616035461,0,0.7851665616035461,0.6192846298217773,0,0,0,1],"scale":1,"type":"wall_metal1"}
{"pos":[-304.7900085449219,-331.8729858398438,123.5139999389648],"rotationMatrix":[0.619110107421875,-0.7853041887283325,0,0.7853041887283325,0.619110107421875,0,0,0,1],"scale":1,"type":"wall_metal1"}
{"pos":[-302.9299926757813,-334.2340087890625,123.5390014648438],"rotationMatrix":[0.6189354658126831,-0.7854418158531189,0,0.7854418158531189,0.6189354658126831,0,0,0,1],"scale":1,"type":"wall_metal1"}
{"pos":[-301.0690002441406,-336.5950012207031,123.5630035400391],"rotationMatrix":[0.6189354658126831,-0.7854418158531189,0,0.7854418158531189,0.6189354658126831,0,0,0,1],"scale":1,"type":"wall_metal1"}
{"pos":[-299.2090148925781,-338.9559936523438,123.5869979858398],"rotationMatrix":[0.6187608242034912,-0.7855794429779053,0,0.7855794429779053,0.6187608242034912,0,0,0,1],"scale":1,"type":"wall_metal1"}
{"pos":[-297.3489990234375,-341.3179931640625,123.6110000610352],"rotationMatrix":[0.6187608242034912,-0.7855794429779053,0,0.7855794429779053,0.6187608242034912,0,0,0,1],"scale":1,"type":"wall_metal1"}
{"pos":[-295.489013671875,-343.6789855957031,123.6360015869141],"rotationMatrix":[0.6185863018035889,-0.7857168912887573,0,0.7857168912887573,0.6185863018035889,0,0,0,1],"scale":1,"type":"wall_metal1"}
{"pos":[-293.6300048828125,-346.0409851074219,123.6600036621094],"rotationMatrix":[0.6184115409851074,-0.7858543992042542,0,0.7858543992042542,0.6184115409851074,0,0,0,1],"scale":1,"type":"wall_metal1"}
{"pos":[-291.77099609375,-348.4039916992188,123.6839981079102],"rotationMatrix":[0.6184115409851074,-0.7858543992042542,0,0.7858543992042542,0.6184115409851074,0,0,0,1],"scale":1,"type":"wall_metal1"}
{"pos":[-289.9119873046875,-350.7659912109375,123.7089996337891],"rotationMatrix":[0.618236780166626,-0.785991907119751,0,0.785991907119751,0.618236780166626,0,0,0,1],"scale":1,"type":"wall_metal1"}
{"pos":[-288.0539855957031,-353.1289978027344,123.734001159668],"rotationMatrix":[0.618236780166626,-0.785991907119751,0,0.785991907119751,0.618236780166626,0,0,0,1],"scale":1,"type":"wall_metal1"}
{"pos":[-286.1960144042969,-355.4920043945313,123.7630004882813],"rotationMatrix":[0.6180620193481445,-0.786129355430603,0,0.786129355430603,0.6180620193481445,0,0,0,1],"scale":1,"type":"wall_metal1"}
{"pos":[-284.3380126953125,-357.8550109863281,123.7959976196289],"rotationMatrix":[0.6178872585296631,-0.7862666845321655,0,0.7862666845321655,0.6178872585296631,0,0,0,1],"scale":1,"type":"wall_metal1"}
{"pos":[-282.4809875488281,-360.2179870605469,123.8249969482422],"rotationMatrix":[0.6178872585296631,-0.7862666845321655,0,0.7862666845321655,0.6178872585296631,0,0,0,1],"scale":1,"type":"wall_metal1"}
{"pos":[-280.6239929199219,-362.5820007324219,123.8600006103516],"rotationMatrix":[0.6177122592926025,-0.7864041924476624,0,0.7864041924476624,0.6177122592926025,0,0,0,1],"scale":1,"type":"wall_metal1"}
{"pos":[-278.7669982910156,-364.9460144042969,123.9010009765625],"rotationMatrix":[0.6175374984741211,-0.7865414619445801,0,0.7865414619445801,0.6175374984741211,0,0,0,1],"scale":1,"type":"wall_metal1"}
{"pos":[-276.9110107421875,-367.3110046386719,123.9489974975586],"rotationMatrix":[0.6173624992370605,-0.7866787910461426,0,0.7866787910461426,0.6173624992370605,0,0,0,1],"scale":1,"type":"wall_metal1"}
{"pos":[-275.0549926757813,-369.6759948730469,124.004997253418],"rotationMatrix":[0.6171875,-0.7868161201477051,0,0.7868161201477051,0.6171875,0,0,0,1],"scale":1,"type":"wall_metal1"}
{"pos":[-273.2009887695313,-372.0409851074219,124.0599975585938],"rotationMatrix":[0.6170125007629395,-0.786953330039978,0,0.786953330039978,0.6170125007629395,0,0,0,1],"scale":1,"type":"wall_metal1"}
{"pos":[-271.3460083007813,-374.4070129394531,124.1119995117188],"rotationMatrix":[0.6168373823165894,-0.7870905995368958,0,0.7870905995368958,0.6168373823165894,0,0,0,1],"scale":1,"type":"wall_metal1"}
{"pos":[-269.4930114746094,-376.7730102539063,124.1620025634766],"rotationMatrix":[0.6164871454238892,-0.7873649597167969,0,0.7873649597167969,0.6164871454238892,0,0,0,1],"scale":1,"type":"wall_metal1"}
{"pos":[-267.6400146484375,-379.1400146484375,124.2119979858398],"rotationMatrix":[0.6163120269775391,-0.7875020503997803,0,0.7875020503997803,0.6163120269775391,0,0,0,1],"scale":1,"type":"wall_metal1"}
{"pos":[-265.7879943847656,-381.5079956054688,124.2669982910156],"rotationMatrix":[0.6159615516662598,-0.7877762317657471,0,0.7877762317657471,0.6159615516662598,0,0,0,1],"scale":1,"type":"wall_metal1"}
{"pos":[-263.93701171875,-383.8770141601563,124.3099975585938],"rotationMatrix":[0.6156108379364014,-0.7880502939224243,0,0.7880502939224243,0.6156108379364014,0,0,0,1],"scale":1,"type":"wall_metal1"}
{"pos":[-262.0870056152344,-386.2460021972656,124.3440017700195],"rotationMatrix":[0.6150846481323242,-0.7884610891342163,0,0.7884610891342163,0.6150846481323242,0,0,0,1],"scale":1,"type":"wall_metal1"}
{"pos":[-260.239013671875,-388.6170043945313,124.3779983520508],"rotationMatrix":[0.6145579814910889,-0.7888716459274292,0,0.7888716459274292,0.6145579814910889,0,0,0,1],"scale":1,"type":"wall_metal1"}
{"pos":[-258.3930053710938,-390.989013671875,124.4120025634766],"rotationMatrix":[0.6136795282363892,-0.7895551919937134,0,0.7895551919937134,0.6136795282363892,0,0,0,1],"scale":1,"type":"wall_metal1"}
{"pos":[-256.5549926757813,-393.3670043945313,124.4469985961914],"rotationMatrix":[0.6085644960403442,-0.7935044169425964,0,0.7935044169425964,0.6085644960403442,0,0,0,1],"scale":1,"type":"wall_metal1"}
{"pos":[-254.7339935302734,-395.7579956054688,124.4830017089844],"rotationMatrix":[0.6035939455032349,-0.7972918748855591,0,0.7972918748855591,0.6035939455032349,0,0,0,1],"scale":1,"type":"wall_metal1"}
{"pos":[-252.9259948730469,-398.1589965820313,124.5189971923828],"rotationMatrix":[0.6002031564712524,-0.7998476028442383,0,0.7998476028442383,0.6002031564712524,0,0,0,1],"scale":1,"type":"wall_metal1"}
{"pos":[-251.125,-400.5660095214844,124.5550003051758],"rotationMatrix":[0.5980541706085205,-0.8014556765556335,0,0.8014556765556335,0.5980541706085205,0,0,0,1],"scale":1,"type":"wall_metal1"}
{"pos":[-852.176025390625,-504.2869873046875,107.443000793457],"rotationMatrix":[-0.7007553577423096,-0.7133997082710266,0.001671588397584856,0.7120842933654785,-0.6993170976638794,0.0623822957277298,-0.04333453997969627,0.04490504041314125,0.9980509281158447],"scale":1,"type":"wall_metal1"}
{"pos":[-854.2999877929688,-506.4469909667969,107.4410018920898],"rotationMatrix":[-0.7007553577423096,-0.7133997082710266,0.001671588397584856,0.7120842933654785,-0.6993170976638794,0.0623822957277298,-0.04333453997969627,0.04490504041314125,0.9980509281158447],"scale":1,"type":"wall_metal1"}
{"pos":[-856.4240112304688,-508.6080017089844,107.4390029907227],"rotationMatrix":[-0.7007553577423096,-0.7133997082710266,0.001671588397584856,0.7120842933654785,-0.6993170976638794,0.0623822957277298,-0.04333453997969627,0.04490504041314125,0.9980509281158447],"scale":1,"type":"wall_metal1"}
{"pos":[-858.5479736328125,-510.7690124511719,107.4369964599609],"rotationMatrix":[-0.7007553577423096,-0.71340012550354,0.001487493282184005,0.7120730876922607,-0.6993216276168823,0.06245938315987587,-0.04351829364895821,0.04482794925570488,0.9980463981628418],"scale":1,"type":"wall_metal1"}
{"pos":[-860.6719970703125,-512.9299926757813,107.4349975585938],"rotationMatrix":[-0.7007553577423096,-0.71340012550354,0.001487493282184005,0.7120730876922607,-0.6993216276168823,0.06245938315987587,-0.04351829364895821,0.04482794925570488,0.9980463981628418],"scale":1,"type":"wall_metal1"}
{"pos":[-862.7949829101563,-515.0919799804688,107.431999206543],"rotationMatrix":[-0.7007553577423096,-0.71340012550354,0.001487493282184005,0.7120730876922607,-0.6993216276168823,0.06245938315987587,-0.04351829364895821,0.04482794925570488,0.9980463981628418],"scale":1,"type":"wall_metal1"}
{"pos":[-864.9190063476563,-517.2529907226563,107.4300003051758],"rotationMatrix":[-0.700386643409729,-0.7137620449066162,0.001503644976764917,0.7124350666999817,-0.6989529132843018,0.06245899572968483,-0.04352988675236702,0.04481669515371323,0.9980463981628418],"scale":1,"type":"wall_metal1"}
{"pos":[-867.0419921875,-519.4140014648438,107.427001953125],"rotationMatrix":[-0.700386643409729,-0.7137620449066162,0.001503644976764917,0.7124350666999817,-0.6989529132843018,0.06245899572968483,-0.04352988675236702,0.04481669515371323,0.9980463981628418],"scale":1,"type":"wall_metal1"}
{"pos":[-869.1649780273438,-521.5759887695313,107.4240036010742],"rotationMatrix":[-0.700386643409729,-0.7137620449066162,0.001503644976764917,0.7124350666999817,-0.6989529132843018,0.06245899572968483,-0.04352988675236702,0.04481669515371323,0.9980463981628418],"scale":1,"type":"wall_metal1"}
{"pos":[-871.2890014648438,-523.7369995117188,107.4219970703125],"rotationMatrix":[-0.700386643409729,-0.7137620449066162,0.001503644976764917,0.7124350666999817,-0.6989529132843018,0.06245899572968483,-0.04352988675236702,0.04481669515371323,0.9980463981628418],"scale":1,"type":"wall_metal1"}
{"pos":[-873.4119873046875,-525.8989868164063,107.4189987182617],"rotationMatrix":[-0.700386643409729,-0.7137620449066162,0.001503644976764917,0.7124350666999817,-0.6989529132843018,0.06245899572968483,-0.04352988675236702,0.04481669515371323,0.9980463981628418],"scale":1,"type":"wall_metal1"}
{"pos":[-875.5349731445313,-528.0599975585938,107.4160003662109],"rotationMatrix":[-0.700386643409729,-0.7137624621391296,0.001318378373980522,0.7124238014221191,-0.6989575624465942,0.06253551691770554,-0.0437140129506588,0.0447382852435112,0.9980418682098389],"scale":1,"type":"wall_metal1"}
{"pos":[-877.6580200195313,-530.2219848632813,107.4130020141602],"rotationMatrix":[-0.700386643409729,-0.7137624621391296,0.001318378373980522,0.7124238014221191,-0.6989575624465942,0.06253551691770554,-0.0437140129506588,0.0447382852435112,0.9980418682098389],"scale":1,"type":"wall_metal1"}
{"pos":[-879.781005859375,-532.3839721679688,107.4100036621094],"rotationMatrix":[-0.700386643409729,-0.7137624621391296,0.001318378373980522,0.7124238014221191,-0.6989575624465942,0.06253551691770554,-0.0437140129506588,0.0447382852435112,0.9980418682098389],"scale":1,"type":"wall_metal1"}
{"pos":[-881.9030151367188,-534.5460205078125,107.4069976806641],"rotationMatrix":[-0.700386643409729,-0.7137624621391296,0.001318378373980522,0.7124238014221191,-0.6989575624465942,0.06253551691770554,-0.0437140129506588,0.0447382852435112,0.9980418682098389],"scale":1,"type":"wall_metal1"}
{"pos":[-884.0260009765625,-536.7080078125,107.4039993286133],"rotationMatrix":[-0.700386643409729,-0.7137624621391296,0.001318378373980522,0.7124238014221191,-0.6989575624465942,0.06253551691770554,-0.0437140129506588,0.0447382852435112,0.9980418682098389],"scale":1,"type":"wall_metal1"}
{"pos":[-886.1489868164063,-538.8690185546875,107.4010009765625],"rotationMatrix":[-0.700386643409729,-0.7137624621391296,0.001318378373980522,0.7124238014221191,-0.6989575624465942,0.06253551691770554,-0.0437140129506588,0.0447382852435112,0.9980418682098389],"scale":1,"type":"wall_metal1"}
{"pos":[-888.27099609375,-541.031005859375,107.3970031738281],"rotationMatrix":[-0.700386643409729,-0.7137624621391296,0.001318378373980522,0.7124238014221191,-0.6989575624465942,0.06253551691770554,-0.0437140129506588,0.0447382852435112,0.9980418682098389],"scale":1,"type":"wall_metal1"}
{"pos":[-890.3939819335938,-543.1929931640625,107.3939971923828],"rotationMatrix":[-0.700386643409729,-0.7137624621391296,0.001318378373980522,0.7124238014221191,-0.6989575624465942,0.06253551691770554,-0.0437140129506588,0.0447382852435112,0.9980418682098389],"scale":1,"type":"wall_metal1"}
{"pos":[-892.5159912109375,-545.3560180664063,107.390998840332],"rotationMatrix":[-0.700386643409729,-0.7137624621391296,0.001318378373980522,0.7124238014221191,-0.6989575624465942,0.06253551691770554,-0.0437140129506588,0.0447382852435112,0.9980418682098389],"scale":1,"type":"wall_metal1"}
{"pos":[-894.6380004882813,-547.5180053710938,107.3870010375977],"rotationMatrix":[-0.7003750801086426,-0.7137739062309265,0.00124380667693913,0.712440013885498,-0.6989575624465942,0.0623503252863884,-0.04363466799259186,0.04455475136637688,0.9980535507202148],"scale":1,"type":"wall_metal1"}
{"pos":[-896.760986328125,-549.6799926757813,107.3840026855469],"rotationMatrix":[-0.7000066041946411,-0.7141355872154236,0.001074267085641623,0.7127899527549744,-0.6985937356948853,0.06242784857749939,-0.043831467628479,0.04446563124656677,0.9980489015579224],"scale":1,"type":"wall_metal1"}
{"pos":[-898.8829956054688,-551.8419799804688,107.379997253418],"rotationMatrix":[-0.7000066041946411,-0.7141355872154236,0.001074267085641623,0.7127899527549744,-0.6985937356948853,0.06242784857749939,-0.043831467628479,0.04446563124656677,0.9980489015579224],"scale":1,"type":"wall_metal1"}
{"pos":[-901.0050048828125,-554.0050048828125,107.3769989013672],"rotationMatrix":[-0.7000066041946411,-0.7141355872154236,0.001074267085641623,0.7127899527549744,-0.6985937356948853,0.06242784857749939,-0.043831467628479,0.04446563124656677,0.9980489015579224],"scale":1,"type":"wall_metal1"}
{"pos":[-903.1270141601563,-556.1669921875,107.3730010986328],"rotationMatrix":[-0.7000066041946411,-0.7141355872154236,0.001074267085641623,0.7127899527549744,-0.6985937356948853,0.06242784857749939,-0.043831467628479,0.04446563124656677,0.9980489015579224],"scale":1,"type":"wall_metal1"}
{"pos":[-905.2490234375,-558.3289794921875,107.370002746582],"rotationMatrix":[-0.7000066041946411,-0.7141355872154236,0.001074267085641623,0.7127899527549744,-0.6985937356948853,0.06242784857749939,-0.043831467628479,0.04446563124656677,0.9980489015579224],"scale":1,"type":"wall_metal1"}
{"pos":[-907.3709716796875,-560.4910278320313,107.3659973144531],"rotationMatrix":[-0.7000066041946411,-0.7141355872154236,0.001074267085641623,0.7127899527549744,-0.6985937356948853,0.06242784857749939,-0.043831467628479,0.04446563124656677,0.9980489015579224],"scale":1,"type":"wall_metal1"}
{"pos":[-909.4929809570313,-562.6539916992188,107.3619995117188],"rotationMatrix":[-0.7000066041946411,-0.7141355872154236,0.001074267085641623,0.7127899527549744,-0.6985937356948853,0.06242784857749939,-0.043831467628479,0.04446563124656677,0.9980489015579224],"scale":1,"type":"wall_metal1"}
{"pos":[-911.614990234375,-564.8159790039063,107.3580017089844],"rotationMatrix":[-0.7000066041946411,-0.7141355872154236,0.001074267085641623,0.7127899527549744,-0.6985937356948853,0.06242784857749939,-0.043831467628479,0.04446563124656677,0.9980489015579224],"scale":1,"type":"wall_metal1"}
{"pos":[-913.7360229492188,-566.97900390625,107.3550033569336],"rotationMatrix":[-0.7000066041946411,-0.7141355872154236,0.001074267085641623,0.7127899527549744,-0.6985937356948853,0.06242784857749939,-0.043831467628479,0.04446563124656677,0.9980489015579224],"scale":1,"type":"wall_metal1"}
{"pos":[-915.8579711914063,-569.1409912109375,107.3509979248047],"rotationMatrix":[-0.7000066041946411,-0.7141355872154236,0.001074267085641623,0.7127899527549744,-0.6985937356948853,0.06242784857749939,-0.043831467628479,0.04446563124656677,0.9980489015579224],"scale":1,"type":"wall_metal1"}
{"pos":[-917.97998046875,-571.3040161132813,107.3470001220703],"rotationMatrix":[-0.7000066041946411,-0.7141355872154236,0.001074267085641623,0.7127899527549744,-0.6985937356948853,0.06242784857749939,-0.043831467628479,0.04446563124656677,0.9980489015579224],"scale":1,"type":"wall_metal1"}
{"pos":[-920.1010131835938,-573.4669799804688,107.3430023193359],"rotationMatrix":[-0.7000066041946411,-0.7141355872154236,0.001074267085641623,0.7127899527549744,-0.6985937356948853,0.06242784857749939,-0.043831467628479,0.04446563124656677,0.9980489015579224],"scale":1,"type":"wall_metal1"}
{"pos":[-922.2230224609375,-575.6290283203125,107.338996887207],"rotationMatrix":[-0.7000066041946411,-0.7141355872154236,0.001074267085641623,0.7127899527549744,-0.6985937356948853,0.06242784857749939,-0.043831467628479,0.04446563124656677,0.9980489015579224],"scale":1,"type":"wall_metal1"}
{"pos":[-924.343994140625,-577.7919921875,107.3349990844727],"rotationMatrix":[-0.7000066041946411,-0.7141355872154236,0.001074267085641623,0.7127899527549744,-0.6985937356948853,0.06242784857749939,-0.043831467628479,0.04446563124656677,0.9980489015579224],"scale":1,"type":"wall_metal1"}
{"pos":[-926.4660034179688,-579.9539794921875,107.3310012817383],"rotationMatrix":[-0.7000066041946411,-0.7141355872154236,0.001074267085641623,0.7127899527549744,-0.6985937356948853,0.06242784857749939,-0.043831467628479,0.04446563124656677,0.9980489015579224],"scale":1,"type":"wall_metal1"}
{"pos":[-928.5869750976563,-582.1170043945313,107.3270034790039],"rotationMatrix":[-0.7000066041946411,-0.7141355872154236,0.001074267085641623,0.7127899527549744,-0.6985937356948853,0.06242784857749939,-0.043831467628479,0.04446563124656677,0.9980489015579224],"scale":1,"type":"wall_metal1"}
{"pos":[-930.708984375,-584.280029296875,107.322998046875],"rotationMatrix":[-0.7000066041946411,-0.7141355872154236,0.001074267085641623,0.7127899527549744,-0.6985937356948853,0.06242784857749939,-0.043831467628479,0.04446563124656677,0.9980489015579224],"scale":1,"type":"wall_metal1"}
{"pos":[-932.8300170898438,-586.4420166015625,107.3190002441406],"rotationMatrix":[-0.7000066041946411,-0.7141355872154236,0.001074267085641623,0.7127899527549744,-0.6985937356948853,0.06242784857749939,-0.043831467628479,0.04446563124656677,0.9980489015579224],"scale":1,"type":"wall_metal1"}
{"pos":[-934.9520263671875,-588.60498046875,107.3150024414063],"rotationMatrix":[-0.7000066041946411,-0.7141355872154236,0.001074267085641623,0.7127899527549744,-0.6985937356948853,0.06242784857749939,-0.043831467628479,0.04446563124656677,0.9980489015579224],"scale":1,"type":"wall_metal1"}
{"pos":[-937.072998046875,-590.7680053710938,107.3109970092773],"rotationMatrix":[-0.7000066041946411,-0.7141355872154236,0.001074267085641623,0.7127899527549744,-0.6985937356948853,0.06242784857749939,-0.043831467628479,0.04446563124656677,0.9980489015579224],"scale":1,"type":"wall_metal1"}
{"pos":[-939.1939697265625,-592.9299926757813,107.306999206543],"rotationMatrix":[-0.7000066041946411,-0.7141355872154236,0.001074267085641623,0.7127899527549744,-0.6985937356948853,0.06242784857749939,-0.043831467628479,0.04446563124656677,0.9980489015579224],"scale":1,"type":"wall_metal1"}
{"pos":[-941.3159790039063,-595.093017578125,107.3030014038086],"rotationMatrix":[-0.7000066041946411,-0.7141355872154236,0.001074267085641623,0.7127899527549744,-0.6985937356948853,0.06242784857749939,-0.043831467628479,0.04446563124656677,0.9980489015579224],"scale":1,"type":"wall_metal1"}
{"pos":[-943.43701171875,-597.2559814453125,107.2990036010742],"rotationMatrix":[-0.7000066041946411,-0.7141355872154236,0.001074267085641623,0.7127899527549744,-0.6985937356948853,0.06242784857749939,-0.043831467628479,0.04446563124656677,0.9980489015579224],"scale":1,"type":"wall_metal1"}
{"pos":[-945.5579833984375,-599.4180297851563,107.2949981689453],"rotationMatrix":[-0.7000066041946411,-0.7141355872154236,0.001074267085641623,0.7127899527549744,-0.6985937356948853,0.06242784857749939,-0.043831467628479,0.04446563124656677,0.9980489015579224],"scale":1,"type":"wall_metal1"}
{"pos":[-947.6799926757813,-601.5809936523438,107.2910003662109],"rotationMatrix":[-0.7000066041946411,-0.7141355872154236,0.001074267085641623,0.7127899527549744,-0.6985937356948853,0.06242784857749939,-0.043831467628479,0.04446563124656677,0.9980489015579224],"scale":1,"type":"wall_metal1"}
{"pos":[-949.801025390625,-603.7429809570313,107.2870025634766],"rotationMatrix":[-0.7000066041946411,-0.7141355872154236,0.001074267085641623,0.7127899527549744,-0.6985937356948853,0.06242784857749939,-0.043831467628479,0.04446563124656677,0.9980489015579224],"scale":1,"type":"wall_metal1"}
{"pos":[-951.9219970703125,-605.906005859375,107.2829971313477],"rotationMatrix":[-0.7000066041946411,-0.7141355872154236,0.001074267085641623,0.7127899527549744,-0.6985937356948853,0.06242784857749939,-0.043831467628479,0.04446563124656677,0.9980489015579224],"scale":1,"type":"wall_metal1"}
{"pos":[-954.0440063476563,-608.0689697265625,107.2789993286133],"rotationMatrix":[-0.7000066041946411,-0.7141355872154236,0.001074267085641623,0.7127899527549744,-0.6985937356948853,0.06242784857749939,-0.043831467628479,0.04446563124656677,0.9980489015579224],"scale":1,"type":"wall_metal1"}
{"pos":[-956.1649780273438,-610.2310180664063,107.2750015258789],"rotationMatrix":[-0.7000066041946411,-0.7141355872154236,0.001074267085641623,0.7127899527549744,-0.6985937356948853,0.06242784857749939,-0.043831467628479,0.04446563124656677,0.9980489015579224],"scale":1,"type":"wall_metal1"}
{"pos":[-958.2860107421875,-612.3939819335938,107.2710037231445],"rotationMatrix":[-0.7000066041946411,-0.7141355872154236,0.001074267085641623,0.7127899527549744,-0.6985937356948853,0.06242784857749939,-0.043831467628479,0.04446563124656677,0.9980489015579224],"scale":1,"type":"wall_metal1"}
{"pos":[-960.4080200195313,-614.5570068359375,107.2669982910156],"rotationMatrix":[-0.7000066041946411,-0.7141355872154236,0.001074267085641623,0.7127899527549744,-0.6985937356948853,0.06242784857749939,-0.043831467628479,0.04446563124656677,0.9980489015579224],"scale":1,"type":"wall_metal1"}
{"pos":[-962.5289916992188,-616.718994140625,107.2630004882813],"rotationMatrix":[-0.7000066041946411,-0.7141355872154236,0.001074267085641623,0.7127899527549744,-0.6985937356948853,0.06242784857749939,-0.043831467628479,0.04446563124656677,0.9980489015579224],"scale":1,"type":"wall_metal1"}
{"pos":[-964.6500244140625,-618.8820190429688,107.2590026855469],"rotationMatrix":[-0.7000066041946411,-0.7141355872154236,0.001074267085641623,0.7127899527549744,-0.6985937356948853,0.06242784857749939,-0.043831467628479,0.04446563124656677,0.9980489015579224],"scale":1,"type":"wall_metal1"}
{"pos":[-966.77099609375,-621.0440063476563,107.254997253418],"rotationMatrix":[-0.7000066041946411,-0.7141355872154236,0.001074267085641623,0.7127899527549744,-0.6985937356948853,0.06242784857749939,-0.043831467628479,0.04446563124656677,0.9980489015579224],"scale":1,"type":"wall_metal1"}
{"pos":[-968.8920288085938,-623.2069702148438,107.2509994506836],"rotationMatrix":[-0.7000066041946411,-0.7141355872154236,0.001074267085641623,0.7127899527549744,-0.6985937356948853,0.06242784857749939,-0.043831467628479,0.04446563124656677,0.9980489015579224],"scale":1,"type":"wall_metal1"}
{"pos":[-930.6680297851563,-624.1370239257813,107.1470031738281],"rotationMatrix":[0.6066854000091553,0.7949420213699341,-0.0001978168147616088,-0.7930875420570374,0.6052870750427246,0.06811516731977463,0.05426734313368797,-0.04116759076714516,0.9976774454116821],"scale":1,"type":"wall_metal1"}
{"pos":[-928.8159790039063,-621.7429809570313,107.1500015258789],"rotationMatrix":[0.6146869659423828,0.7887689471244812,0.001875714980997145,-0.7870205640792847,0.613162636756897,0.06804593652486801,0.05252240598201752,-0.04330318048596382,0.9976804256439209],"scale":1,"type":"wall_metal1"}
{"pos":[-926.9409790039063,-619.3679809570313,107.1589965820313],"rotationMatrix":[0.622434139251709,0.7826612591743469,0.004137090872973204,-0.781035840511322,0.6207824945449829,0.06791269034147263,0.05058439448475838,-0.04550239071249962,0.9976826906204224],"scale":1,"type":"wall_metal1"}
{"pos":[-925.0430297851563,-617.010009765625,107.1760025024414],"rotationMatrix":[0.6295726299285889,0.7769179940223694,0.006062412168830633,-0.7753947377204895,0.6278078556060791,0.06797298043966293,0.04900339990854263,-0.04749469086527824,0.9976687431335449],"scale":1,"type":"wall_metal1"}
{"pos":[-923.1229858398438,-614.6710205078125,107.197998046875],"rotationMatrix":[0.6364517211914063,0.7712838649749756,0.007101500406861305,-0.7698237895965576,0.6346205472946167,0.06802981346845627,0.04796353727579117,-0.04876459389925003,0.9976580142974854],"scale":1,"type":"wall_metal1"}
{"pos":[-921.1810302734375,-612.3469848632813,107.2229995727539],"rotationMatrix":[0.643092155456543,0.7657482028007507,0.00788354966789484,-0.7643441557884216,0.6412129402160645,0.06799961626529694,0.04701555147767067,-0.0497557632625103,0.9976541996002197],"scale":1,"type":"wall_metal1"}
{"pos":[-919.219970703125,-610.041015625,107.25],"rotationMatrix":[0.649495005607605,0.760321319103241,0.00822844821959734,-0.7589522004127502,0.6475899219512939,0.06796224415302277,0.04634448140859604,-0.05038613453507423,0.9976539611816406],"scale":1,"type":"wall_metal1"}
{"pos":[-917.239013671875,-607.75,107.2789993286133],"rotationMatrix":[0.6555037498474121,0.7551451325416565,0.00840417854487896,-0.7537978887557983,0.6535773277282715,0.06801071763038635,0.04586518555879593,-0.05091633275151253,0.9976491928100586],"scale":1,"type":"wall_metal1"}
{"pos":[-915.239990234375,-605.4760131835938,107.3089981079102],"rotationMatrix":[0.6612920761108398,0.7500823140144348,0.008327902294695377,-0.7487483024597168,0.6593614816665649,0.06795887649059296,0.04548365250229836,-0.05117617174983025,0.9976533651351929],"scale":1,"type":"wall_metal1"}
{"pos":[-913.2230224609375,-603.2160034179688,107.3369979858398],"rotationMatrix":[0.6666965484619141,0.7452883124351501,0.007814136333763599,-0.7439451217651367,0.664783239364624,0.06788860261440277,0.04540187492966652,-0.05107438936829567,0.9976623058319092],"scale":1,"type":"wall_metal1"}
{"pos":[-911.1900024414063,-600.9710083007813,107.3649978637695],"rotationMatrix":[0.6720492839813232,0.7404738664627075,0.006940657738596201,-0.73909592628479,0.6701614856719971,0.0679764598608017,0.04568343237042427,-0.05081334337592125,0.9976627826690674],"scale":1,"type":"wall_metal1"}
{"pos":[-909.1400146484375,-598.7410278320313,107.3889999389648],"rotationMatrix":[0.6771972179412842,0.7357765436172485,0.006069285795092583,-0.7343636155128479,0.6753354072570801,0.06805979460477829,0.04597799479961395,-0.05054696649312973,0.9976627826690674],"scale":1,"type":"wall_metal1"}
{"pos":[-907.0750122070313,-596.5250244140625,107.411003112793],"rotationMatrix":[0.6821355819702148,0.7312101721763611,0.004765987861901522,-0.7297418117523193,0.6803218126296997,0.06811109930276871,0.04656112194061279,-0.04993894323706627,0.9976663589477539],"scale":1,"type":"wall_metal1"}
{"pos":[-904.9949951171875,-594.322021484375,107.4300003051758],"rotationMatrix":[0.6868762969970703,0.7267664670944214,0.003389792982488871,-0.7252480983734131,0.6851242780685425,0.06796983629465103,0.04707576707005501,-0.04914531111717224,0.9976816177368164],"scale":1,"type":"wall_metal1"}
{"pos":[-902.9000244140625,-592.1329956054688,107.4440002441406],"rotationMatrix":[0.6914129257202148,0.7224578857421875,0.001651315717026591,-0.7208653092384338,0.6897333860397339,0.06797831505537033,0.04797250404953957,-0.04819146171212196,0.997685432434082],"scale":1,"type":"wall_metal1"}
{"pos":[-900.7919921875,-589.9569702148438,107.4520034790039],"rotationMatrix":[0.695752739906311,0.7182813286781311,-0.0002616597630549222,-0.7166036367416382,0.6941524744033813,0.06805555522441864,0.04906466975808144,-0.04716233536601067,0.9976814985275269],"scale":1,"type":"wall_metal1"}
{"pos":[-898.6699829101563,-587.7930297851563,107.4550018310547],"rotationMatrix":[0.6999038457870483,0.7142335772514343,-0.002245476469397545,-0.7124783992767334,0.6983975172042847,0.06793677806854248,0.0500909611582756,-0.04594935849308968,0.9976871013641357],"scale":1,"type":"wall_metal1"}
{"pos":[-896.5360107421875,-585.6430053710938,107.4520034790039],"rotationMatrix":[0.7040112018585205,0.7101745009422302,-0.004518640227615833,-0.708314061164856,0.7026004791259766,0.06814540922641754,0.05156993120908737,-0.04477451369166374,0.9976651668548584],"scale":1,"type":"wall_metal1"}
{"pos":[-894.3889770507813,-583.5040283203125,107.4420013427734],"rotationMatrix":[0.707932710647583,0.706246554851532,-0.00686247693374753,-0.7042896747589111,0.706633448600769,0.06815562397241592,0.05298392847180367,-0.04341642186045647,0.9976511001586914],"scale":1,"type":"wall_metal1"}
{"pos":[-892.22998046875,-581.3770141601563,107.4250030517578],"rotationMatrix":[0.7118160724639893,0.7023020386695862,-0.009470491670072079,-0.7002468109130859,0.7106505632400513,0.06804545223712921,0.05451866984367371,-0.04180416464805603,0.9976372718811035],"scale":1,"type":"wall_metal1"}
{"pos":[-921.1810302734375,-602.343994140625,20.93440055847168],"rotationMatrix":[1.931190490722656e-05,1,0,-1,1.931190490722656e-05,0,0,0,1],"scale":1,"type":"wall_metal1"}
