{"pos":[-485.4849853515625,-745.9099731445313,140.7519989013672],"rotationMatrix":[-0.7792524099349976,0.6267101764678955,0,-0.6267101764678955,-0.7792524099349976,0,0,0,1],"scale":0.9973000288009644,"type":"wca_rock2"}
{"pos":[-747.114013671875,-120.5220031738281,103.7419967651367],"rotationMatrix":[0.8209587335586548,-0.5709875226020813,0,0.5709875226020813,0.8209587335586548,0,0,0,1],"scale":1.30649995803833,"type":"wca_rock2"}
{"pos":[-741.1699829101563,-290.7250061035156,100.8290023803711],"rotationMatrix":[-0.2080795764923096,-0.9781119227409363,0,0.9781119227409363,-0.2080795764923096,0,0,0,1],"scale":1.054700016975403,"type":"wca_rock2"}
{"pos":[-818.2930297851563,-157.5449981689453,102.3730010986328],"rotationMatrix":[0.5093557834625244,0.8605560064315796,0,-0.8605560064315796,0.5093557834625244,0,0,0,1],"scale":1.287999987602234,"type":"wca_rock2"}
{"pos":[-824.885009765625,-157.4360046386719,102.3239974975586],"rotationMatrix":[0.9270379543304443,0.3749675154685974,0,-0.3749675154685974,0.9270379543304443,0,0,0,1],"scale":0.8899999856948853,"type":"wca_rock2"}
{"pos":[-845.760009765625,-176.9429931640625,106.3170013427734],"rotationMatrix":[-0.9816423654556274,0.19073086977005,0,-0.19073086977005,-0.9816423654556274,0,0,0,1],"scale":0.9437999725341797,"type":"wca_rock2"}
{"pos":[-767.8729858398438,-362.7109985351563,102.306999206543],"rotationMatrix":[0.2814393043518066,0.9595790505409241,0,-0.9595790505409241,0.2814393043518066,0,0,0,1],"scale":1.398699998855591,"type":"wca_rock2"}
{"pos":[-807.9910278320313,-377.8930053710938,100.4530029296875],"rotationMatrix":[-0.8985210657119751,0.4389303922653198,0,-0.4389303922653198,-0.8985210657119751,0,0,0,1],"scale":1.342000007629395,"type":"wca_rock2"}
{"pos":[-937.885986328125,-292.0499877929688,101.0410003662109],"rotationMatrix":[-0.02273595333099365,0.9997414946556091,0,-0.9997414946556091,-0.02273595333099365,0,0,0,1],"scale":0.9829999804496765,"type":"wca_rock2"}
{"pos":[-532.0419921875,-643.8980102539063,163.7070007324219],"rotationMatrix":[-0.2333922386169434,0.972382664680481,0,-0.972382664680481,-0.2333922386169434,0,0,0,1],"scale":0.9975000023841858,"type":"wca_rock2"}
{"pos":[-533.8980102539063,-663.9429931640625,167.0789947509766],"rotationMatrix":[-0.8915126323699951,-0.4529958367347717,0,0.4529958367347717,-0.8915126323699951,0,0,0,1],"scale":1.54610002040863,"type":"wca_rock2"}
{"pos":[-576.1950073242188,-726.3510131835938,138.2220001220703],"rotationMatrix":[-0.9972009658813477,0.07476786524057388,0,-0.07476786524057388,-0.9972009658813477,0,0,0,1],"scale":1.12119996547699,"type":"wca_rock2"}
{"pos":[-702.1840209960938,-829.9219970703125,134.3580017089844],"rotationMatrix":[-0.9852273464202881,-0.171251505613327,0,0.171251505613327,-0.9852273464202881,0,0,0,1],"scale":1.254400014877319,"type":"wca_rock2"}
{"pos":[-808.2429809570313,-820.322021484375,118.8300018310547],"rotationMatrix":[0.9225394725799561,-0.3859027326107025,0,0.3859027326107025,0.9225394725799561,0,0,0,1],"scale":1.383700013160706,"type":"wca_rock2"}
{"pos":[-801.2160034179688,-822.8839721679688,119.4219970703125],"rotationMatrix":[0.7921164035797119,-0.6103700399398804,0,0.6103700399398804,0.7921164035797119,0,0,0,1],"scale":1.08870005607605,"type":"wca_rock2"}
{"pos":[-789.802001953125,-826.302978515625,120.6100006103516],"rotationMatrix":[-0.6503810882568359,-0.7596080899238586,0,0.7596080899238586,-0.6503810882568359,0,0,0,1],"scale":1.559299945831299,"type":"wca_rock2"}
{"pos":[-757.7550048828125,-824.2849731445313,123.879997253418],"rotationMatrix":[0.9745974540710449,-0.2239638417959213,0,0.2239638417959213,0.9745974540710449,0,0,0,1],"scale":0.9835000038146973,"type":"wca_rock2"}
{"pos":[-837.89501953125,-808.2479858398438,115.8759994506836],"rotationMatrix":[0.9537919759750366,0.3004677593708038,0,-0.3004677593708038,0.9537919759750366,0,0,0,1],"scale":1.010599970817566,"type":"wca_rock2"}
{"pos":[-41.49869918823242,462.4930114746094,75.10310363769531],"rotationMatrix":[0.6713016033172607,-0.7411842942237854,0,0.7411842942237854,0.6713016033172607,0,0,0,1],"scale":1.161700010299683,"type":"wca_rock2"}
{"pos":[-41.6619987487793,463.43798828125,74.56199645996094],"rotationMatrix":[-0.9984003305435181,-0.05654007568955421,0,0.05654007568955421,-0.9984003305435181,0,0,0,1],"scale":1.255699992179871,"type":"wca_rock2"}
{"pos":[-25.17659950256348,462.5740051269531,86.21520233154297],"rotationMatrix":[-0.8244320154190063,-0.5659610033035278,0,0.5659610033035278,-0.8244320154190063,0,0,0,1],"scale":1.367499947547913,"type":"wca_rock2"}
{"pos":[-21.64290046691895,464.5299987792969,86.33670043945313],"rotationMatrix":[0.9286335706710815,0.3709982335567474,0,-0.3709982335567474,0.9286335706710815,0,0,0,1],"scale":1.421900033950806,"type":"wca_rock2"}
{"pos":[957.1090087890625,-35.4010009765625,148.6750030517578],"rotationMatrix":[-0.8164180517196655,-0.577461302280426,0,0.577461302280426,-0.8164180517196655,0,0,0,1],"scale":1.356299996376038,"type":"wca_rock2"}
{"pos":[906.7039794921875,-260.0710144042969,152.0180053710938],"rotationMatrix":[-0.4891928434371948,-0.8721756339073181,0,0.8721756339073181,-0.4891928434371948,0,0,0,1],"scale":0.9947999715805054,"type":"wca_rock2"}
{"pos":[863.6339721679688,-672.2730102539063,168.9859924316406],"rotationMatrix":[0.8767935037612915,-0.4808670878410339,0,0.4808670878410339,0.8767935037612915,0,0,0,1],"scale":1.477200031280518,"type":"wca_rock2"}
{"pos":[814.2769775390625,-667.5460205078125,175.4629974365234],"rotationMatrix":[0.1658847332000732,-0.9861451387405396,0,0.9861451387405396,0.1658847332000732,0,0,0,1],"scale":0.8331999778747559,"type":"wca_rock2"}
{"pos":[750.458984375,-676.6099853515625,195.0930023193359],"rotationMatrix":[0.6302000284194946,0.7764328122138977,0,-0.7764328122138977,0.6302000284194946,0,0,0,1],"scale":1.348399996757507,"type":"wca_rock2"}
{"pos":[732.947998046875,-523.2860107421875,175.9360046386719],"rotationMatrix":[-1,0,0,0,-1,0,0,0,1],"scale":1.563199996948242,"type":"wca_rock2"}
{"pos":[730.8909912109375,-531.1539916992188,176.5279998779297],"rotationMatrix":[-0.8609064817428589,-0.5087632536888123,0,0.5087632536888123,-0.8609064817428589,0,0,0,1],"scale":1.594799995422363,"type":"wca_rock2"}
{"pos":[740.5059814453125,-542.9390258789063,175.3099975585938],"rotationMatrix":[-0.9932057857513428,0.1163712441921234,0,-0.1163712441921234,-0.9932057857513428,0,0,0,1],"scale":1.456599950790405,"type":"wca_rock2"}
{"pos":[711.5989990234375,-540.4530029296875,179.468994140625],"rotationMatrix":[0.2616446018218994,-0.9651643037796021,0,0.9651643037796021,0.2616446018218994,0,0,0,1],"scale":1.02839994430542,"type":"wca_rock2"}
{"pos":[709.7559814453125,-556.780029296875,181.4620056152344],"rotationMatrix":[-0.8351447582244873,-0.5500302314758301,0,0.5500302314758301,-0.8351447582244873,0,0,0,1],"scale":1.307000041007996,"type":"wca_rock2"}
{"pos":[726.1580200195313,-585.031005859375,182.7400054931641],"rotationMatrix":[0.4943842887878418,0.8692434430122375,0,-0.8692434430122375,0.4943842887878418,0,0,0,1],"scale":0.8453999757766724,"type":"wca_rock2"}
{"pos":[722.4739990234375,-634.2949829101563,189.6829986572266],"rotationMatrix":[-0.9768671989440918,0.2138468474149704,0,-0.2138468474149704,-0.9768671989440918,0,0,0,1],"scale":1.281299948692322,"type":"wca_rock2"}
{"pos":[749.3270263671875,-679.1840209960938,195.2640075683594],"rotationMatrix":[0.9268085956573486,-0.3755340576171875,0,0.3755340576171875,0.9268085956573486,0,0,0,1],"scale":1.567600011825562,"type":"wca_rock2"}
{"pos":[742.9439697265625,-664.781005859375,194.2839965820313],"rotationMatrix":[-0.6366024017333984,-0.771192193031311,0,0.771192193031311,-0.6366024017333984,0,0,0,1],"scale":0.8059999942779541,"type":"wca_rock2"}
{"pos":[698.5239868164063,-707.8309936523438,197.7380065917969],"rotationMatrix":[0.06784152984619141,0.9976961016654968,0,-0.9976961016654968,0.06784152984619141,0,0,0,1],"scale":0.8083000183105469,"type":"wca_rock2"}
{"pos":[717.4760131835938,-708.89599609375,197.4160003662109],"rotationMatrix":[-0.5235596895217896,-0.8519889712333679,0,0.8519889712333679,-0.5235596895217896,0,0,0,1],"scale":0.8420000076293945,"type":"wca_rock2"}
{"pos":[722.239990234375,-707.89501953125,197.3930053710938],"rotationMatrix":[0.9626808166503906,-0.2706393301486969,0,0.2706393301486969,0.9626808166503906,0,0,0,1],"scale":0.9413999915122986,"type":"wca_rock2"}
{"pos":[733.1489868164063,-705.5430297851563,197.3999938964844],"rotationMatrix":[0.2660127878189087,-0.9639695286750793,0,0.9639695286750793,0.2660127878189087,0,0,0,1],"scale":0.8011000156402588,"type":"wca_rock2"}
{"pos":[724.7579956054688,-709.0289916992188,197.4440002441406],"rotationMatrix":[-0.5909712314605713,0.8066926598548889,0,-0.8066926598548889,-0.5909712314605713,0,0,0,1],"scale":0.9118000268936157,"type":"wca_rock2"}
{"pos":[716.2620239257813,-710.0609741210938,197.5870056152344],"rotationMatrix":[-0.769832968711853,0.6382454037666321,0,-0.6382454037666321,-0.769832968711853,0,0,0,1],"scale":1.063199996948242,"type":"wca_rock2"}
{"pos":[512.1309814453125,-588.635986328125,178.3280029296875],"rotationMatrix":[-0.9078857898712158,-0.419217586517334,0,0.419217586517334,-0.9078857898712158,0,0,0,1],"scale":1.076599955558777,"type":"wca_rock2"}
{"pos":[527.1199951171875,-594.625,180.0950012207031],"rotationMatrix":[-0.6099356412887573,-0.7924509644508362,0,0.7924509644508362,-0.6099356412887573,0,0,0,1],"scale":0.9373000264167786,"type":"wca_rock2"}
{"pos":[531.0029907226563,-597.1890258789063,179.8880004882813],"rotationMatrix":[-0.6391363143920898,-0.7690934538841248,0,0.7690934538841248,-0.6391363143920898,0,0,0,1],"scale":1.005300045013428,"type":"wca_rock2"}
{"pos":[524.239990234375,-600.802001953125,181.093994140625],"rotationMatrix":[0.9435520172119141,0.3312243819236755,0,-0.3312243819236755,0.9435520172119141,0,0,0,1],"scale":1.561200022697449,"type":"wca_rock2"}
{"pos":[513.177001953125,-612.7039794921875,183.8690032958984],"rotationMatrix":[-0.7361297607421875,-0.6768404245376587,0,0.6768404245376587,-0.7361297607421875,0,0,0,1],"scale":1.443899989128113,"type":"wca_rock2"}
{"pos":[533.739990234375,-602.9650268554688,180.1410064697266],"rotationMatrix":[0.9221453666687012,-0.3868435323238373,0,0.3868435323238373,0.9221453666687012,0,0,0,1],"scale":0.9611999988555908,"type":"wca_rock2"}
{"pos":[540.6699829101563,-626.4559936523438,184.3730010986328],"rotationMatrix":[-0.2542111873626709,0.9671487212181091,0,-0.9671487212181091,-0.2542111873626709,0,0,0,1],"scale":1.035699963569641,"type":"wca_rock2"}
{"pos":[534.5859985351563,-648.822021484375,187.0800018310547],"rotationMatrix":[-0.9852273464202881,0.171251505613327,0,-0.171251505613327,-0.9852273464202881,0,0,0,1],"scale":1.475600004196167,"type":"wca_rock2"}
{"pos":[526.2410278320313,-663.614013671875,188.4799957275391],"rotationMatrix":[-0.9701125621795654,-0.2426553517580032,0,0.2426553517580032,-0.9701125621795654,0,0,0,1],"scale":0.8884999752044678,"type":"wca_rock2"}
{"pos":[522.7849731445313,-660.3400268554688,185.1029968261719],"rotationMatrix":[-0.6020499467849731,0.798458456993103,0,-0.798458456993103,-0.6020499467849731,0,0,0,1],"scale":1.440700054168701,"type":"wca_rock2"}
{"pos":[503.3340148925781,-693.9509887695313,189.7079925537109],"rotationMatrix":[0.9443554878234863,-0.3289265930652618,0,0.3289265930652618,0.9443554878234863,0,0,0,1],"scale":1.518900036811829,"type":"wca_rock2"}
{"pos":[589.7860107421875,-995.4959716796875,152.7680053710938],"rotationMatrix":[0.5738508701324463,0.8189598321914673,0,-0.8189598321914673,0.5738508701324463,0,0,0,1],"scale":0.8565999865531921,"type":"wca_rock2"}
{"pos":[535.4459838867188,-883.1810302734375,154.0059967041016],"rotationMatrix":[-0.02044892311096191,0.9997909069061279,0,-0.9997909069061279,-0.02044892311096191,0,0,0,1],"scale":1.099300026893616,"type":"wca_rock2"}
{"pos":[384.9970092773438,-299.4779968261719,151.1150054931641],"rotationMatrix":[-0.7071824073791504,0.7070311307907104,0,-0.7070311307907104,-0.7071824073791504,0,0,0,1],"scale":1.52810001373291,"type":"wca_rock2"}
{"pos":[483.2219848632813,-603.7969970703125,176.6119995117188],"rotationMatrix":[-0.8336124420166016,-0.5523498058319092,0,0.5523498058319092,-0.8336124420166016,0,0,0,1],"scale":1.261600017547607,"type":"wca_rock2"}
{"pos":[494.2260131835938,-696.7349853515625,186.6889953613281],"rotationMatrix":[0.2469899654388428,-0.9690180420875549,0,0.9690180420875549,0.2469899654388428,0,0,0,1],"scale":1.360000014305115,"type":"wca_rock2"}
{"pos":[494.3299865722656,-704.5640258789063,191.2259979248047],"rotationMatrix":[-0.1941306591033936,-0.9809756875038147,0,0.9809756875038147,-0.1941306591033936,0,0,0,1],"scale":1.266700029373169,"type":"wca_rock2"}
{"pos":[482.8080139160156,-708.2570190429688,187.3760070800781],"rotationMatrix":[-0.9952027797698975,0.09783367067575455,0,-0.09783367067575455,-0.9952027797698975,0,0,0,1],"scale":1.448799967765808,"type":"wca_rock2"}
{"pos":[456.6489868164063,-727.8319702148438,190.5780029296875],"rotationMatrix":[0.1617465019226074,0.986832320690155,0,-0.986832320690155,0.1617465019226074,0,0,0,1],"scale":0.8693000078201294,"type":"wca_rock2"}
{"pos":[468.4079895019531,-700.510986328125,187.4380035400391],"rotationMatrix":[0.2487070560455322,0.9685787558555603,0,-0.9685787558555603,0.2487070560455322,0,0,0,1],"scale":0.8986999988555908,"type":"wca_rock2"}
{"pos":[474.9049987792969,-695.7230224609375,187.1349945068359],"rotationMatrix":[-0.08633792400360107,0.9962658882141113,0,-0.9962658882141113,-0.08633792400360107,0,0,0,1],"scale":1.555299997329712,"type":"wca_rock2"}
{"pos":[445.3930053710938,-712.4030151367188,188.218994140625],"rotationMatrix":[-0.9984003305435181,0.05654007568955421,0,-0.05654007568955421,-0.9984003305435181,0,0,0,1],"scale":1.598299980163574,"type":"wca_rock2"}
{"pos":[446.2160034179688,-899.3090209960938,148.7980041503906],"rotationMatrix":[0.6979801654815674,-0.7161170840263367,0,0.7161170840263367,0.6979801654815674,0,0,0,1],"scale":1.135499954223633,"type":"wca_rock2"}
{"pos":[491.4209899902344,-885.4559936523438,151.4100036621094],"rotationMatrix":[-0.3359586000442505,0.9418767690658569,0,-0.9418767690658569,-0.3359586000442505,0,0,0,1],"scale":0.8526999950408936,"type":"wca_rock2"}
{"pos":[224.7339935302734,-730.0269775390625,143.5619964599609],"rotationMatrix":[-0.9192323684692383,-0.3937154412269592,0,0.3937154412269592,-0.9192323684692383,0,0,0,1],"scale":1.521999955177307,"type":"wca_rock2"}
{"pos":[220.5619964599609,-732.25,143.052001953125],"rotationMatrix":[-0.5537319183349609,-0.8326950073242188,0,0.8326950073242188,-0.5537319183349609,0,0,0,1],"scale":1.258999943733215,"type":"wca_rock2"}
{"pos":[210.8769989013672,-739.5700073242188,143.0140075683594],"rotationMatrix":[-0.5565537214279175,0.830811619758606,0,-0.830811619758606,-0.5565537214279175,0,0,0,1],"scale":1.440199971199036,"type":"wca_rock2"}
{"pos":[217.9219970703125,-733.2979736328125,143.4380035400391],"rotationMatrix":[0.9161138534545898,0.4009182155132294,0,-0.4009182155132294,0.9161138534545898,0,0,0,1],"scale":0.9589999914169312,"type":"wca_rock2"}
{"pos":[185.7779998779297,-744.0020141601563,142.8390045166016],"rotationMatrix":[-0.2828816175460815,-0.9591548442840576,0,0.9591548442840576,-0.2828816175460815,0,0,0,1],"scale":1.445199966430664,"type":"wca_rock2"}
{"pos":[198.2429962158203,-812.9110107421875,142.9980010986328],"rotationMatrix":[-0.1094540357589722,0.9939918518066406,0,-0.9939918518066406,-0.1094540357589722,0,0,0,1],"scale":1.139099955558777,"type":"wca_rock2"}
{"pos":[589.239990234375,-1000.320007324219,157.8769989013672],"rotationMatrix":[0.8069310188293457,0.5906456708908081,0,-0.5906456708908081,0.8069310188293457,0,0,0,1],"scale":1.375800013542175,"type":"wca_rock2"}
{"pos":[1006.849975585938,271.2130126953125,155.9720001220703],"rotationMatrix":[0.2570195198059082,-0.9664062261581421,0,0.9664062261581421,0.2570195198059082,0,0,0,1],"scale":0.8101999759674072,"type":"wca_rock2"}
{"pos":[1007.5,193.6589965820313,153.3269958496094],"rotationMatrix":[-0.7679519653320313,0.6405074596405029,0,-0.6405074596405029,-0.7679519653320313,0,0,0,1],"scale":1.195899963378906,"type":"wca_rock2"}
{"pos":[1012.669982910156,129.7630004882813,153.1089935302734],"rotationMatrix":[-0.9204080104827881,-0.3909592032432556,0,0.3909592032432556,-0.9204080104827881,0,0,0,1],"scale":0.9404000043869019,"type":"wca_rock2"}
{"pos":[1016.760009765625,121.4729995727539,153.4920043945313],"rotationMatrix":[0.04945516586303711,-0.9987763166427612,0,0.9987763166427612,0.04945516586303711,0,0,0,1],"scale":0.8924000263214111,"type":"wca_rock2"}
{"pos":[1005.510009765625,43.02280044555664,152.7239990234375],"rotationMatrix":[-0.7837827205657959,-0.6210351586341858,0,0.6210351586341858,-0.7837827205657959,0,0,0,1],"scale":1.352100014686584,"type":"wca_rock2"}
{"pos":[957.6179809570313,561.1649780273438,145.0529937744141],"rotationMatrix":[0.9914717674255371,0.1303216516971588,0,-0.1303216516971588,0.9914717674255371,0,0,0,1],"scale":1.324699997901917,"type":"wca_rock2"}
{"pos":[964.7440185546875,574.385009765625,145.6340026855469],"rotationMatrix":[-0.8122272491455078,0.583341121673584,0,-0.583341121673584,-0.8122272491455078,0,0,0,1],"scale":1.105100035667419,"type":"wca_rock2"}
{"pos":[962.8610229492188,575.9219970703125,143.9219970703125],"rotationMatrix":[-0.9972009658813477,-0.07476786524057388,0,0.07476786524057388,-0.9972009658813477,0,0,0,1],"scale":0.8833000063896179,"type":"wca_rock2"}
{"pos":[956.8839721679688,487.9530029296875,144.3800048828125],"rotationMatrix":[-0.4044879674911499,-0.9145433306694031,0,0.9145433306694031,-0.4044879674911499,0,0,0,1],"scale":1.212700009346008,"type":"wca_rock2"}
{"pos":[942.2360229492188,493.6220092773438,144.2230072021484],"rotationMatrix":[-0.06200730800628662,-0.9980757236480713,0,0.9980757236480713,-0.06200730800628662,0,0,0,1],"scale":0.803600013256073,"type":"wca_rock2"}
{"pos":[962.9180297851563,429.2550048828125,147.9160003662109],"rotationMatrix":[-0.9227604866027832,0.3853739500045776,0,-0.3853739500045776,-0.9227604866027832,0,0,0,1],"scale":1.477699995040894,"type":"wca_rock2"}
{"pos":[966.530029296875,66.92269897460938,150.593994140625],"rotationMatrix":[0.7326732873916626,0.6805805563926697,0,-0.6805805563926697,0.7326732873916626,0,0,0,1],"scale":1.414399981498718,"type":"wca_rock2"}
{"pos":[972.6729736328125,95.36430358886719,151.4459991455078],"rotationMatrix":[-0.1707559823989868,0.985313355922699,0,-0.985313355922699,-0.1707559823989868,0,0,0,1],"scale":1.324599981307983,"type":"wca_rock2"}
{"pos":[133.5809936523438,593.7839965820313,83.87439727783203],"rotationMatrix":[-0.6467496156692505,0.7627024054527283,0,-0.7627024054527283,-0.6467496156692505,0,0,0,1],"scale":1.44159996509552,"type":"wca_rock2"}
{"pos":[145.4779968261719,609.2979736328125,86.69280242919922],"rotationMatrix":[0.1317014694213867,-0.9912894368171692,0,0.9912894368171692,0.1317014694213867,0,0,0,1],"scale":1.042099952697754,"type":"wca_rock2"}
{"pos":[146.8130035400391,610.1259765625,87.57779693603516],"rotationMatrix":[0.323482871055603,-0.9462340474128723,0,0.9462340474128723,0.323482871055603,0,0,0,1],"scale":1.162999987602234,"type":"wca_rock2"}
{"pos":[126.2919998168945,577.6810302734375,91.63919830322266],"rotationMatrix":[0.01073813438415527,-0.9999423623085022,0,0.9999423623085022,0.01073813438415527,0,0,0,1],"scale":1.300799965858459,"type":"wca_rock2"}
{"pos":[29.62680053710938,525.7329711914063,74.40509796142578],"rotationMatrix":[0.2648005485534668,0.964303195476532,0,-0.964303195476532,0.2648005485534668,0,0,0,1],"scale":1.037799954414368,"type":"wca_rock2"}
{"pos":[21.62960052490234,517.4650268554688,74.53179931640625],"rotationMatrix":[0.9977016448974609,0.06776007264852524,0,-0.06776007264852524,0.9977016448974609,0,0,0,1],"scale":0.8048999905586243,"type":"wca_rock2"}
{"pos":[18.45669937133789,513.3150024414063,74.79840087890625],"rotationMatrix":[0.5095539093017578,0.8604387044906616,0,-0.8604387044906616,0.5095539093017578,0,0,0,1],"scale":1.394999980926514,"type":"wca_rock2"}
{"pos":[19.40970039367676,515.1840209960938,74.38749694824219],"rotationMatrix":[0.988839864730835,0.1489822864532471,0,-0.1489822864532471,0.988839864730835,0,0,0,1],"scale":1.397300004959106,"type":"wca_rock2"}
{"pos":[41.75429916381836,534.4580078125,74.45210266113281],"rotationMatrix":[0.9436192512512207,-0.331032782793045,0,0.331032782793045,0.9436192512512207,0,0,0,1],"scale":1.420500040054321,"type":"wca_rock2"}
{"pos":[52.72079849243164,542.4110107421875,75.34329986572266],"rotationMatrix":[0.9972472190856934,0.07414839416742325,0,-0.07414839416742325,0.9972472190856934,0,0,0,1],"scale":0.9936000108718872,"type":"wca_rock2"}
{"pos":[29.3518009185791,524.9000244140625,74.32559967041016],"rotationMatrix":[-0.4004684686660767,-0.9163105487823486,0,0.9163105487823486,-0.4004684686660767,0,0,0,1],"scale":1.50220000743866,"type":"wca_rock2"}
{"pos":[30.97690010070801,525.5289916992188,74.50530242919922],"rotationMatrix":[-0.9764695167541504,-0.2156554758548737,0,0.2156554758548737,-0.9764695167541504,0,0,0,1],"scale":1.054800033569336,"type":"wca_rock2"}
{"pos":[31.55550003051758,524.0139770507813,76.28279876708984],"rotationMatrix":[0.5671778917312622,0.8235952854156494,0,-0.8235952854156494,0.5671778917312622,0,0,0,1],"scale":1.536900043487549,"type":"wca_rock2"}
{"pos":[34.62799835205078,526.094970703125,75.93399810791016],"rotationMatrix":[-0.4761055707931519,0.879388153553009,0,-0.879388153553009,-0.4761055707931519,0,0,0,1],"scale":1.253200054168701,"type":"wca_rock2"}
{"pos":[37.84780120849609,500.18701171875,100.8649978637695],"rotationMatrix":[-0.3645519018173218,0.9311830997467041,0,-0.9311830997467041,-0.3645519018173218,0,0,0,1],"scale":1.420300006866455,"type":"wca_rock2"}
{"pos":[5.754199981689453,472.3489990234375,101.0029983520508],"rotationMatrix":[0.8913288116455078,0.4533574283123016,0,-0.4533574283123016,0.8913288116455078,0,0,0,1],"scale":1.54830002784729,"type":"wca_rock2"}
{"pos":[854.1363525390625,-963.8955078125,170.2638092041016],"rotationMatrix":[-0.3267499208450317,-0.9451108574867249,0,0.9451108574867249,-0.3267499208450317,0,0,0,1],"scale":1.138027191162109,"type":"wca_rock2"}
{"pos":[852.8416748046875,-964.70166015625,170.3596954345703],"rotationMatrix":[0.9317290782928467,-0.3631541430950165,0,0.3631541430950165,0.9317290782928467,0,0,0,1],"scale":1.178371429443359,"type":"wca_rock2"}
{"pos":[863.0426635742188,-941.1831665039063,171.3302917480469],"rotationMatrix":[-0.9901330471038818,0.1401304751634598,0,-0.1401304751634598,-0.9901330471038818,0,0,0,1],"scale":1.584336519241333,"type":"wca_rock2"}
{"pos":[890.2432250976563,-933.28759765625,169.9509429931641],"rotationMatrix":[-0.4249154329299927,0.9052330255508423,0,-0.9052330255508423,-0.4249154329299927,0,0,0,1],"scale":1.483890533447266,"type":"wca_rock2"}
{"pos":[819.7442626953125,-973.6267700195313,171.7231750488281],"rotationMatrix":[-0.6929991841316223,-0.7209383845329285,0,0.7209383845329285,-0.6929991841316223,0,0,0,1],"scale":1.509250402450562,"type":"wca_rock2"}
{"pos":[830.2832641601563,-990.5150146484375,176.4035186767578],"rotationMatrix":[0.8260722160339355,-0.5635643005371094,0,0.5635643005371094,0.8260722160339355,0,0,0,1],"scale":1.310163497924805,"type":"wca_rock2"}
{"pos":[783.860595703125,-926.5362548828125,171.4211120605469],"rotationMatrix":[0.6996467113494873,-0.7144889831542969,0,0.7144889831542969,0.6996467113494873,0,0,0,1],"scale":0.8044726848602295,"type":"wca_rock2"}
{"pos":[809.7639770507813,-935.6043701171875,170.9802093505859],"rotationMatrix":[0.5654230117797852,0.8248010873794556,0,-0.8248010873794556,0.5654230117797852,0,0,0,1],"scale":0.9185565710067749,"type":"wca_rock2"}
{"pos":[810.6221923828125,-940.107666015625,171.1378326416016],"rotationMatrix":[0.2875295877456665,0.9577717781066895,0,-0.9577717781066895,0.2875295877456665,0,0,0,1],"scale":1.059437036514282,"type":"wca_rock2"}
{"pos":[512.8731689453125,157.9222564697266,140.7012634277344],"rotationMatrix":[-0.8835898041725159,0.4682617485523224,0,-0.4682617485523224,-0.8835898041725159,0,0,0,1],"scale":0.8661206364631653,"type":"wca_rock2"}
{"pos":[57.89262008666992,-988.8883056640625,126.8742370605469],"rotationMatrix":[0.2658563852310181,-0.964012622833252,0,0.964012622833252,0.2658563852310181,0,0,0,1],"scale":1.489917516708374,"type":"wca_rock2"}
{"pos":[9.601536750793457,-995.072998046875,128.6360626220703],"rotationMatrix":[-0.3599597215652466,0.6504995226860046,-0.6687895655632019,-0.9306852221488953,-0.2002487033605576,0.3061462938785553,0.06522390991449356,0.7326328158378601,0.6774917244911194],"scale":1.358609676361084,"type":"wca_rock2"}
{"pos":[81.08795166015625,-976.5947265625,127.1310043334961],"rotationMatrix":[-0.2493242174386978,-0.9684200882911682,0,0.9684200882911682,-0.2493242174386978,0,0,0,1],"scale":1.008683085441589,"type":"wca_rock2"}
{"pos":[99.22475433349609,-987.2195434570313,126.4965286254883],"rotationMatrix":[-0.3857845664024353,0.9225888848304749,0,-0.9225888848304749,-0.3857845664024353,0,0,0,1],"scale":1.478867411613464,"type":"wca_rock2"}
{"pos":[0.791243314743042,-986.8914794921875,128.678955078125],"rotationMatrix":[-0.1052232906222343,0.8600717186927795,0.4992035031318665,-0.9925991296768188,-0.1214369982481003,0,0.06062177196145058,-0.4955089390277863,0.8664845824241638],"scale":0.988764762878418,"type":"wca_rock2"}
{"pos":[-12.89414024353027,-998.0281982421875,129.4236602783203],"rotationMatrix":[0.9106193780899048,-0.4132461547851563,0,0.4132461547851563,0.9106193780899048,0,0,0,1],"scale":0.9739397764205933,"type":"wca_rock2"}
{"pos":[-49.33644104003906,-996.6470947265625,131.0726165771484],"rotationMatrix":[0.07810219377279282,-0.9969453811645508,0,0.9969453811645508,0.07810219377279282,0,0,0,1],"scale":1.115849375724792,"type":"wca_rock2"}
{"pos":[-9.448107719421387,-929.7147216796875,125.4223937988281],"rotationMatrix":[-0.8874008059501648,0.4609987437725067,0,-0.4609987437725067,-0.8874008059501648,0,0,0,1],"scale":1.476040482521057,"type":"wca_rock2"}
{"pos":[-8.217782974243164,-931.6538696289063,125.5775604248047],"rotationMatrix":[-0.8424606323242188,-0.538757860660553,0,0.538757860660553,-0.8424606323242188,0,0,0,1],"scale":1.145917892456055,"type":"wca_rock2"}
{"pos":[-8.059823989868164,-959.7142944335938,127.1232833862305],"rotationMatrix":[-0.9498004913330078,0.3128562569618225,0,-0.3128562569618225,-0.9498004913330078,0,0,0,1],"scale":1.296420097351074,"type":"wca_rock2"}
{"pos":[-199.8370819091797,-629.7310791015625,113.9105834960938],"rotationMatrix":[0.2798638641834259,0.9600396752357483,0,-0.9600396752357483,0.2798638641834259,0,0,0,1],"scale":1.158574819564819,"type":"wca_rock2"}
{"pos":[-193.4321899414063,-637.480712890625,114.0253829956055],"rotationMatrix":[0.4655713737010956,0.8850103616714478,0,-0.8850103616714478,0.4655713737010956,0,0,0,1],"scale":1.228379011154175,"type":"wca_rock2"}
{"pos":[-168.4549713134766,-670.1890258789063,115.4498748779297],"rotationMatrix":[-0.1701479256153107,-0.9854185581207275,0,0.9854185581207275,-0.1701479256153107,0,0,0,1],"scale":1.087508201599121,"type":"wca_rock2"}
{"pos":[-169.2819213867188,-669.1064453125,115.3789978027344],"rotationMatrix":[-0.6824503540992737,-0.7309319376945496,0,0.7309319376945496,-0.6824503540992737,0,0,0,1],"scale":1.050704479217529,"type":"wca_rock2"}
{"pos":[-165.3367156982422,-672.0369262695313,116.7139205932617],"rotationMatrix":[0.9876503348350525,-0.1566741317510605,0,0.1566741317510605,0.9876503348350525,0,0,0,1],"scale":0.8081791996955872,"type":"wca_rock2"}
{"pos":[99.78702545166016,-975.8051147460938,125.7800750732422],"rotationMatrix":[-0.891939103603363,-0.4521555006504059,0,0.4521555006504059,-0.891939103603363,0,0,0,1],"scale":1.302844524383545,"type":"wca_rock2"}
{"pos":[53.91704559326172,-978.9401245117188,127.0279312133789],"rotationMatrix":[0.7427580952644348,-0.6695598363876343,0,0.6695598363876343,0.7427580952644348,0,0,0,1],"scale":0.9559385180473328,"type":"wca_rock2"}
{"pos":[37.89810943603516,-980.4879760742188,127.6502456665039],"rotationMatrix":[-0.9940577745437622,-0.1088538467884064,0,0.1088538467884064,-0.9940577745437622,0,0,0,1],"scale":1.051738023757935,"type":"wca_rock2"}
{"pos":[-249.7083740234375,-913.48876953125,134.34912109375],"rotationMatrix":[-0.9995203614234924,0.03096761554479599,0,-0.03096761554479599,-0.9995203614234924,0,0,0,1],"scale":0.9974532127380371,"type":"wca_rock2"}
{"pos":[-279.0763244628906,-895.0730590820313,134.4921722412109],"rotationMatrix":[0.3794691562652588,-0.9252043962478638,0,0.9252043962478638,0.3794691562652588,0,0,0,1],"scale":0.9143317341804504,"type":"wca_rock2"}
{"pos":[-268.4719848632813,-905.4447631835938,135.8636016845703],"rotationMatrix":[0.3000203669071198,-0.9416484832763672,0.1525967568159103,0.8755093216896057,0.2082923203706741,-0.4360019266605377,0.3787758052349091,0.2644093632698059,0.886914074420929],"scale":1.342803955078125,"type":"wca_rock2"}
{"pos":[-218.5065002441406,-931.843994140625,133.9365844726563],"rotationMatrix":[0.9570235013961792,-0.2900104522705078,0,0.2900104522705078,0.9570235013961792,0,0,0,1],"scale":0.8765354156494141,"type":"wca_rock2"}
{"pos":[-219.6323547363281,-931.555419921875,133.6488800048828],"rotationMatrix":[-0.9766374230384827,-0.2148938775062561,0,0.2148938775062561,-0.9766374230384827,0,0,0,1],"scale":1.235497951507568,"type":"wca_rock2"}
{"pos":[-205.1627807617188,-939.0054321289063,133.7854309082031],"rotationMatrix":[0.944297730922699,0.3290923535823822,0,-0.3290923535823822,0.944297730922699,0,0,0,1],"scale":1.518771171569824,"type":"wca_rock2"}
{"pos":[-194.8189086914063,-944.5267333984375,133.4274139404297],"rotationMatrix":[0.5467010140419006,0.8373278975486755,0,-0.8373278975486755,0.5467010140419006,0,0,0,1],"scale":1.490442872047424,"type":"wca_rock2"}
{"pos":[-178.1202392578125,-952.6875610351563,133.3699188232422],"rotationMatrix":[0.2159989327192307,-0.9274927973747253,0.305124819278717,0.9739376306533813,0.2268152385950089,0,-0.06920696049928665,0.2971725165843964,0.9523122906684875],"scale":1.345985651016235,"type":"wca_rock2"}
{"pos":[-231.5883941650391,-924.8911743164063,133.7829742431641],"rotationMatrix":[0.9152315258979797,-0.4029283821582794,0,0.4029283821582794,0.9152315258979797,0,0,0,1],"scale":1.225396871566772,"type":"wca_rock2"}
{"pos":[-401.7295532226563,-872.0658569335938,142.4747467041016],"rotationMatrix":[-0.9450774788856506,-0.3268464207649231,0,0.3268464207649231,-0.9450774788856506,0,0,0,1],"scale":1.068456649780273,"type":"wca_rock2"}
{"pos":[-367.021240234375,-864.1444091796875,136.4583129882813],"rotationMatrix":[-0.9557858109474182,0.2940637767314911,0,-0.2940637767314911,-0.9557858109474182,0,0,0,1],"scale":0.8185794949531555,"type":"wca_rock2"}
{"pos":[-392.6905822753906,-912.8995361328125,139.2788391113281],"rotationMatrix":[0.8312779664993286,0.5558568835258484,0,-0.5558568835258484,0.8312779664993286,0,0,0,1],"scale":1.189498543739319,"type":"wca_rock2"}
{"pos":[-392.0500183105469,-943.6455078125,147.9945068359375],"rotationMatrix":[-0.5323116183280945,0.8465484976768494,0,-0.8465484976768494,-0.5323116183280945,0,0,0,1],"scale":0.8249221444129944,"type":"wca_rock2"}
{"pos":[-377.722900390625,-916.3053588867188,138.3272247314453],"rotationMatrix":[-0.9999448657035828,0.01049818005412817,0,-0.01049818005412817,-0.9999448657035828,0,0,0,1],"scale":1.566665172576904,"type":"wca_rock2"}
{"pos":[-381.2593688964844,-906.4852294921875,138.3235473632813],"rotationMatrix":[-0.8274210095405579,-0.5615821480751038,0,0.5615821480751038,-0.8274210095405579,0,0,0,1],"scale":0.8970651626586914,"type":"wca_rock2"}
{"pos":[-342.2078857421875,-807.4998168945313,137.4103851318359],"rotationMatrix":[-0.538164496421814,0.8428398370742798,0,-0.8428398370742798,-0.538164496421814,0,0,0,1],"scale":1.072747707366943,"type":"wca_rock2"}
{"pos":[-334.2906188964844,-799.7089233398438,137.0115203857422],"rotationMatrix":[0.8055512309074402,-0.5925260782241821,0,0.5925260782241821,0.8055512309074402,0,0,0,1],"scale":0.8763267397880554,"type":"wca_rock2"}
{"pos":[-386.4783935546875,-826.8397216796875,139.8421936035156],"rotationMatrix":[-0.6605187058448792,0.7508095502853394,0,-0.7508095502853394,-0.6605187058448792,0,0,0,1],"scale":1.460214138031006,"type":"wca_rock2"}
{"pos":[-218.7482604980469,-935.3990478515625,136.7238464355469],"rotationMatrix":[0.911766529083252,0.4107089042663574,0,-0.4107089042663574,0.911766529083252,0,0,0,1],"scale":0.8111704587936401,"type":"wca_rock2"}
{"pos":[-71.24021148681641,-934.415283203125,131.7636413574219],"rotationMatrix":[0.2947941720485687,0.9555607438087463,0,-0.9555607438087463,0.2947941720485687,0,0,0,1],"scale":0.8158214688301086,"type":"wca_rock2"}
{"pos":[-392.9591064453125,-777.2201538085938,140.493408203125],"rotationMatrix":[-0.7369494438171387,0.6399818062782288,0.2175514549016953,-0.6675358414649963,-0.6384373307228088,-0.383136123418808,-0.1063071042299271,-0.427575409412384,0.8977070450782776],"scale":1.174680948257446,"type":"wca_rock2"}
{"pos":[-389.0763549804688,-780.5857543945313,140.2985534667969],"rotationMatrix":[0.3317509591579437,-0.9433670043945313,0,0.9433670043945313,0.3317509591579437,0,0,0,1],"scale":0.8702214956283569,"type":"wca_rock2"}
{"pos":[-404.3828735351563,-766.9200439453125,141.2037353515625],"rotationMatrix":[-0.801098108291626,0.5985325574874878,0,-0.5985325574874878,-0.801098108291626,0,0,0,1],"scale":1.521996021270752,"type":"wca_rock2"}
{"pos":[-421.5169372558594,-783.0369262695313,139.5152587890625],"rotationMatrix":[0.9081421494483948,0.418661892414093,0,-0.418661892414093,0.9081421494483948,0,0,0,1],"scale":1.036756634712219,"type":"wca_rock2"}
{"pos":[-776.195068359375,-849.547607421875,123.4614334106445],"rotationMatrix":[-0.3082614839076996,0.9513016939163208,0,-0.9513016939163208,-0.3082614839076996,0,0,0,1],"scale":1.47571063041687,"type":"wca_rock2"}
{"pos":[-777.6954956054688,-849.526611328125,123.4294128417969],"rotationMatrix":[-0.7984693050384521,-0.6020355224609375,0,0.6020355224609375,-0.7984693050384521,0,0,0,1],"scale":1.501200914382935,"type":"wca_rock2"}
{"pos":[-755.8740844726563,-847.2401123046875,125.248046875],"rotationMatrix":[-0.8501109480857849,0.5266035795211792,0,-0.5266035795211792,-0.8501109480857849,0,0,0,1],"scale":1.245521426200867,"type":"wca_rock2"}
{"pos":[-750.1809692382813,-845.7723388671875,125.931396484375],"rotationMatrix":[0.9583655595779419,-0.285544216632843,0,0.285544216632843,0.9583655595779419,0,0,0,1],"scale":1.206355333328247,"type":"wca_rock2"}
{"pos":[-798.0809936523438,-847.5801391601563,121.4105911254883],"rotationMatrix":[0.3406755030155182,0.9401809573173523,0,-0.9401809573173523,0.3406755030155182,0,0,0,1],"scale":1.203253507614136,"type":"wca_rock2"}
{"pos":[-802.7705078125,-846.9699096679688,120.6952667236328],"rotationMatrix":[-0.9795518517494202,-0.2011917531490326,0,0.2011917531490326,-0.9795518517494202,0,0,0,1],"scale":1.371687650680542,"type":"wca_rock2"}
{"pos":[-871.7830810546875,-906.002685546875,129.7543487548828],"rotationMatrix":[0.9219090938568115,0.3874062597751617,0,-0.3874062597751617,0.9219090938568115,0,0,0,1],"scale":1.511791229248047,"type":"wca_rock2"}
{"pos":[-877.7200927734375,-920.5050659179688,131.686279296875],"rotationMatrix":[0.6414031386375427,0.7672039866447449,0,-0.7672039866447449,0.6414031386375427,0,0,0,1],"scale":1.125509142875671,"type":"wca_rock2"}
{"pos":[-905.7748413085938,-981.3312377929688,141.9428253173828],"rotationMatrix":[0.1737732440233231,-0.9847856760025024,0,0.9847856760025024,0.1737732440233231,0,0,0,1],"scale":1.116312742233276,"type":"wca_rock2"}
{"pos":[-911.94140625,-982.7184448242188,141.2891693115234],"rotationMatrix":[-0.4089748561382294,-0.9125456809997559,0,0.9125456809997559,-0.4089748561382294,0,0,0,1],"scale":1.544474244117737,"type":"wca_rock2"}
{"pos":[-833.81982421875,-936.4415893554688,152.3567352294922],"rotationMatrix":[0.462098091840744,0.8868288397789001,0,-0.8868288397789001,0.462098091840744,0,0,0,1],"scale":0.8896505236625671,"type":"wca_rock2"}
{"pos":[-693.8094482421875,-936.6956176757813,164.8161773681641],"rotationMatrix":[0.3708955049514771,-0.928674578666687,0,0.928674578666687,0.3708955049514771,0,0,0,1],"scale":1.598844051361084,"type":"wca_rock2"}
{"pos":[-637.4844970703125,-755.2404174804688,134.3176879882813],"rotationMatrix":[0.9999955296516418,-0.002990361070260406,0,0.002990361070260406,0.9999955296516418,0,0,0,1],"scale":1.118046164512634,"type":"wca_rock2"}
{"pos":[-623.0411987304688,-747.526611328125,135.0769805908203],"rotationMatrix":[0.6128457188606262,-0.7902025580406189,0,0.7902025580406189,0.6128457188606262,0,0,0,1],"scale":0.9534207582473755,"type":"wca_rock2"}
{"pos":[-444.1997680664063,-738.5598754882813,142.5532073974609],"rotationMatrix":[0.9722558856010437,-0.2339199483394623,0,0.2339199483394623,0.9722558856010437,0,0,0,1],"scale":1.331189393997192,"type":"wca_rock2"}
{"pos":[-456.0965881347656,-732.64453125,142.4260406494141],"rotationMatrix":[0.8302715420722961,-0.5573591589927673,0,0.5573591589927673,0.8302715420722961,0,0,0,1],"scale":1.390169382095337,"type":"wca_rock2"}
{"pos":[-561.5681762695313,-722.4221801757813,138.2437133789063],"rotationMatrix":[-0.9998602867126465,-0.01672720536589622,0,0.01672720536589622,-0.9998602867126465,0,0,0,1],"scale":1.555725574493408,"type":"wca_rock2"}
{"pos":[-903.4779663085938,-824.5545654296875,115.9517059326172],"rotationMatrix":[-0.3554033935070038,0.9347130060195923,0,-0.9347130060195923,-0.3554033935070038,0,0,0,1],"scale":0.8389341831207275,"type":"wca_rock2"}
{"pos":[-926.5300903320313,-841.1263427734375,120.8344192504883],"rotationMatrix":[-0.9749186038970947,-0.2225616127252579,0,0.2225616127252579,-0.9749186038970947,0,0,0,1],"scale":1.244942307472229,"type":"wca_rock2"}
{"pos":[-838.416015625,-730.3637084960938,111.7217712402344],"rotationMatrix":[-0.9539152383804321,-0.3000761866569519,0,0.3000761866569519,-0.9539152383804321,0,0,0,1],"scale":0.8353931307792664,"type":"wca_rock2"}
{"pos":[-756.780517578125,-634.7279663085938,105.0572967529297],"rotationMatrix":[-0.003555892035365105,0.8782231211662292,-0.4782384037971497,-0.9820283055305481,-0.09331152588129044,-0.1640527695417404,-0.1887000352144241,0.4690603315830231,0.8627715706825256],"scale":1.581010818481445,"type":"wca_rock2"}
{"pos":[-397.6107177734375,-644.4756469726563,129.8889770507813],"rotationMatrix":[0.1316136717796326,0.9913010597229004,0,-0.9913010597229004,0.1316136717796326,0,0,0,1],"scale":1.004699945449829,"type":"wca_rock2"}
{"pos":[-407.3954162597656,-646.390869140625,129.9371032714844],"rotationMatrix":[-0.9961406588554382,-0.08777125179767609,0,0.08777125179767609,-0.9961406588554382,0,0,0,1],"scale":1.133511662483215,"type":"wca_rock2"}
{"pos":[-421.7954406738281,-645.9173583984375,132.0690612792969],"rotationMatrix":[-0.3474060595035553,-0.7475563883781433,0.5660997033119202,0.9068577289581299,-0.4214368760585785,0,0.2385752946138382,0.5133718848228455,0.8243372440338135],"scale":1.117887258529663,"type":"wca_rock2"}
{"pos":[-413.4852294921875,-648.7827758789063,131.6524200439453],"rotationMatrix":[0.6708906888961792,0.7415562272071838,0,-0.7415562272071838,0.6708906888961792,0,0,0,1],"scale":1.069497466087341,"type":"wca_rock2"}
{"pos":[-391.254150390625,-651.2210693359375,130.2388458251953],"rotationMatrix":[0.08400210738182068,0.9964655637741089,0,-0.9964655637741089,0.08400210738182068,0,0,0,1],"scale":1.475850105285645,"type":"wca_rock2"}
{"pos":[-362.7528076171875,-677.3677978515625,130.7436370849609],"rotationMatrix":[0.7209065556526184,0.6930322647094727,0,-0.6930322647094727,0.7209065556526184,0,0,0,1],"scale":1.265574932098389,"type":"wca_rock2"}
