{"pos":[-687.343017578125,-276.2919921875,103.9290008544922],"rotationMatrix":[0.8927228450775146,0.4506061673164368,0,-0.4506061673164368,0.8927228450775146,0,0,0,1],"scale":1.578400015830994,"type":"wca_rock8"}
{"pos":[-739.8380126953125,-293.0929870605469,100.9329986572266],"rotationMatrix":[-0.1352231502532959,-0.9908151626586914,0,0.9908151626586914,-0.1352231502532959,0,0,0,1],"scale":1.369300007820129,"type":"wca_rock8"}
{"pos":[-828.1950073242188,-154.0319976806641,103.3779983520508],"rotationMatrix":[-0.3675272464752197,0.9300127625465393,0,-0.9300127625465393,-0.3675272464752197,0,0,0,1],"scale":1.346799969673157,"type":"wca_rock8"}
{"pos":[-770.9340209960938,-135.322998046875,103.4570007324219],"rotationMatrix":[-0.1265006065368652,0.9919665455818176,0,-0.9919665455818176,-0.1265006065368652,0,0,0,1],"scale":1.16100001335144,"type":"wca_rock8"}
{"pos":[-784.6489868164063,-141.6510009765625,105.1869964599609],"rotationMatrix":[-0.9788562059402466,0.2045495808124542,0,-0.2045495808124542,-0.9788562059402466,0,0,0,1],"scale":1.062899947166443,"type":"wca_rock8"}
{"pos":[-757.6430053710938,-343.2969970703125,102.1520004272461],"rotationMatrix":[-0.6099356412887573,-0.7924509644508362,0,0.7924509644508362,-0.6099356412887573,0,0,0,1],"scale":1.55869996547699,"type":"wca_rock8"}
{"pos":[-780.8839721679688,-306.2900085449219,100.1780014038086],"rotationMatrix":[0.7233808040618896,0.6904492974281311,0,-0.6904492974281311,0.7233808040618896,0,0,0,1],"scale":1.427899956703186,"type":"wca_rock8"}
{"pos":[-781.0449829101563,-305.93701171875,100.3730010986328],"rotationMatrix":[-0.8694044351577759,0.4941011369228363,0,-0.4941011369228363,-0.8694044351577759,0,0,0,1],"scale":1.343000054359436,"type":"wca_rock8"}
{"pos":[-793.8660278320313,-361.7059936523438,100.0899963378906],"rotationMatrix":[0.3260395526885986,-0.9453561305999756,0,0.9453561305999756,0.3260395526885986,0,0,0,1],"scale":0.8917000293731689,"type":"wca_rock8"}
{"pos":[-811.875,-379.3980102539063,100.4380035400391],"rotationMatrix":[0.9671807289123535,-0.2540894150733948,0,0.2540894150733948,0.9671807289123535,0,0,0,1],"scale":1.197100043296814,"type":"wca_rock8"}
{"pos":[-840.5360107421875,-386.2090148925781,99.43520355224609],"rotationMatrix":[-0.9168819189071655,0.3991585373878479,0,-0.3991585373878479,-0.9168819189071655,0,0,0,1],"scale":1.475800037384033,"type":"wca_rock8"}
{"pos":[-845.1389770507813,-392.5759887695313,99.13169860839844],"rotationMatrix":[0.2349154949188232,-0.9720157980918884,0,0.9720157980918884,0.2349154949188232,0,0,0,1],"scale":1.471799969673157,"type":"wca_rock8"}
{"pos":[-524.7150268554688,-658.0349731445313,165.3869934082031],"rotationMatrix":[-0.9428147077560425,-0.3333173096179962,0,0.3333173096179962,-0.9428147077560425,0,0,0,1],"scale":1.342200040817261,"type":"wca_rock8"}
{"pos":[-511.072998046875,-682.1290283203125,157.2929992675781],"rotationMatrix":[-0.4664993286132813,0.8845215439796448,0,-0.8845215439796448,-0.4664993286132813,0,0,0,1],"scale":1.377500057220459,"type":"wca_rock8"}
{"pos":[-502.4219970703125,-741.197021484375,140.0399932861328],"rotationMatrix":[-0.5141481161117554,-0.8577014207839966,0,0.8577014207839966,-0.5141481161117554,0,0,0,1],"scale":1.258800029754639,"type":"wca_rock8"}
{"pos":[-531.7379760742188,-740.5289916992188,138.4149932861328],"rotationMatrix":[0.9946334362030029,-0.1034617200493813,0,0.1034617200493813,0.9946334362030029,0,0,0,1],"scale":1.399099946022034,"type":"wca_rock8"}
{"pos":[-517.5230102539063,-740.64697265625,138.9089965820313],"rotationMatrix":[-0.01018893718719482,0.9999480843544006,0,-0.9999480843544006,-0.01018893718719482,0,0,0,1],"scale":0.8899999856948853,"type":"wca_rock8"}
{"pos":[-575.5020141601563,-726.458984375,137.9389953613281],"rotationMatrix":[0.8523582220077515,-0.5229583978652954,0,0.5229583978652954,0.8523582220077515,0,0,0,1],"scale":0.8777999877929688,"type":"wca_rock8"}
{"pos":[-580.7670288085938,-728.8629760742188,137.5630035400391],"rotationMatrix":[0.363131046295166,-0.9317380785942078,0,0.9317380785942078,0.363131046295166,0,0,0,1],"scale":1.228399991989136,"type":"wca_rock8"}
{"pos":[-584.6599731445313,-754.0260009765625,134.7100067138672],"rotationMatrix":[0.8634445667266846,0.5044437050819397,0,-0.5044437050819397,0.8634445667266846,0,0,0,1],"scale":1.213899970054626,"type":"wca_rock8"}
{"pos":[-702.6959838867188,-828.8759765625,134.0390014648438],"rotationMatrix":[0.9989602565765381,0.04558953642845154,0,-0.04558953642845154,0.9989602565765381,0,0,0,1],"scale":0.8130999803543091,"type":"wca_rock8"}
{"pos":[-744.0659790039063,-819.0120239257813,125.2089996337891],"rotationMatrix":[0.5401594638824463,-0.8415626883506775,0,0.8415626883506775,0.5401594638824463,0,0,0,1],"scale":0.8575999736785889,"type":"wca_rock8"}
{"pos":[-723.5689697265625,-807.9810180664063,126.7229995727539],"rotationMatrix":[-0.5351024866104126,-0.8447871208190918,0,0.8447871208190918,-0.5351024866104126,0,0,0,1],"scale":1.087200045585632,"type":"wca_rock8"}
{"pos":[-722.1890258789063,-806.6229858398438,126.8440017700195],"rotationMatrix":[-0.2787203788757324,0.960372269153595,0,-0.960372269153595,-0.2787203788757324,0,0,0,1],"scale":1.041399955749512,"type":"wca_rock8"}
{"pos":[-787.3099975585938,-826.8140258789063,121.0479965209961],"rotationMatrix":[0.96769118309021,-0.2521384060382843,0,0.2521384060382843,0.96769118309021,0,0,0,1],"scale":1.095399975776672,"type":"wca_rock8"}
{"pos":[-769.2869873046875,-819.9639892578125,125.2529983520508],"rotationMatrix":[0.7972428798675537,-0.6036586761474609,0,0.6036586761474609,0.7972428798675537,0,0,0,1],"scale":1.346300005912781,"type":"wca_rock8"}
{"pos":[-830.260009765625,-810.8679809570313,116.8199996948242],"rotationMatrix":[-0.9788562059402466,-0.2045495808124542,0,0.2045495808124542,-0.9788562059402466,0,0,0,1],"scale":1.553099989891052,"type":"wca_rock8"}
{"pos":[-848.77099609375,-801.1099853515625,115.818000793457],"rotationMatrix":[0.5710768699645996,0.8208965659141541,0,-0.8208965659141541,0.5710768699645996,0,0,0,1],"scale":1.075899958610535,"type":"wca_rock8"}
{"pos":[-822.708984375,-815.6290283203125,117.2360000610352],"rotationMatrix":[0.7978792190551758,0.6028173565864563,0,-0.6028173565864563,0.7978792190551758,0,0,0,1],"scale":1.3507000207901,"type":"wca_rock8"}
{"pos":[-827.8980102539063,-813.1339721679688,116.7170028686523],"rotationMatrix":[-0.4898831844329834,0.8717880845069885,0,-0.8717880845069885,-0.4898831844329834,0,0,0,1],"scale":1.486400008201599,"type":"wca_rock8"}
{"pos":[-10.15610027313232,485.4419860839844,74.93869781494141],"rotationMatrix":[0.2284696102142334,0.9735510349273682,0,-0.9735510349273682,0.2284696102142334,0,0,0,1],"scale":1.083199977874756,"type":"wca_rock8"}
{"pos":[-54.00949859619141,456.6530151367188,74.50299835205078],"rotationMatrix":[-0.5030312538146973,-0.8642682433128357,0,0.8642682433128357,-0.5030312538146973,0,0,0,1],"scale":1.275200009346008,"type":"wca_rock8"}
{"pos":[-56.41569900512695,455.5119934082031,74.57730102539063],"rotationMatrix":[-0.5165853500366211,0.856235682964325,0,-0.856235682964325,-0.5165853500366211,0,0,0,1],"scale":1.578199982643127,"type":"wca_rock8"}
{"pos":[-51.33670043945313,458.2219848632813,74.44129943847656],"rotationMatrix":[-0.7484500408172607,0.6631911993026733,0,-0.6631911993026733,-0.7484500408172607,0,0,0,1],"scale":0.9896000027656555,"type":"wca_rock8"}
{"pos":[-17.79179954528809,466.3009948730469,86.50769805908203],"rotationMatrix":[0.6932988166809082,-0.7206502556800842,0,0.7206502556800842,0.6932988166809082,0,0,0,1],"scale":1.572199940681458,"type":"wca_rock8"}
{"pos":[-72.50360107421875,449.10400390625,76.66929626464844],"rotationMatrix":[0.9251940250396729,-0.3339334428310394,0.1802899539470673,0.3794944286346436,0.8141993284225464,-0.4393898546695709,-6.49851281195879e-05,0.4749398827552795,0.8800182342529297],"scale":1.319700002670288,"type":"wca_rock8"}
{"pos":[-101.4420013427734,437.4289855957031,77.04309844970703],"rotationMatrix":[-0.9629729986190796,-0.2695978581905365,0,0.2695978581905365,-0.9629729986190796,0,0,0,1],"scale":1.070099949836731,"type":"wca_rock8"}
{"pos":[1001.070007324219,-3.315500020980835,151.7539978027344],"rotationMatrix":[-0.6214402914047241,-0.7834615111351013,0,0.7834615111351013,-0.6214402914047241,0,0,0,1],"scale":1.039000034332275,"type":"wca_rock8"}
{"pos":[989.5360107421875,-239.1300048828125,149.5679931640625],"rotationMatrix":[0.9947571754455566,0.1022651568055153,0,-0.1022651568055153,0.9947571754455566,0,0,0,1],"scale":1.331900000572205,"type":"wca_rock8"}
{"pos":[996.5289916992188,-244.3930053710938,150.7550048828125],"rotationMatrix":[0.3199887275695801,0.9474213719367981,0,-0.9474213719367981,0.3199887275695801,0,0,0,1],"scale":1.542099952697754,"type":"wca_rock8"}
{"pos":[849.0789794921875,-670.541015625,171.2799987792969],"rotationMatrix":[0.9927759170532227,0.1199832409620285,0,-0.1199832409620285,0.9927759170532227,0,0,0,1],"scale":1.319499969482422,"type":"wca_rock8"}
{"pos":[834.1849975585938,-654.5910034179688,171.7980041503906],"rotationMatrix":[-0.9868217706680298,-0.1618109792470932,0,0.1618109792470932,-0.9868217706680298,0,0,0,1],"scale":0.9858999848365784,"type":"wca_rock8"}
{"pos":[750.458984375,-674.6110229492188,195.1060028076172],"rotationMatrix":[-0.9992002248764038,0.03998637944459915,0,-0.03998637944459915,-0.9992002248764038,0,0,0,1],"scale":1.245800018310547,"type":"wca_rock8"}
{"pos":[739.6539916992188,-521.0250244140625,174.9799957275391],"rotationMatrix":[-0.8072807788848877,0.5901675820350647,0,-0.5901675820350647,-0.8072807788848877,0,0,0,1],"scale":1.436200022697449,"type":"wca_rock8"}
{"pos":[741.9349975585938,-537.5050048828125,174.9140014648438],"rotationMatrix":[-0.5795754194259644,-0.814918577671051,0,0.814918577671051,-0.5795754194259644,0,0,0,1],"scale":1.194399952888489,"type":"wca_rock8"}
{"pos":[710.3359985351563,-540.6929931640625,179.6219940185547],"rotationMatrix":[0.7041656970977783,-0.7100356817245483,0,0.7100356817245483,0.7041656970977783,0,0,0,1],"scale":0.8765000104904175,"type":"wca_rock8"}
{"pos":[710.614990234375,-558.3099975585938,181.5379943847656],"rotationMatrix":[0.7441014051437378,0.668066680431366,0,-0.668066680431366,0.7441014051437378,0,0,0,1],"scale":1.195799946784973,"type":"wca_rock8"}
{"pos":[726.3049926757813,-581.2369995117188,182.1280059814453],"rotationMatrix":[-0.002244830131530762,0.9999974966049194,0,-0.9999974966049194,-0.002244830131530762,0,0,0,1],"scale":1.476999998092651,"type":"wca_rock8"}
{"pos":[714.3729858398438,-618.9030151367188,187.9640045166016],"rotationMatrix":[0.7739391326904297,0.6332600116729736,0,-0.6332600116729736,0.7739391326904297,0,0,0,1],"scale":1.453999996185303,"type":"wca_rock8"}
{"pos":[712.7670288085938,-604.6179809570313,186.4299926757813],"rotationMatrix":[-0.8389782905578613,0.5441648960113525,0,-0.5441648960113525,-0.8389782905578613,0,0,0,1],"scale":0.9674000144004822,"type":"wca_rock8"}
{"pos":[713.0180053710938,-590.9219970703125,184.8370056152344],"rotationMatrix":[0.3835059404373169,-0.9235383868217468,0,0.9235383868217468,0.3835059404373169,0,0,0,1],"scale":1.542099952697754,"type":"wca_rock8"}
{"pos":[727.0770263671875,-638.6649780273438,190.2330017089844],"rotationMatrix":[-0.9884167909622192,-0.1517637819051743,0,0.1517637819051743,-0.9884167909622192,0,0,0,1],"scale":0.8858000040054321,"type":"wca_rock8"}
{"pos":[745.7730102539063,-667.8920288085938,193.9810028076172],"rotationMatrix":[0.6782375574111938,0.7348427176475525,0,-0.7348427176475525,0.6782375574111938,0,0,0,1],"scale":1.536100029945374,"type":"wca_rock8"}
{"pos":[709.343994140625,-705.3060302734375,197.6519927978516],"rotationMatrix":[0.359061598777771,0.9333138465881348,0,-0.9333138465881348,0.359061598777771,0,0,0,1],"scale":1.48169994354248,"type":"wca_rock8"}
{"pos":[708.2630004882813,-709.7789916992188,197.6080017089844],"rotationMatrix":[0.5810214281082153,-0.8138882517814636,0,0.8138882517814636,0.5810214281082153,0,0,0,1],"scale":1.33840000629425,"type":"wca_rock8"}
{"pos":[504.1170043945313,-603.4000244140625,179.4010009765625],"rotationMatrix":[0.9894003868103027,-0.1452132016420364,0,0.1452132016420364,0.9894003868103027,0,0,0,1],"scale":0.9735999703407288,"type":"wca_rock8"}
{"pos":[528.344970703125,-599.1409912109375,180.6210021972656],"rotationMatrix":[-0.7469543218612671,-0.664875328540802,0,0.664875328540802,-0.7469543218612671,0,0,0,1],"scale":1.124600052833557,"type":"wca_rock8"}
{"pos":[526.218994140625,-592.8790283203125,179.7019958496094],"rotationMatrix":[-0.7849161624908447,0.6196019649505615,0,-0.6196019649505615,-0.7849161624908447,0,0,0,1],"scale":1.095199942588806,"type":"wca_rock8"}
{"pos":[521.9879760742188,-602.5919799804688,181.9389953613281],"rotationMatrix":[0.1266868114471436,0.9919427633285522,0,-0.9919427633285522,0.1266868114471436,0,0,0,1],"scale":1.05050003528595,"type":"wca_rock8"}
{"pos":[533.3259887695313,-593.5230102539063,179.0529937744141],"rotationMatrix":[0.7160434722900391,-0.6980556845664978,0,0.6980556845664978,0.7160434722900391,0,0,0,1],"scale":1.50220000743866,"type":"wca_rock8"}
{"pos":[533.6199951171875,-596.52197265625,179.5399932861328],"rotationMatrix":[0.1078190803527832,0.9941705465316772,0,-0.9941705465316772,0.1078190803527832,0,0,0,1],"scale":0.8526999950408936,"type":"wca_rock8"}
{"pos":[534.260009765625,-601.6240234375,180.1840057373047],"rotationMatrix":[0.8969420194625854,0.4421481788158417,0,-0.4421481788158417,0.8969420194625854,0,0,0,1],"scale":0.9204999804496765,"type":"wca_rock8"}
{"pos":[536.1300048828125,-602.0419921875,180.0800018310547],"rotationMatrix":[-0.622160792350769,-0.7828894853591919,0,0.7828894853591919,-0.622160792350769,0,0,0,1],"scale":0.9882000088691711,"type":"wca_rock8"}
{"pos":[528.7540283203125,-652.197998046875,186.8070068359375],"rotationMatrix":[-0.3234785795211792,0.9299117922782898,-0.175001859664917,-0.8179921507835388,-0.3677825927734375,-0.4422949552536011,-0.4756579399108887,7.719488348811865e-05,0.8796303272247314],"scale":0.9621000289916992,"type":"wca_rock8"}
{"pos":[527.1229858398438,-654.9940185546875,187.6369934082031],"rotationMatrix":[-0.5332660675048828,-0.7596990466117859,-0.3721352517604828,0.370753675699234,-0.6052905321121216,0.7043898701667786,-0.7603742480278015,0.2376567125320435,0.6044421195983887],"scale":0.8873999714851379,"type":"wca_rock8"}
{"pos":[520.2650146484375,-673.0159912109375,189.1490020751953],"rotationMatrix":[0.9962501525878906,0.08651955425739288,0,-0.08651955425739288,0.9962501525878906,0,0,0,1],"scale":1.242499947547913,"type":"wca_rock8"}
{"pos":[510.7070007324219,-685.051025390625,189.4010009765625],"rotationMatrix":[-0.4044879674911499,-0.9145433306694031,0,0.9145433306694031,-0.4044879674911499,0,0,0,1],"scale":1.503200054168701,"type":"wca_rock8"}
{"pos":[507.3900146484375,-681.7639770507813,186.47900390625],"rotationMatrix":[0.3848376274108887,-0.9229843020439148,0,0.9229843020439148,0.3848376274108887,0,0,0,1],"scale":1.444100022315979,"type":"wca_rock8"}
{"pos":[503.3770141601563,-693.7000122070313,190.0019989013672],"rotationMatrix":[-0.7955124378204346,-0.6059372425079346,0,0.6059372425079346,-0.7955124378204346,0,0,0,1],"scale":1.26639997959137,"type":"wca_rock8"}
{"pos":[505.1109924316406,-694.1199951171875,190.3370056152344],"rotationMatrix":[-0.03564834594726563,0.9993643760681152,0,-0.9993643760681152,-0.03564834594726563,0,0,0,1],"scale":0.9657999873161316,"type":"wca_rock8"}
{"pos":[625.531005859375,-997.72802734375,154.6320037841797],"rotationMatrix":[0.9996135234832764,-0.02779934741556644,0,0.02779934741556644,0.9996135234832764,0,0,0,1],"scale":0.9329000115394592,"type":"wca_rock8"}
{"pos":[385.1260070800781,-305.6510009765625,150.6649932861328],"rotationMatrix":[0.5745891332626343,0.8184419870376587,0,-0.8184419870376587,0.5745891332626343,0,0,0,1],"scale":0.9904999732971191,"type":"wca_rock8"}
{"pos":[361.1969909667969,-339.2300109863281,148.4830017089844],"rotationMatrix":[-0.9880179166793823,-0.1543392241001129,0,0.1543392241001129,-0.9880179166793823,0,0,0,1],"scale":1.406200051307678,"type":"wca_rock8"}
{"pos":[130.0079956054688,-463.5270080566406,130.7429962158203],"rotationMatrix":[-0.9984003305435181,-0.05654007568955421,0,0.05654007568955421,-0.9984003305435181,0,0,0,1],"scale":1.058799982070923,"type":"wca_rock8"}
{"pos":[488.4020080566406,-710.2139892578125,191.5549926757813],"rotationMatrix":[-0.02961242198944092,0.9995614290237427,0,-0.9995614290237427,-0.02961242198944092,0,0,0,1],"scale":0.9276000261306763,"type":"wca_rock8"}
{"pos":[493.7999877929688,-706.1669921875,191.6580047607422],"rotationMatrix":[-0.6583847999572754,0.7526814937591553,0,-0.7526814937591553,-0.6583847999572754,0,0,0,1],"scale":1.081500053405762,"type":"wca_rock8"}
{"pos":[479.989013671875,-716.4299926757813,191.1690063476563],"rotationMatrix":[0.466042160987854,-0.8847625255584717,0,0.8847625255584717,0.466042160987854,0,0,0,1],"scale":1.099300026893616,"type":"wca_rock8"}
{"pos":[452.2969970703125,-731.1929931640625,191.4470062255859],"rotationMatrix":[-0.9732898473739624,0.2295797765254974,0,-0.2295797765254974,-0.9732898473739624,0,0,0,1],"scale":1.327499985694885,"type":"wca_rock8"}
{"pos":[453.5339965820313,-733.7739868164063,193.35400390625],"rotationMatrix":[0.7167966365814209,-0.6972822546958923,0,0.6972822546958923,0.7167966365814209,0,0,0,1],"scale":0.9185000061988831,"type":"wca_rock8"}
{"pos":[467.1900024414063,-700.4580078125,187.2270050048828],"rotationMatrix":[0.6395995616912842,0.7687082886695862,0,-0.7687082886695862,0.6395995616912842,0,0,0,1],"scale":0.8039000034332275,"type":"wca_rock8"}
{"pos":[457.2369995117188,-707.2490234375,188.9510040283203],"rotationMatrix":[-0.3625702857971191,0.93195641040802,0,-0.93195641040802,-0.3625702857971191,0,0,0,1],"scale":0.9006000161170959,"type":"wca_rock8"}
{"pos":[446.9989929199219,-709.8909912109375,188.3829956054688],"rotationMatrix":[0.5597027540206909,-0.8286934494972229,0,0.8286934494972229,0.5597027540206909,0,0,0,1],"scale":0.8677999973297119,"type":"wca_rock8"}
{"pos":[473.9530029296875,-694.9869995117188,187.4600067138672],"rotationMatrix":[0.7312088012695313,0.6821537017822266,0,-0.6821537017822266,0.7312088012695313,0,0,0,1],"scale":0.9868999719619751,"type":"wca_rock8"}
{"pos":[463.7019958496094,-702.2890014648438,188.1589965820313],"rotationMatrix":[0.8984798192977905,-0.4390148222446442,0,0.4390148222446442,0.8984798192977905,0,0,0,1],"scale":1.090800046920776,"type":"wca_rock8"}
{"pos":[428.1239929199219,-723.4619750976563,190.0599975585938],"rotationMatrix":[0.9278759956359863,-0.3728888928890228,0,0.3728888928890228,0.9278759956359863,0,0,0,1],"scale":1.22599995136261,"type":"wca_rock8"}
{"pos":[423.5799865722656,-706.6610107421875,163.8110046386719],"rotationMatrix":[-0.157024621963501,0.9875946640968323,0,-0.9875946640968323,-0.157024621963501,0,0,0,1],"scale":1.3992999792099,"type":"wca_rock8"}
{"pos":[438.1860046386719,-899.4019775390625,148.7910003662109],"rotationMatrix":[-0.08958315849304199,0.995979368686676,0,-0.995979368686676,-0.08958315849304199,0,0,0,1],"scale":1.187399983406067,"type":"wca_rock8"}
{"pos":[437.6730041503906,-899.0919799804688,148.7149963378906],"rotationMatrix":[-0.8175617456436157,-0.575840950012207,0,0.575840950012207,-0.8175617456436157,0,0,0,1],"scale":1.376600027084351,"type":"wca_rock8"}
{"pos":[435.1759948730469,-900.489990234375,148.6739959716797],"rotationMatrix":[-0.7566877603530884,-0.6537764668464661,0,0.6537764668464661,-0.7566877603530884,0,0,0,1],"scale":0.9424999952316284,"type":"wca_rock8"}
{"pos":[427.3500061035156,-894.864990234375,149.2449951171875],"rotationMatrix":[-0.831315279006958,-0.5558011531829834,0,0.5558011531829834,-0.831315279006958,0,0,0,1],"scale":1.015499949455261,"type":"wca_rock8"}
{"pos":[442.1520080566406,-898.6790161132813,148.5780029296875],"rotationMatrix":[-0.2589670419692993,-0.9658861756324768,0,0.9658861756324768,-0.2589670419692993,0,0,0,1],"scale":1.578999996185303,"type":"wca_rock8"}
{"pos":[489.6669921875,-888.5230102539063,151.3459930419922],"rotationMatrix":[0.5351591110229492,-0.8447512984275818,0,0.8447512984275818,0.5351591110229492,0,0,0,1],"scale":0.9480000138282776,"type":"wca_rock8"}
{"pos":[487.1820068359375,-888.4609985351563,151.3999938964844],"rotationMatrix":[-0.9262919425964355,-0.3768066167831421,0,0.3768066167831421,-0.9262919425964355,0,0,0,1],"scale":0.947700023651123,"type":"wca_rock8"}
{"pos":[490.5199890136719,-881.9979858398438,152.2790069580078],"rotationMatrix":[-0.997600793838501,-0.06922901421785355,0,0.06922901421785355,-0.997600793838501,0,0,0,1],"scale":1.409500002861023,"type":"wca_rock8"}
{"pos":[215.5140075683594,-737.0980224609375,142.8970031738281],"rotationMatrix":[0.0417182445526123,-0.9991294145584106,0,0.9991294145584106,0.0417182445526123,0,0,0,1],"scale":1.442100048065186,"type":"wca_rock8"}
{"pos":[227.2680053710938,-727.927001953125,143.1690063476563],"rotationMatrix":[0.5536764860153198,0.8327318429946899,0,-0.8327318429946899,0.5536764860153198,0,0,0,1],"scale":1.138000011444092,"type":"wca_rock8"}
{"pos":[233.8789978027344,-724.8909912109375,143.4049987792969],"rotationMatrix":[0.4769401550292969,-0.8789357542991638,0,0.8789357542991638,0.4769401550292969,0,0,0,1],"scale":1.150799989700317,"type":"wca_rock8"}
{"pos":[197.7380065917969,-725.3159790039063,142.3240051269531],"rotationMatrix":[-0.9912096261978149,0.1323007047176361,0,-0.1323007047176361,-0.9912096261978149,0,0,0,1],"scale":0.859000027179718,"type":"wca_rock8"}
{"pos":[201.4429931640625,-814.947021484375,144.1959991455078],"rotationMatrix":[-0.9995999336242676,-0.02828378789126873,0,0.02828378789126873,-0.9995999336242676,0,0,0,1],"scale":2.38860011100769,"type":"wca_rock8"}
{"pos":[177.2369995117188,-794.1640014648438,143.7519989013672],"rotationMatrix":[-0.2580152750015259,0.9661408662796021,0,-0.9661408662796021,-0.2580152750015259,0,0,0,1],"scale":1.163800001144409,"type":"wca_rock8"}
{"pos":[177.9320068359375,-800.0590209960938,143.1009979248047],"rotationMatrix":[0.1833579540252686,0.9830462336540222,0,-0.9830462336540222,0.1833579540252686,0,0,0,1],"scale":1.230299949645996,"type":"wca_rock8"}
{"pos":[1004.969970703125,240.0890045166016,153.7550048828125],"rotationMatrix":[0.9987896680831909,0.04918535426259041,0,-0.04918535426259041,0.9987896680831909,0,0,0,1],"scale":1.412799954414368,"type":"wca_rock8"}
{"pos":[1014.22998046875,129.7010040283203,153.6670074462891],"rotationMatrix":[0.9754910469055176,-0.2200391292572021,0,0.2200391292572021,0.9754910469055176,0,0,0,1],"scale":1.215399980545044,"type":"wca_rock8"}
{"pos":[1001.380004882813,19.152099609375,151.9810028076172],"rotationMatrix":[-0.8389782905578613,-0.5441648960113525,0,0.5441648960113525,-0.8389782905578613,0,0,0,1],"scale":1.220600008964539,"type":"wca_rock8"}
{"pos":[955.489990234375,501.9190063476563,143.9360046386719],"rotationMatrix":[-0.5162370204925537,-0.8564457297325134,0,0.8564457297325134,-0.5162370204925537,0,0,0,1],"scale":1.396499991416931,"type":"wca_rock8"}
{"pos":[958.219970703125,565.1810302734375,144.02099609375],"rotationMatrix":[0.9314019680023193,0.3639922738075256,0,-0.3639922738075256,0.9314019680023193,0,0,0,1],"scale":1.582200050354004,"type":"wca_rock8"}
{"pos":[957.0800170898438,562.4420166015625,144.2270050048828],"rotationMatrix":[-0.8763718605041504,-0.4816350936889648,0,0.4816350936889648,-0.8763718605041504,0,0,0,1],"scale":0.9344000220298767,"type":"wca_rock8"}
{"pos":[944.7999877929688,484.6289978027344,144.593994140625],"rotationMatrix":[-0.5866929292678833,-0.8098095059394836,0,0.8098095059394836,-0.5866929292678833,0,0,0,1],"scale":1.342599987983704,"type":"wca_rock8"}
{"pos":[977.3629760742188,397.6990051269531,151.1799926757813],"rotationMatrix":[-0.3764722347259521,0.9264279007911682,0,-0.9264279007911682,-0.3764722347259521,0,0,0,1],"scale":1.023499965667725,"type":"wca_rock8"}
{"pos":[976.0689697265625,395.531005859375,149.447998046875],"rotationMatrix":[-0.8179432153701782,-0.5752989649772644,0,0.5752989649772644,-0.8179432153701782,0,0,0,1],"scale":1.525400042533875,"type":"wca_rock8"}
{"pos":[920.5800170898438,426.0329895019531,150.1260070800781],"rotationMatrix":[0.9364895820617676,0.35069540143013,0,-0.35069540143013,0.9364895820617676,0,0,0,1],"scale":1.009299993515015,"type":"wca_rock8"}
{"pos":[971.031005859375,79.79109954833984,151.0469970703125],"rotationMatrix":[0.2929016351699829,-0.9561426043510437,0,0.9561426043510437,0.2929016351699829,0,0,0,1],"scale":1.091099977493286,"type":"wca_rock8"}
{"pos":[966.4149780273438,79.74019622802734,151.0299987792969],"rotationMatrix":[-0.1178115606307983,-0.9930359721183777,0,0.9930359721183777,-0.1178115606307983,0,0,0,1],"scale":1.054100036621094,"type":"wca_rock8"}
{"pos":[971.1199951171875,90.23899841308594,151.281005859375],"rotationMatrix":[0.3028557300567627,-0.9530364274978638,0,0.9530364274978638,0.3028557300567627,0,0,0,1],"scale":1.51419997215271,"type":"wca_rock8"}
{"pos":[968.9940185546875,103.4749984741211,153.1159973144531],"rotationMatrix":[-0.9780604839324951,-0.2083211243152618,0,0.2083211243152618,-0.9780604839324951,0,0,0,1],"scale":1.493600010871887,"type":"wca_rock8"}
{"pos":[996.60498046875,23.99139976501465,149.6779937744141],"rotationMatrix":[0.6267520189285278,0.7792187929153442,0,-0.7792187929153442,0.6267520189285278,0,0,0,1],"scale":1.361700057983398,"type":"wca_rock8"}
{"pos":[136.9429931640625,597.2589721679688,85.07369995117188],"rotationMatrix":[-0.7488241195678711,0.6627687811851501,0,-0.6627687811851501,-0.7488241195678711,0,0,0,1],"scale":1.443099975585938,"type":"wca_rock8"}
{"pos":[144.4259948730469,606.989013671875,87.152099609375],"rotationMatrix":[-0.5207679271697998,-0.8536983132362366,0,0.8536983132362366,-0.5207679271697998,0,0,0,1],"scale":0.9065999984741211,"type":"wca_rock8"}
{"pos":[126.8170013427734,579.0789794921875,90.90480041503906],"rotationMatrix":[-0.6243228912353516,0.7811663746833801,0,-0.7811663746833801,-0.6243228912353516,0,0,0,1],"scale":0.8913999795913696,"type":"wca_rock8"}
{"pos":[126.3239974975586,569.5689697265625,93.52010345458984],"rotationMatrix":[0.8870924711227417,0.4615917503833771,0,-0.4615917503833771,0.8870924711227417,0,0,0,1],"scale":1.449000000953674,"type":"wca_rock8"}
{"pos":[125.3089981079102,573.6229858398438,92.19550323486328],"rotationMatrix":[0.4493799209594727,-0.8933407664299011,0,0.8933407664299011,0.4493799209594727,0,0,0,1],"scale":1.484099984169006,"type":"wca_rock8"}
{"pos":[117.2919998168945,583.0029907226563,81.05480194091797],"rotationMatrix":[0.4614856243133545,-0.8871476650238037,0,0.8871476650238037,0.4614856243133545,0,0,0,1],"scale":0.8809000253677368,"type":"wca_rock8"}
{"pos":[111.9779968261719,579.9130249023438,80.03189849853516],"rotationMatrix":[-0.6420342922210693,-0.7666759490966797,0,0.7666759490966797,-0.6420342922210693,0,0,0,1],"scale":0.9222000241279602,"type":"wca_rock8"}
{"pos":[105.193000793457,575.822998046875,79.10710144042969],"rotationMatrix":[0.8405004739761353,0.5418108105659485,0,-0.5418108105659485,0.8405004739761353,0,0,0,1],"scale":0.9542999863624573,"type":"wca_rock8"}
{"pos":[85.43399810791016,538.5490112304688,101.5910034179688],"rotationMatrix":[-0.160678505897522,0.9870067834854126,0,-0.9870067834854126,-0.160678505897522,0,0,0,1],"scale":1.049700021743774,"type":"wca_rock8"}
{"pos":[12.29489994049072,508.4200134277344,74.57099914550781],"rotationMatrix":[0.9906975030899048,-0.1360825449228287,0,0.1360825449228287,0.9906975030899048,0,0,0,1],"scale":1.198300004005432,"type":"wca_rock8"}
{"pos":[44.88510131835938,535.4229736328125,75.63629913330078],"rotationMatrix":[-0.5144959688186646,-0.8574928045272827,0,0.8574928045272827,-0.5144959688186646,0,0,0,1],"scale":1.46940004825592,"type":"wca_rock8"}
{"pos":[37.62979888916016,529.0609741210938,75.22810363769531],"rotationMatrix":[0.9800000190734863,0.1989973932504654,0,-0.1989973932504654,0.9800000190734863,0,0,0,1],"scale":0.9070000052452087,"type":"wca_rock8"}
{"pos":[32.6151008605957,512.4080200195313,86.96240234375],"rotationMatrix":[0.8391420841217041,-0.5439122915267944,0,0.5439122915267944,0.8391420841217041,0,0,0,1],"scale":1.386199951171875,"type":"wca_rock8"}
{"pos":[37.41299819946289,516.9539794921875,87.10279846191406],"rotationMatrix":[0.7921164035797119,-0.6103700399398804,0,0.6103700399398804,0.7921164035797119,0,0,0,1],"scale":1.466799974441528,"type":"wca_rock8"}
{"pos":[52.46149826049805,544.02001953125,74.66120147705078],"rotationMatrix":[0.7666188478469849,0.6421024203300476,0,-0.6421024203300476,0.7666188478469849,0,0,0,1],"scale":1.345499992370605,"type":"wca_rock8"}
{"pos":[60.68159866333008,548.6610107421875,74.97519683837891],"rotationMatrix":[-0.9282550811767578,-0.3719442188739777,0,0.3719442188739777,-0.9282550811767578,0,0,0,1],"scale":1.539700031280518,"type":"wca_rock8"}
{"pos":[40.51409912109375,502.5010070800781,100.8860015869141],"rotationMatrix":[0.5669918060302734,-0.8237234354019165,0,0.8237234354019165,0.5669918060302734,0,0,0,1],"scale":1.272300004959106,"type":"wca_rock8"}
{"pos":[25.69120025634766,503.3349914550781,87.29669952392578],"rotationMatrix":[-0.944786548614502,-0.3276863992214203,0,0.3276863992214203,-0.944786548614502,0,0,0,1],"scale":1.216699957847595,"type":"wca_rock8"}
{"pos":[14.59640026092529,481.3080139160156,101.9209976196289],"rotationMatrix":[0.1295919418334961,0.9915674328804016,0,-0.9915674328804016,0.1295919418334961,0,0,0,1],"scale":1.182999968528748,"type":"wca_rock8"}
{"pos":[850.6117553710938,-981.81494140625,170.91162109375],"rotationMatrix":[0.5332555770874023,0.8459541797637939,0,-0.8459541797637939,0.5332555770874023,0,0,0,1],"scale":1.245879054069519,"type":"wca_rock8"}
{"pos":[511.9790344238281,146.7728881835938,141.5537261962891],"rotationMatrix":[0.2093267440795898,-0.9778457283973694,0,0.9778457283973694,0.2093267440795898,0,0,0,1],"scale":1.020290613174438,"type":"wca_rock8"}
{"pos":[51.23161315917969,-997.8137817382813,133.162841796875],"rotationMatrix":[0.4204456508159637,-0.9073176980018616,0,0.9073176980018616,0.4204456508159637,0,0,0,1],"scale":1.580233335494995,"type":"wca_rock8"}
{"pos":[34.45792770385742,-1000.315490722656,136.1191711425781],"rotationMatrix":[-0.5876318216323853,0.8091286420822144,0,-0.8091286420822144,-0.5876318216323853,0,0,0,1],"scale":2.43242621421814,"type":"wca_rock8"}
{"pos":[53.9574089050293,-977.68408203125,127.5049591064453],"rotationMatrix":[0.1264716237783432,-0.9919702410697937,0,0.9919702410697937,0.1264716237783432,0,0,0,1],"scale":1.226636171340942,"type":"wca_rock8"}
{"pos":[66.68000793457031,-977.4744262695313,126.8880615234375],"rotationMatrix":[0.9702591896057129,0.2420684397220612,0,-0.2420684397220612,0.9702591896057129,0,0,0,1],"scale":0.9919590353965759,"type":"wca_rock8"}
{"pos":[92.67369842529297,-976.1104125976563,126.9030380249023],"rotationMatrix":[-0.9499215483665466,0.312488466501236,0,-0.312488466501236,-0.9499215483665466,0,0,0,1],"scale":1.237823724746704,"type":"wca_rock8"}
{"pos":[-2.172443866729736,-987.2235107421875,129.0613098144531],"rotationMatrix":[-0.4704190790653229,0.8824431300163269,0,-0.8824431300163269,-0.4704190790653229,0,0,0,1],"scale":1.162376999855042,"type":"wca_rock8"}
{"pos":[-18.92158699035645,-971.55908203125,127.8203582763672],"rotationMatrix":[0.8757892847061157,0.482693612575531,0,-0.482693612575531,0.8757892847061157,0,0,0,1],"scale":0.9588097333908081,"type":"wca_rock8"}
{"pos":[-241.3494262695313,-575.455322265625,112.0249252319336],"rotationMatrix":[-0.1419926434755325,0.9898676872253418,0,-0.9898676872253418,-0.1419926434755325,0,0,0,1],"scale":1.190051555633545,"type":"wca_rock8"}
{"pos":[-156.3742065429688,-684.9004516601563,116.2126998901367],"rotationMatrix":[-0.9967353343963623,0.08073815703392029,0,-0.08073815703392029,-0.9967353343963623,0,0,0,1],"scale":1.279771566390991,"type":"wca_rock8"}
{"pos":[101.483642578125,-977.50390625,125.7863540649414],"rotationMatrix":[0.1745231151580811,-0.9846528768539429,0,0.9846528768539429,0.1745231151580811,0,0,0,1],"scale":1.452785968780518,"type":"wca_rock8"}
{"pos":[38.87709426879883,-980.7177124023438,127.5655822753906],"rotationMatrix":[-0.1683269590139389,-0.9857312440872192,0,0.9857312440872192,-0.1683269590139389,0,0,0,1],"scale":0.8560567498207092,"type":"wca_rock8"}
{"pos":[-27.75889205932617,-998.3482666015625,129.8637237548828],"rotationMatrix":[0.8277413845062256,-0.5611101388931274,0,0.5611101388931274,0.8277413845062256,0,0,0,1],"scale":1.475986003875732,"type":"wca_rock8"}
{"pos":[-8.667407989501953,-997.4091796875,129.2726440429688],"rotationMatrix":[-0.9999218583106995,-0.01250035036355257,0,0.01250035036355257,-0.9999218583106995,0,0,0,1],"scale":0.9087150096893311,"type":"wca_rock8"}
{"pos":[-250.8052368164063,-912.7545776367188,134.2268218994141],"rotationMatrix":[-0.9251636862754822,0.3795684278011322,0,-0.3795684278011322,-0.9251636862754822,0,0,0,1],"scale":1.407873392105103,"type":"wca_rock8"}
{"pos":[-266.15673828125,-903.4144287109375,134.4099884033203],"rotationMatrix":[0.8067342042922974,0.5909144878387451,0,-0.5909144878387451,0.8067342042922974,0,0,0,1],"scale":1.112283945083618,"type":"wca_rock8"}
{"pos":[-252.4548797607422,-911.63525390625,134.3472595214844],"rotationMatrix":[-0.2010563164949417,-0.9795796871185303,0,0.9795796871185303,-0.2010563164949417,0,0,0,1],"scale":1.088657379150391,"type":"wca_rock8"}
{"pos":[-284.3654174804688,-892.5584716796875,134.6581878662109],"rotationMatrix":[-0.9074069857597351,-0.4202529489994049,0,0.4202529489994049,-0.9074069857597351,0,0,0,1],"scale":0.8105347156524658,"type":"wca_rock8"}
{"pos":[-208.7770843505859,-939.5431518554688,135.5538330078125],"rotationMatrix":[-0.2304622977972031,-0.6936032772064209,0.6824970245361328,0.9489861130714417,-0.3153178095817566,0,0.2152035534381866,0.6476802825927734,0.730888843536377],"scale":1.090958595275879,"type":"wca_rock8"}
{"pos":[-193.3541564941406,-945.5956420898438,134.0540313720703],"rotationMatrix":[-0.6117219924926758,0.7910728454589844,0,-0.7910728454589844,-0.6117219924926758,0,0,0,1],"scale":0.9632983207702637,"type":"wca_rock8"}
{"pos":[-199.3529052734375,-942.9588623046875,134.0736846923828],"rotationMatrix":[0.5700585842132568,-0.8216040134429932,0,0.7538171410560608,0.5230256319046021,-0.397748202085495,0.3267915844917297,0.2267397940158844,0.917494535446167],"scale":1.413102388381958,"type":"wca_rock8"}
{"pos":[-379.4252319335938,-879.4373168945313,136.8126831054688],"rotationMatrix":[0.0696035772562027,-0.9975747466087341,0,0.9975747466087341,0.0696035772562027,0,0,0,1],"scale":0.8817667961120605,"type":"wca_rock8"}
{"pos":[-382.7022094726563,-891.5235595703125,137.5638122558594],"rotationMatrix":[0.8732224106788635,0.4873212575912476,0,-0.4873212575912476,0.8732224106788635,0,0,0,1],"scale":1.089345812797546,"type":"wca_rock8"}
{"pos":[-394.4849853515625,-908.51220703125,138.9497985839844],"rotationMatrix":[0.7222748994827271,0.6916061043739319,0,-0.6916061043739319,0.7222748994827271,0,0,0,1],"scale":1.219603896141052,"type":"wca_rock8"}
{"pos":[-386.5596923828125,-946.7988891601563,142.2274017333984],"rotationMatrix":[-0.3306550085544586,-0.9437516927719116,0,0.9437516927719116,-0.3306550085544586,0,0,0,1],"scale":0.9130171537399292,"type":"wca_rock8"}
{"pos":[-380.0169372558594,-910.091064453125,138.31591796875],"rotationMatrix":[0.1278897672891617,0.9917880892753601,0,-0.9917880892753601,0.1278897672891617,0,0,0,1],"scale":1.060667514801025,"type":"wca_rock8"}
{"pos":[-339.5187377929688,-804.4254760742188,137.4089813232422],"rotationMatrix":[0.9990659952163696,0.0432097502052784,0,-0.0432097502052784,0.9990659952163696,0,0,0,1],"scale":0.883226215839386,"type":"wca_rock8"}
{"pos":[-406.9363708496094,-800.2252197265625,140.0243225097656],"rotationMatrix":[-0.7887660264968872,0.6146935820579529,0,-0.5014046430587769,-0.6433952450752258,0.5784773826599121,0.3555863499641418,0.456283301115036,0.815698504447937],"scale":0.9644514918327332,"type":"wca_rock8"}
{"pos":[-408.6912231445313,-800.5166015625,140.7482604980469],"rotationMatrix":[0.3689032793045044,0.5613312125205994,-0.7408222556114197,-0.6272947192192078,0.7385057210922241,0.2472051829099655,0.6858653426170349,0.3735193610191345,0.6245574355125427],"scale":1.547441482543945,"type":"wca_rock8"}
{"pos":[-156.6465606689453,-961.512451171875,133.1290588378906],"rotationMatrix":[0.8791452646255493,0.4765538275241852,0,-0.4765538275241852,0.8791452646255493,0,0,0,1],"scale":0.8121556043624878,"type":"wca_rock8"}
{"pos":[-69.90925598144531,-932.468017578125,131.9037628173828],"rotationMatrix":[0.8776639699935913,0.4792763888835907,0,-0.4792763888835907,0.8776639699935913,0,0,0,1],"scale":1.442635059356689,"type":"wca_rock8"}
{"pos":[-68.24686431884766,-927.4672241210938,131.9471282958984],"rotationMatrix":[0.9051299095153809,0.4251368939876556,0,-0.4251368939876556,0.9051299095153809,0,0,0,1],"scale":1.490582466125488,"type":"wca_rock8"}
{"pos":[-67.42035675048828,-925.488525390625,132.1830444335938],"rotationMatrix":[0.9681192636489868,0.2504897117614746,0,-0.2504897117614746,0.9681192636489868,0,0,0,1],"scale":1.175482988357544,"type":"wca_rock8"}
{"pos":[-429.6780395507813,-778.9397583007813,139.66064453125],"rotationMatrix":[0.2736637890338898,-0.961825430393219,0,0.961825430393219,0.2736637890338898,0,0,0,1],"scale":1.385896444320679,"type":"wca_rock8"}
{"pos":[-762.8773193359375,-848.3701782226563,124.8469619750977],"rotationMatrix":[-0.9958715438842773,0.09077347815036774,0,-0.09077347815036774,-0.9958715438842773,0,0,0,1],"scale":1.179144263267517,"type":"wca_rock8"}
{"pos":[-747.4519653320313,-844.9681396484375,126.1094818115234],"rotationMatrix":[-0.9996753334999084,0.02548069879412651,0,-0.02548069879412651,-0.9996753334999084,0,0,0,1],"scale":0.8335009813308716,"type":"wca_rock8"}
{"pos":[-898.2997436523438,-936.9395141601563,133.8761444091797],"rotationMatrix":[-0.7652167081832886,-0.6437727808952332,0,0.6437727808952332,-0.7652167081832886,0,0,0,1],"scale":0.9513777494430542,"type":"wca_rock8"}
{"pos":[-942.3623657226563,-985.708251953125,138.9432220458984],"rotationMatrix":[0.96254962682724,-0.2711074948310852,0,0.2568379640579224,0.9118865728378296,-0.320152223110199,0.08679565787315369,0.3081623911857605,0.9473658800125122],"scale":1.398688793182373,"type":"wca_rock8"}
{"pos":[-899.195556640625,-979.9382934570313,142.9989624023438],"rotationMatrix":[-0.9020233154296875,0.4316873550415039,0,-0.4316873550415039,-0.9020233154296875,0,0,0,1],"scale":0.8234794139862061,"type":"wca_rock8"}
{"pos":[-839.6586303710938,-954.4338989257813,150.8284301757813],"rotationMatrix":[0.921431839466095,0.388539582490921,0,-0.3854840695858002,0.914185643196106,-0.1251643598079681,-0.04863131418824196,0.1153304427862167,0.9921360015869141],"scale":0.8567753434181213,"type":"wca_rock8"}
{"pos":[-826.2455444335938,-947.3617553710938,152.9447784423828],"rotationMatrix":[0.3378246426582336,-0.941209077835083,0,0.941209077835083,0.3378246426582336,0,0,0,1],"scale":0.9512218236923218,"type":"wca_rock8"}
{"pos":[-792.6751708984375,-929.7351684570313,159.5724182128906],"rotationMatrix":[0.8866137266159058,-0.4625106751918793,0,0.4625106751918793,0.8866137266159058,0,0,0,1],"scale":0.9601629972457886,"type":"wca_rock8"}
{"pos":[-721.5533447265625,-936.7637329101563,164.0274353027344],"rotationMatrix":[0.2985873818397522,0.9543823003768921,0,-0.9543823003768921,0.2985873818397522,0,0,0,1],"scale":0.8059254288673401,"type":"wca_rock8"}
{"pos":[-676.08251953125,-945.7056884765625,164.6557464599609],"rotationMatrix":[-0.4512094557285309,0.8924179673194885,0,-0.8924179673194885,-0.4512094557285309,0,0,0,1],"scale":1.233797669410706,"type":"wca_rock8"}
{"pos":[-682.3731689453125,-958.6964721679688,166.9901123046875],"rotationMatrix":[-0.7239763736724854,0.6898247599601746,0,-0.6898247599601746,-0.7239763736724854,0,0,0,1],"scale":0.8620443940162659,"type":"wca_rock8"}
