{"pos":[-749.114990234375,-285.7890014648438,100.6959991455078],"rotationMatrix":[0.6716258525848389,0.7408905029296875,0,-0.7408905029296875,0.6716258525848389,0,0,0,1],"scale":1.290500044822693,"type":"wca_rock1"}
{"pos":[-725.572998046875,-314.8989868164063,103.1470031738281],"rotationMatrix":[-0.225238561630249,-0.974303662776947,0,0.974303662776947,-0.225238561630249,0,0,0,1],"scale":0.830299973487854,"type":"wca_rock1"}
{"pos":[-762.5180053710938,-340.0130004882813,101.7990036010742],"rotationMatrix":[-0.9145331382751465,-0.4045109748840332,0,0.4045109748840332,-0.9145331382751465,0,0,0,1],"scale":1.067000031471252,"type":"wca_rock1"}
{"pos":[-951.1160278320313,-274.0230102539063,101.4079971313477],"rotationMatrix":[-0.787940502166748,-0.6157513856887817,0,0.6157513856887817,-0.787940502166748,0,0,0,1],"scale":0.9413999915122986,"type":"wca_rock1"}
{"pos":[-535.6259765625,-647.8980102539063,164.3860015869141],"rotationMatrix":[0.7888799905776978,-0.6145472526550293,0,0.6145472526550293,0.7888799905776978,0,0,0,1],"scale":0.6668000221252441,"type":"wca_rock1"}
{"pos":[-521.0280151367188,-653.0390014648438,162.3710021972656],"rotationMatrix":[-0.9836335182189941,0.1801807433366776,0,-0.1801807433366776,-0.9836335182189941,0,0,0,1],"scale":0.8093000054359436,"type":"wca_rock1"}
{"pos":[-551.833984375,-743.5380249023438,136.5579986572266],"rotationMatrix":[0.7690719366073608,-0.6391622424125671,0,0.6391622424125671,0.7690719366073608,0,0,0,1],"scale":1.166599988937378,"type":"wca_rock1"}
{"pos":[-578.5159912109375,-751.5490112304688,134.9759979248047],"rotationMatrix":[-0.878697395324707,-0.47737917304039,0,0.47737917304039,-0.878697395324707,0,0,0,1],"scale":0.8411999940872192,"type":"wca_rock1"}
{"pos":[-748.1749877929688,-820.5260009765625,124.7030029296875],"rotationMatrix":[0.8903007507324219,-0.4553730189800262,0,0.4553730189800262,0.8903007507324219,0,0,0,1],"scale":0.8691999912261963,"type":"wca_rock1"}
{"pos":[-740.9630126953125,-816.5789794921875,125.5130004882813],"rotationMatrix":[0.7818038463592529,-0.6235244274139404,0,0.6235244274139404,0.7818038463592529,0,0,0,1],"scale":1.058799982070923,"type":"wca_rock1"}
{"pos":[-812.3870239257813,-819.8909912109375,118.1869964599609],"rotationMatrix":[-0.787940502166748,-0.6157513856887817,0,0.6157513856887817,-0.787940502166748,0,0,0,1],"scale":1.003499984741211,"type":"wca_rock1"}
{"pos":[-778.0560302734375,-826.875,121.8339996337891],"rotationMatrix":[-0.9800499677658081,-0.1987512558698654,0,0.1987512558698654,-0.9800499677658081,0,0,0,1],"scale":0.9707000255584717,"type":"wca_rock1"}
{"pos":[-763.0560302734375,-824.5230102539063,123.7030029296875],"rotationMatrix":[0.7423815727233887,0.6699773073196411,0,-0.6699773073196411,0.7423815727233887,0,0,0,1],"scale":0.8065000176429749,"type":"wca_rock1"}
{"pos":[-12.50450038909912,483.4289855957031,74.41629791259766],"rotationMatrix":[-0.9310053586959839,-0.3650055229663849,0,0.3650055229663849,-0.9310053586959839,0,0,0,1],"scale":1.485299944877625,"type":"wca_rock1"}
{"pos":[-45.37009811401367,461.4649963378906,74.40589904785156],"rotationMatrix":[0.4396830797195435,-0.8981530070304871,0,0.8981530070304871,0.4396830797195435,0,0,0,1],"scale":0.8880000114440918,"type":"wca_rock1"}
{"pos":[-94.69000244140625,419.8099975585938,86.20919799804688],"rotationMatrix":[-0.6090997457504272,0.6811020374298096,-0.4063219428062439,-0.7362955808639526,-0.6760194301605225,-0.02943660691380501,-0.2947308719158173,0.281243234872818,0.9132556915283203],"scale":1.319900035858154,"type":"wca_rock1"}
{"pos":[-97.78359985351563,412.2760009765625,87.05770111083984],"rotationMatrix":[0.9989420175552368,0.04598744958639145,0,-0.04598744958639145,0.9989420175552368,0,0,0,1],"scale":1.117799997329712,"type":"wca_rock1"}
{"pos":[963.0029907226563,-32.2859992980957,148.3110046386719],"rotationMatrix":[0.184380054473877,0.9828550219535828,0,-0.9828550219535828,0.184380054473877,0,0,0,1],"scale":1.382799983024597,"type":"wca_rock1"}
{"pos":[961.0349731445313,-34.28839874267578,148.3690032958984],"rotationMatrix":[-0.3369395732879639,-0.9415262937545776,0,0.9415262937545776,-0.3369395732879639,0,0,0,1],"scale":1.063400030136108,"type":"wca_rock1"}
{"pos":[952.0869750976563,-36.03979873657227,149.0420074462891],"rotationMatrix":[-0.4344791173934937,-0.9006819128990173,0,0.9006819128990173,-0.4344791173934937,0,0,0,1],"scale":1.206900000572205,"type":"wca_rock1"}
{"pos":[992.0230102539063,-247.4329986572266,149.4120025634766],"rotationMatrix":[0.9757119417190552,-0.2190575450658798,0,0.2190575450658798,0.9757119417190552,0,0,0,1],"scale":1.513800024986267,"type":"wca_rock1"}
{"pos":[992.1099853515625,-236.8480072021484,150.8079986572266],"rotationMatrix":[-0.3307329416275024,0.9437243938446045,0,-0.9437243938446045,-0.3307329416275024,0,0,0,1],"scale":0.8037999868392944,"type":"wca_rock1"}
{"pos":[996.1240234375,-248.5480041503906,150.7059936523438],"rotationMatrix":[-0.9542645215988159,0.2989635765552521,0,-0.2989635765552521,-0.9542645215988159,0,0,0,1],"scale":1.553699970245361,"type":"wca_rock1"}
{"pos":[934.7999877929688,-262.0159912109375,152.9380035400391],"rotationMatrix":[0.992509126663208,0.1221705079078674,0,-0.1221705079078674,0.992509126663208,0,0,0,1],"scale":1.571900010108948,"type":"wca_rock1"}
{"pos":[992.197021484375,-723.760009765625,166.3829956054688],"rotationMatrix":[-0.8069005012512207,-0.5906873941421509,0,0.5906873941421509,-0.8069005012512207,0,0,0,1],"scale":0.8475000262260437,"type":"wca_rock1"}
{"pos":[859.6370239257813,-677.3179931640625,169.2019958496094],"rotationMatrix":[0.1327555179595947,-0.991148829460144,0,0.991148829460144,0.1327555179595947,0,0,0,1],"scale":1.207399964332581,"type":"wca_rock1"}
{"pos":[921.6370239257813,-948.6300048828125,167.6829986572266],"rotationMatrix":[0.00341033935546875,0.999994158744812,0,-0.999994158744812,0.00341033935546875,0,0,0,1],"scale":1.379899978637695,"type":"wca_rock1"}
{"pos":[731.427001953125,-536.85400390625,177.2700042724609],"rotationMatrix":[-0.7491979598999023,0.6623461246490479,0,-0.6623461246490479,-0.7491979598999023,0,0,0,1],"scale":0.8349000215530396,"type":"wca_rock1"}
{"pos":[708.8369750976563,-559.0059814453125,181.8029937744141],"rotationMatrix":[0.1237767934799194,-0.992310106754303,0,0.992310106754303,0.1237767934799194,0,0,0,1],"scale":1.231299996376038,"type":"wca_rock1"}
{"pos":[708.2650146484375,-606.1630249023438,188.6790008544922],"rotationMatrix":[-0.5186538696289063,-0.8118511438369751,0.2681340277194977,0.7211698293685913,-0.5838644504547119,-0.3728489577770233,0.4592517912387848,-9.367968232254498e-06,0.8883061408996582],"scale":1.105100035667419,"type":"wca_rock1"}
{"pos":[712.9210205078125,-602.6829833984375,186.0269927978516],"rotationMatrix":[-0.9852273464202881,-0.171251505613327,0,0.171251505613327,-0.9852273464202881,0,0,0,1],"scale":0.8801000118255615,"type":"wca_rock1"}
{"pos":[741.7949829101563,-661.7739868164063,193.6820068359375],"rotationMatrix":[0.9801198244094849,-0.1984064728021622,0,0.1984064728021622,0.9801198244094849,0,0,0,1],"scale":1.264600038528442,"type":"wca_rock1"}
{"pos":[704.4420166015625,-705.8369750976563,197.5410003662109],"rotationMatrix":[-0.03190970420837402,0.9994907379150391,0,-0.9994907379150391,-0.03190970420837402,0,0,0,1],"scale":1.024099946022034,"type":"wca_rock1"}
{"pos":[692.4539794921875,-706.43701171875,198.3090057373047],"rotationMatrix":[-0.2143052816390991,-0.9767667055130005,0,0.9767667055130005,-0.2143052816390991,0,0,0,1],"scale":1.092499971389771,"type":"wca_rock1"}
{"pos":[719.447021484375,-708.5360107421875,197.2319946289063],"rotationMatrix":[0.03116798400878906,-0.9995141625404358,0,0.9995141625404358,0.03116798400878906,0,0,0,1],"scale":1.438599944114685,"type":"wca_rock1"}
{"pos":[747.833984375,-691.7769775390625,196.4450073242188],"rotationMatrix":[0.8913288116455078,0.4533574283123016,0,-0.4533574283123016,0.8913288116455078,0,0,0,1],"scale":0.8205000162124634,"type":"wca_rock1"}
{"pos":[666.7169799804688,-704.7540283203125,199.5390014648438],"rotationMatrix":[0.4275499582290649,0.90399169921875,0,-0.90399169921875,0.4275499582290649,0,0,0,1],"scale":1.501500010490417,"type":"wca_rock1"}
{"pos":[564.5380249023438,-610.9849853515625,189.7149963378906],"rotationMatrix":[-0.7517088651657104,-0.350217193365097,-0.5588216781616211,0.2810801565647125,-0.9366685152053833,0.2089163362979889,-0.5965967774391174,-2.94365563604515e-05,0.8025411367416382],"scale":1.534299969673157,"type":"wca_rock1"}
{"pos":[504.343994140625,-608.0590209960938,179.8560028076172],"rotationMatrix":[-0.6340705156326294,-0.7732752561569214,0,0.7732752561569214,-0.6340705156326294,0,0,0,1],"scale":1.057800054550171,"type":"wca_rock1"}
{"pos":[509.0750122070313,-593.72802734375,179.2230072021484],"rotationMatrix":[-0.4740445613861084,-0.880500853061676,0,0.880500853061676,-0.4740445613861084,0,0,0,1],"scale":1.11899995803833,"type":"wca_rock1"}
{"pos":[552.322021484375,-611.6160278320313,184.5740051269531],"rotationMatrix":[0.9908334016799927,0.1350894868373871,0,-0.1350894868373871,0.9908334016799927,0,0,0,1],"scale":0.9180999994277954,"type":"wca_rock1"}
{"pos":[552.3939819335938,-592.0380249023438,182.156005859375],"rotationMatrix":[-0.7593128681182861,-0.6507257223129272,0,0.6507257223129272,-0.7593128681182861,0,0,0,1],"scale":1.455299973487854,"type":"wca_rock1"}
{"pos":[521.9099731445313,-618.7919921875,182.3529968261719],"rotationMatrix":[-0.9621803760528564,-0.2724131345748901,0,0.2724131345748901,-0.9621803760528564,0,0,0,1],"scale":1.050600051879883,"type":"wca_rock1"}
{"pos":[517.0919799804688,-611.1630249023438,183.5509948730469],"rotationMatrix":[0.5958995819091797,0.8030589818954468,0,-0.8030589818954468,0.5958995819091797,0,0,0,1],"scale":1.150799989700317,"type":"wca_rock1"}
{"pos":[532.4520263671875,-608.5679931640625,180.6880035400391],"rotationMatrix":[0.01101958751678467,0.9999392628669739,0,-0.9999392628669739,0.01101958751678467,0,0,0,1],"scale":0.8162999749183655,"type":"wca_rock1"}
{"pos":[508.2879943847656,-588.0780029296875,177.2960052490234],"rotationMatrix":[-0.7365025281906128,-0.6764348149299622,0,0.6764348149299622,-0.7365025281906128,0,0,0,1],"scale":1.124600052833557,"type":"wca_rock1"}
{"pos":[505.197998046875,-591.4710083007813,177.2109985351563],"rotationMatrix":[0.06920623779296875,0.9976024031639099,0,-0.9976024031639099,0.06920623779296875,0,0,0,1],"scale":1.468000054359436,"type":"wca_rock1"}
{"pos":[526,-666.510009765625,189.3730010986328],"rotationMatrix":[-0.1035037040710449,0.9946290850639343,0,-0.9946290850639343,-0.1035037040710449,0,0,0,1],"scale":0.8027999997138977,"type":"wca_rock1"}
{"pos":[520.3930053710938,-671.2520141601563,188.8930053710938],"rotationMatrix":[-0.9784582853317261,-0.2064446210861206,0,0.2064446210861206,-0.9784582853317261,0,0,0,1],"scale":1.090100049972534,"type":"wca_rock1"}
{"pos":[510.9240112304688,-679.791015625,187.0579986572266],"rotationMatrix":[0.2351629734039307,-0.9719559550285339,0,0.9719559550285339,0.2351629734039307,0,0,0,1],"scale":1.473700046539307,"type":"wca_rock1"}
{"pos":[512.3629760742188,-680.1099853515625,188.4579925537109],"rotationMatrix":[-0.8069005012512207,0.5906873941421509,0,-0.5906873941421509,-0.8069005012512207,0,0,0,1],"scale":1.220100045204163,"type":"wca_rock1"}
{"pos":[602.1829833984375,-999.708984375,153.6300048828125],"rotationMatrix":[-0.04574728012084961,-0.9989530444145203,0,0.9989530444145203,-0.04574728012084961,0,0,0,1],"scale":1.252599954605103,"type":"wca_rock1"}
{"pos":[617.8259887695313,-998.8610229492188,153.8930053710938],"rotationMatrix":[0.7884899377822876,0.6150476336479187,0,-0.6150476336479187,0.7884899377822876,0,0,0,1],"scale":0.9736999869346619,"type":"wca_rock1"}
{"pos":[482.7130126953125,-602.0780029296875,175.9510040283203],"rotationMatrix":[-0.9992002248764038,-0.03998637944459915,0,0.03998637944459915,-0.9992002248764038,0,0,0,1],"scale":1.575000047683716,"type":"wca_rock1"}
{"pos":[490.7869873046875,-702.301025390625,188.447998046875],"rotationMatrix":[0.8355827331542969,-0.191200464963913,0.5150183439254761,0.439643919467926,0.7948745489120483,-0.4181957542896271,-0.3294157385826111,0.5758618116378784,0.7482435703277588],"scale":1.108199954032898,"type":"wca_rock1"}
{"pos":[480.6969909667969,-718.6599731445313,191.5839996337891],"rotationMatrix":[0.4345901012420654,0.900628387928009,0,-0.900628387928009,0.4345901012420654,0,0,0,1],"scale":1.148699998855591,"type":"wca_rock1"}
{"pos":[473.0979919433594,-719.4089965820313,190.9799957275391],"rotationMatrix":[-0.6788448095321655,-0.7342817783355713,0,0.7342817783355713,-0.6788448095321655,0,0,0,1],"scale":0.8251000046730042,"type":"wca_rock1"}
{"pos":[459.7460021972656,-725.8729858398438,190.8150024414063],"rotationMatrix":[0.8195525407791138,0.08887478709220886,-0.5660697221755981,-0.5728996396064758,0.1459481716156006,-0.8065266013145447,0.01093695871531963,0.9852920174598694,0.1705285310745239],"scale":1.599400043487549,"type":"wca_rock1"}
{"pos":[455.6419982910156,-705.875,188.3899993896484],"rotationMatrix":[0.9893127679824829,-0.1458089351654053,0,0.1458089351654053,0.9893127679824829,0,0,0,1],"scale":1.387400031089783,"type":"wca_rock1"}
{"pos":[442.9469909667969,-713.7559814453125,187.4750061035156],"rotationMatrix":[-0.9804481267929077,0.1967777162790298,0,-0.1967777162790298,-0.9804481267929077,0,0,0,1],"scale":0.8108999729156494,"type":"wca_rock1"}
{"pos":[436.1109924316406,-717.9879760742188,189.2100067138672],"rotationMatrix":[0.8474271297454834,0.5309117436408997,0,-0.5309117436408997,0.8474271297454834,0,0,0,1],"scale":1.315500020980835,"type":"wca_rock1"}
{"pos":[425.2279968261719,-727.4580078125,190.7369995117188],"rotationMatrix":[0.6547195911407471,-0.7558718323707581,0,0.7558718323707581,0.6547195911407471,0,0,0,1],"scale":0.9661999940872192,"type":"wca_rock1"}
{"pos":[429.6289978027344,-702.8140258789063,164.6410064697266],"rotationMatrix":[0.514493465423584,-0.8574942946434021,0,0.8574942946434021,0.514493465423584,0,0,0,1],"scale":1.454399943351746,"type":"wca_rock1"}
{"pos":[461.0610046386719,-894.6170043945313,149.7870025634766],"rotationMatrix":[-0.9848289489746094,-0.1735279262065887,0,0.1735279262065887,-0.9848289489746094,0,0,0,1],"scale":0.9544000029563904,"type":"wca_rock1"}
{"pos":[193.9080047607422,-815.9810180664063,143.427001953125],"rotationMatrix":[0.2940903902053833,0.9557775855064392,0,-0.9557775855064392,0.2940903902053833,0,0,0,1],"scale":2.310699939727783,"type":"wca_rock1"}
{"pos":[1000.419982910156,275.1109924316406,153.2519989013672],"rotationMatrix":[-0.9705096483230591,-0.2410622835159302,0,0.2410622835159302,-0.9705096483230591,0,0,0,1],"scale":0.996999979019165,"type":"wca_rock1"}
{"pos":[1009.77001953125,258.5549926757813,156.0370025634766],"rotationMatrix":[-0.6489279270172119,0.7608498930931091,0,-0.7608498930931091,-0.6489279270172119,0,0,0,1],"scale":1.217200040817261,"type":"wca_rock1"}
{"pos":[1005.200012207031,235.0099945068359,153.5559997558594],"rotationMatrix":[-0.936118483543396,-0.3516847789287567,0,0.3516847789287567,-0.936118483543396,0,0,0,1],"scale":1.336599946022034,"type":"wca_rock1"}
{"pos":[1006.309997558594,195.4080047607422,153.1569976806641],"rotationMatrix":[-0.5834881067276001,0.8121216893196106,0,-0.8121216893196106,-0.5834881067276001,0,0,0,1],"scale":1.495499968528748,"type":"wca_rock1"}
{"pos":[1008.77001953125,183.9089965820313,153.2109985351563],"rotationMatrix":[0.2222460508346558,-0.9749906063079834,0,0.9749906063079834,0.2222460508346558,0,0,0,1],"scale":0.838699996471405,"type":"wca_rock1"}
{"pos":[1000.390014648438,14.94999980926514,151.3379974365234],"rotationMatrix":[-0.8382114171981812,0.5453454256057739,0,-0.5453454256057739,-0.8382114171981812,0,0,0,1],"scale":1.367400050163269,"type":"wca_rock1"}
{"pos":[963.0239868164063,577.2659912109375,143.843994140625],"rotationMatrix":[0.3727999925613403,0.9279116988182068,0,-0.9279116988182068,0.3727999925613403,0,0,0,1],"scale":0.8794000148773193,"type":"wca_rock1"}
{"pos":[944.2030029296875,486.5409851074219,144.3849945068359],"rotationMatrix":[-0.8868473768234253,0.4620624780654907,0,-0.4620624780654907,-0.8868473768234253,0,0,0,1],"scale":0.8396000266075134,"type":"wca_rock1"}
{"pos":[950.8839721679688,482.4030151367188,144.7960052490234],"rotationMatrix":[0.8735960721969604,-0.4866517186164856,0,0.4866517186164856,0.8735960721969604,0,0,0,1],"scale":1.021299958229065,"type":"wca_rock1"}
{"pos":[128.7350006103516,579.5650024414063,90.60500335693359],"rotationMatrix":[0.8592318296432495,0.5115864276885986,0,-0.5115864276885986,0.8592318296432495,0,0,0,1],"scale":1.079499959945679,"type":"wca_rock1"}
{"pos":[117.8079986572266,571.9849853515625,92.04129791259766],"rotationMatrix":[-0.6631231307983398,-0.7485103011131287,0,0.7485103011131287,-0.6631231307983398,0,0,0,1],"scale":1.255499958992004,"type":"wca_rock1"}
{"pos":[19.03249931335449,516.0919799804688,74.57319641113281],"rotationMatrix":[-0.5442274808883667,0.8389376997947693,0,-0.8389376997947693,-0.5442274808883667,0,0,0,1],"scale":1.090999960899353,"type":"wca_rock1"}
{"pos":[29.9689998626709,524.260986328125,74.64530181884766],"rotationMatrix":[-0.927077054977417,-0.3748708367347717,0,0.3748708367347717,-0.927077054977417,0,0,0,1],"scale":0.9467999935150146,"type":"wca_rock1"}
{"pos":[17.79619979858398,483.1109924316406,101.7050018310547],"rotationMatrix":[-0.666772723197937,-0.7452611327171326,0,0.7452611327171326,-0.666772723197937,0,0,0,1],"scale":1.265599966049194,"type":"wca_rock1"}
{"pos":[2.589900016784668,469.8429870605469,101.1070022583008],"rotationMatrix":[0.9999768733978271,0.006800931412726641,0,-0.006800931412726641,0.9999768733978271,0,0,0,1],"scale":1.564599990844727,"type":"wca_rock1"}
{"pos":[887.56982421875,-957.6845703125,169.0750732421875],"rotationMatrix":[-0.1916971802711487,0.9814541339874268,0,-0.9814541339874268,-0.1916971802711487,0,0,0,1],"scale":1.011193037033081,"type":"wca_rock1"}
{"pos":[76.7655029296875,-988.02880859375,126.8677368164063],"rotationMatrix":[0.384436696767807,0.9231513738632202,0,-0.9231513738632202,0.384436696767807,0,0,0,1],"scale":0.8454042077064514,"type":"wca_rock1"}
{"pos":[59.67940139770508,-989.3748168945313,126.5864105224609],"rotationMatrix":[-0.8658298254013062,0.5003385543823242,0,-0.5003385543823242,-0.8658298254013062,0,0,0,1],"scale":1.296159029006958,"type":"wca_rock1"}
{"pos":[65.58046722412109,-994.4561767578125,133.0270080566406],"rotationMatrix":[0.4610560834407806,-0.8873710036277771,0,0.8873710036277771,0.4610560834407806,0,0,0,1],"scale":1.014222145080566,"type":"wca_rock1"}
{"pos":[65.63039398193359,-993.0531616210938,131.5586090087891],"rotationMatrix":[0.8461320400238037,0.5329733490943909,0,-0.5329733490943909,0.8461320400238037,0,0,0,1],"scale":0.8023300170898438,"type":"wca_rock1"}
{"pos":[65.07672119140625,-987.8428344726563,126.882942199707],"rotationMatrix":[0.8357418775558472,0.5491225123405457,0,-0.5491225123405457,0.8357418775558472,0,0,0,1],"scale":0.8906784653663635,"type":"wca_rock1"}
{"pos":[66.6104736328125,-988.5584106445313,126.5094909667969],"rotationMatrix":[0.4401905238628387,-0.8979043960571289,0,0.8979043960571289,0.4401905238628387,0,0,0,1],"scale":1.394364833831787,"type":"wca_rock1"}
{"pos":[39.56049728393555,-990.7625122070313,127.6378021240234],"rotationMatrix":[-0.05704884603619576,-0.9983713626861572,0,0.9983713626861572,-0.05704884603619576,0,0,0,1],"scale":1.048699855804443,"type":"wca_rock1"}
{"pos":[33.88915634155273,-1000.01123046875,137.3918762207031],"rotationMatrix":[-0.9999526143074036,0.009734087623655796,0,-0.009734087623655796,-0.9999526143074036,0,0,0,1],"scale":1.425963163375854,"type":"wca_rock1"}
{"pos":[28.97457885742188,-991.383056640625,127.7942199707031],"rotationMatrix":[-0.3588583171367645,0.9333920478820801,0,-0.9333920478820801,-0.3588583171367645,0,0,0,1],"scale":0.9639390707015991,"type":"wca_rock1"}
{"pos":[21.64393424987793,-994.51708984375,129.4081420898438],"rotationMatrix":[0.2728807926177979,-0.861408531665802,-0.4283827543258667,0.9533098936080933,0.3019937872886658,0,0.1293688714504242,-0.4083814322948456,0.9035975933074951],"scale":1.004488348960876,"type":"wca_rock1"}
{"pos":[-1.405948638916016,-996.3469848632813,128.5058135986328],"rotationMatrix":[0.3596319258213043,-0.7448410391807556,-0.562030017375946,0.9330110549926758,0.2950871288776398,0.2059454470872879,0.01245129853487015,-0.5984448194503784,0.8010672330856323],"scale":1.273892521858215,"type":"wca_rock1"}
{"pos":[-4.479113578796387,-997.315185546875,129.1103973388672],"rotationMatrix":[0.3593309223651886,-0.8967752456665039,-0.25821453332901,0.9282546639442444,0.3719445466995239,0,0.0960414931178093,-0.239688828587532,0.9660874605178833],"scale":1.088383555412292,"type":"wca_rock1"}
{"pos":[80.19020080566406,-994.9869995117188,130.2613677978516],"rotationMatrix":[-0.6924371123313904,0.7214782238006592,0,-0.7214782238006592,-0.6924371123313904,0,0,0,1],"scale":0.8033934235572815,"type":"wca_rock1"}
{"pos":[-8.616119384765625,-987.0191040039063,130.0178527832031],"rotationMatrix":[-0.9998484253883362,0.01741067878901958,0,-0.01512674707919359,-0.8686883449554443,-0.4951281845569611,-0.008620517328381538,-0.495053231716156,0.8688202500343323],"scale":1.165539622306824,"type":"wca_rock1"}
{"pos":[-5.041612148284912,-987.3977661132813,128.7953948974609],"rotationMatrix":[-0.3081555962562561,-0.9513359665870667,0,0.9513359665870667,-0.3081555962562561,0,0,0,1],"scale":1.027004718780518,"type":"wca_rock1"}
{"pos":[27.80191230773926,-996.1099243164063,130.5153198242188],"rotationMatrix":[-0.8183239102363586,0.2886941730976105,-0.496992826461792,-0.5361887216567993,-0.6948715448379517,0.4792234599590302,-0.2069971114397049,0.6586418151855469,0.72342449426651],"scale":1.597369313240051,"type":"wca_rock1"}
{"pos":[-6.242700099945068,-953.9478149414063,126.709098815918],"rotationMatrix":[-0.4842061698436737,-0.8749539256095886,0,0.8749539256095886,-0.4842061698436737,0,0,0,1],"scale":1.028214693069458,"type":"wca_rock1"}
{"pos":[-27.72308731079102,-974.5272827148438,127.6501770019531],"rotationMatrix":[0.8507443070411682,-0.5255797505378723,0,0.5255797505378723,0.8507443070411682,0,0,0,1],"scale":1.475906372070313,"type":"wca_rock1"}
{"pos":[-944.13623046875,-353.3590698242188,100.3754348754883],"rotationMatrix":[-0.6900659203529358,0.7236360907554626,0.01259090565145016,-0.6602572798728943,-0.6365623474121094,0.3985580801963806,0.2964259386062622,0.2667183876037598,0.9170565009117126],"scale":0.9761285781860352,"type":"wca_rock1"}
{"pos":[37.60541915893555,1612.253295898438,99.81789398193359],"rotationMatrix":[-0.972612202167511,0.2324339300394058,0,-0.2324339300394058,-0.972612202167511,0,0,0,1],"scale":0.8850107192993164,"type":"wca_rock1"}
{"pos":[35.47166442871094,1626.503540039063,101.5373001098633],"rotationMatrix":[-0.9477431178092957,-0.3190344572067261,0,0.3190344572067261,-0.9477431178092957,0,0,0,1],"scale":1.012613534927368,"type":"wca_rock1"}
{"pos":[-9.53809642791748,1626.807250976563,101.1250686645508],"rotationMatrix":[0.9918074011802673,-0.1277420073747635,0,0.1277420073747635,0.9918074011802673,0,0,0,1],"scale":1.42892050743103,"type":"wca_rock1"}
{"pos":[-11.54930114746094,1616.052490234375,101.9076843261719],"rotationMatrix":[0.9670641422271729,0.2545328140258789,0,-0.2545328140258789,0.9670641422271729,0,0,0,1],"scale":1.352086305618286,"type":"wca_rock1"}
{"pos":[518.1194458007813,-615.6954956054688,182.6651000976563],"rotationMatrix":[-0.9972792863845825,0.07371560484170914,0,-0.07371560484170914,-0.9972792863845825,0,0,0,1],"scale":1.205439805984497,"type":"wca_rock1"}
{"pos":[505.6167297363281,-627.0253295898438,179.2293090820313],"rotationMatrix":[0.9779977798461914,-0.2086153626441956,0,0.2086153626441956,0.9779977798461914,0,0,0,1],"scale":0.888576865196228,"type":"wca_rock1"}
{"pos":[491.9482421875,-676.8829345703125,183.5486907958984],"rotationMatrix":[0.3257427215576172,-0.9454584717750549,0,0.9454584717750549,0.3257427215576172,0,0,0,1],"scale":0.8739061951637268,"type":"wca_rock1"}
{"pos":[553.5170288085938,-609.3150024414063,185.6530914306641],"rotationMatrix":[-0.8903253078460693,-0.4553250074386597,0,0.4553250074386597,-0.8903253078460693,0,0,0,1],"scale":1.378981828689575,"type":"wca_rock1"}
{"pos":[502.7466735839844,-640.8885498046875,179.7188262939453],"rotationMatrix":[-0.9584158062934875,0.2853753566741943,0,-0.2853753566741943,-0.9584158062934875,0,0,0,1],"scale":1.182421326637268,"type":"wca_rock1"}
