{"pos":[-827.8610229492188,-157.1889953613281,102.9100036621094],"rotationMatrix":[-0.1154204607009888,0.9933167099952698,0,-0.9933167099952698,-0.1154204607009888,0,0,0,1],"scale":1.263100028038025,"type":"wca_rock3"}
{"pos":[-751.7739868164063,-286.1390075683594,100.9260025024414],"rotationMatrix":[-0.2359063625335693,0.9717757701873779,0,-0.9717757701873779,-0.2359063625335693,0,0,0,1],"scale":1.068300008773804,"type":"wca_rock3"}
{"pos":[-803.8079833984375,-392.4989929199219,101.125],"rotationMatrix":[0.8714754581451416,-0.4904391169548035,0,0.4904391169548035,0.8714754581451416,0,0,0,1],"scale":1.080000042915344,"type":"wca_rock3"}
{"pos":[-841.5819702148438,-414.6069946289063,98.94390106201172],"rotationMatrix":[-0.01844990253448486,-0.9998297691345215,0,0.9998297691345215,-0.01844990253448486,0,0,0,1],"scale":1.230499982833862,"type":"wca_rock3"}
{"pos":[-529.5330200195313,-662.4420166015625,167.3489990234375],"rotationMatrix":[-0.6077831983566284,-0.7941030263900757,0,0.7941030263900757,-0.6077831983566284,0,0,0,1],"scale":1.020300030708313,"type":"wca_rock3"}
{"pos":[-528.843017578125,-658.9959716796875,166.468994140625],"rotationMatrix":[0.8716782331466675,0.4900786280632019,0,-0.4900786280632019,0.8716782331466675,0,0,0,1],"scale":1.367699980735779,"type":"wca_rock3"}
{"pos":[-546.4970092773438,-669.68701171875,169.0879974365234],"rotationMatrix":[-0.7179164886474609,-0.6961292624473572,0,0.6961292624473572,-0.7179164886474609,0,0,0,1],"scale":0.9836999773979187,"type":"wca_rock3"}
{"pos":[-560.3889770507813,-747.0889892578125,136.2100067138672],"rotationMatrix":[-0.685080885887146,-0.7284669876098633,0,0.7284669876098633,-0.685080885887146,0,0,0,1],"scale":1.567399978637695,"type":"wca_rock3"}
{"pos":[-518.9190063476563,-739.9530029296875,138.9850006103516],"rotationMatrix":[0.9864203929901123,-0.1642400920391083,0,0.1642400920391083,0.9864203929901123,0,0,0,1],"scale":1.173099994659424,"type":"wca_rock3"}
{"pos":[-570.9840087890625,-749.656982421875,135.2630004882813],"rotationMatrix":[0.8915152549743652,0.4529906809329987,0,-0.4529906809329987,0.8915152549743652,0,0,0,1],"scale":1.210700035095215,"type":"wca_rock3"}
{"pos":[-706.0289916992188,-828.6810302734375,132.4019927978516],"rotationMatrix":[0.6807994842529297,-0.7324698567390442,0,0.7324698567390442,0.6807994842529297,0,0,0,1],"scale":0.8126000165939331,"type":"wca_rock3"}
{"pos":[-702.4229736328125,-826.531982421875,131.9709930419922],"rotationMatrix":[0.2496874332427979,-0.9683265089988708,0,0.9683265089988708,0.2496874332427979,0,0,0,1],"scale":1.013200044631958,"type":"wca_rock3"}
{"pos":[-727.6900024414063,-809.8679809570313,126.4120025634766],"rotationMatrix":[-0.7578125,0.6524723768234253,0,-0.6524723768234253,-0.7578125,0,0,0,1],"scale":1.231600046157837,"type":"wca_rock3"}
{"pos":[-757.0910034179688,-823.7830200195313,123.9089965820313],"rotationMatrix":[-0.994004487991333,-0.1093392819166183,0,0.1093392819166183,-0.994004487991333,0,0,0,1],"scale":1.478099942207336,"type":"wca_rock3"}
{"pos":[-841.9169921875,-805.2459716796875,115.7050018310547],"rotationMatrix":[0.6370480060577393,-0.770824134349823,0,0.770824134349823,0.6370480060577393,0,0,0,1],"scale":1.376199960708618,"type":"wca_rock3"}
{"pos":[-856.3330078125,-796.4710083007813,115.0500030517578],"rotationMatrix":[0.9864203929901123,0.1642400920391083,0,-0.1642400920391083,0.9864203929901123,0,0,0,1],"scale":1.044000029563904,"type":"wca_rock3"}
{"pos":[-854.5260009765625,-797.875,115.1539993286133],"rotationMatrix":[0.610155463218689,-0.7922816872596741,0,0.7922816872596741,0.610155463218689,0,0,0,1],"scale":0.9994999766349792,"type":"wca_rock3"}
{"pos":[-817.6749877929688,-816.8610229492188,118.1660003662109],"rotationMatrix":[0.9707180261611938,-0.2402217984199524,0,0.2402217984199524,0.9707180261611938,0,0,0,1],"scale":1.132799983024597,"type":"wca_rock3"}
{"pos":[-19.80660057067871,476.4509887695313,74.493896484375],"rotationMatrix":[0.3908126354217529,-0.9204702377319336,0,0.9204702377319336,0.3908126354217529,0,0,0,1],"scale":1.036999940872192,"type":"wca_rock3"}
{"pos":[-5.838600158691406,492.8900146484375,74.49189758300781],"rotationMatrix":[-0.160678505897522,0.9870067834854126,0,-0.9870067834854126,-0.160678505897522,0,0,0,1],"scale":0.944599986076355,"type":"wca_rock3"}
{"pos":[-47.25680160522461,459.6889953613281,74.47730255126953],"rotationMatrix":[-0.2963720560073853,0.9550725817680359,0,-0.9550725817680359,-0.2963720560073853,0,0,0,1],"scale":1.283900022506714,"type":"wca_rock3"}
{"pos":[952.9310302734375,-30.10709953308105,149.5169982910156],"rotationMatrix":[0.309922456741333,0.9507618546485901,0,-0.9507618546485901,0.309922456741333,0,0,0,1],"scale":1.305699944496155,"type":"wca_rock3"}
{"pos":[912.447998046875,-245.9770050048828,148.9380035400391],"rotationMatrix":[-0.6847137212753296,0.7288121581077576,0,-0.7288121581077576,-0.6847137212753296,0,0,0,1],"scale":0.9086999893188477,"type":"wca_rock3"}
{"pos":[936.0479736328125,-262.81298828125,152.8789978027344],"rotationMatrix":[-0.6902250051498413,0.7235947847366333,0,-0.7235947847366333,-0.6902250051498413,0,0,0,1],"scale":0.8478999733924866,"type":"wca_rock3"}
{"pos":[907.2210083007813,-260.4840087890625,151.9830017089844],"rotationMatrix":[0.9983296394348145,-0.05777483060956001,0,0.05777483060956001,0.9983296394348145,0,0,0,1],"scale":0.9168000221252441,"type":"wca_rock3"}
{"pos":[855.7990112304688,-673.3820190429688,170.625],"rotationMatrix":[0.6149091720581055,0.7885979413986206,0,-0.7885979413986206,0.6149091720581055,0,0,0,1],"scale":1.233700037002563,"type":"wca_rock3"}
{"pos":[732.093994140625,-527.7570190429688,176.2910003662109],"rotationMatrix":[-0.5309000015258789,0.8474344611167908,0,-0.8474344611167908,-0.5309000015258789,0,0,0,1],"scale":1.063099980354309,"type":"wca_rock3"}
{"pos":[737.9439697265625,-548.9810180664063,175.75],"rotationMatrix":[-0.8907345533370972,-0.454523891210556,0,0.454523891210556,-0.8907345533370972,0,0,0,1],"scale":0.9075000286102295,"type":"wca_rock3"}
{"pos":[741.8350219726563,-540.469970703125,174.8520050048828],"rotationMatrix":[-0.1655591726303101,0.9861998558044434,0,-0.9861998558044434,-0.1655591726303101,0,0,0,1],"scale":0.8938999772071838,"type":"wca_rock3"}
{"pos":[734.968994140625,-648.4229736328125,191.6360015869141],"rotationMatrix":[0.5393919944763184,0.8420547842979431,0,-0.8420547842979431,0.5393919944763184,0,0,0,1],"scale":0.8687999844551086,"type":"wca_rock3"}
{"pos":[743.77099609375,-665.0570068359375,194.0489959716797],"rotationMatrix":[-0.7346392869949341,0.6784579157829285,0,-0.6784579157829285,-0.7346392869949341,0,0,0,1],"scale":1.393599987030029,"type":"wca_rock3"}
{"pos":[700.6890258789063,-705.2329711914063,197.5509948730469],"rotationMatrix":[-0.9582204818725586,0.2860306203365326,0,-0.2860306203365326,-0.9582204818725586,0,0,0,1],"scale":1.00220000743866,"type":"wca_rock3"}
{"pos":[745.947021484375,-697.6170043945313,196.2749938964844],"rotationMatrix":[0.833073616027832,0.553162157535553,0,-0.553162157535553,0.833073616027832,0,0,0,1],"scale":1.430400013923645,"type":"wca_rock3"}
{"pos":[584.9539794921875,-587.2680053710938,193.6340026855469],"rotationMatrix":[-0.5731832981109619,-0.8194271922111511,0,0.8194271922111511,-0.5731832981109619,0,0,0,1],"scale":0.9970999956130981,"type":"wca_rock3"}
{"pos":[573.1190185546875,-607.6799926757813,193.5050048828125],"rotationMatrix":[0.8596559762954712,-0.5108733773231506,0,0.5108733773231506,0.8596559762954712,0,0,0,1],"scale":1.285199999809265,"type":"wca_rock3"}
{"pos":[509.2470092773438,-590.5449829101563,178.7539978027344],"rotationMatrix":[0.9673342704772949,0.2535042464733124,0,-0.2535042464733124,0.9673342704772949,0,0,0,1],"scale":0.8877999782562256,"type":"wca_rock3"}
{"pos":[551.3779907226563,-612.301025390625,184.0890045166016],"rotationMatrix":[-0.1397479772567749,-0.9901871085166931,0,0.9901871085166931,-0.1397479772567749,0,0,0,1],"scale":1.028599977493286,"type":"wca_rock3"}
{"pos":[519.5159912109375,-609.9879760742188,183.1900024414063],"rotationMatrix":[0.3974175453186035,0.9176378846168518,0,-0.9176378846168518,0.3974175453186035,0,0,0,1],"scale":1.512699961662292,"type":"wca_rock3"}
{"pos":[517.3289794921875,-606.1859741210938,183.7850036621094],"rotationMatrix":[-0.06872200965881348,-0.9976358413696289,0,0.9976358413696289,-0.06872200965881348,0,0,0,1],"scale":1.142699956893921,"type":"wca_rock3"}
{"pos":[533.7839965820313,-605.2210083007813,180.4450073242188],"rotationMatrix":[-0.5319499969482422,-0.8467757701873779,0,0.8467757701873779,-0.5319499969482422,0,0,0,1],"scale":1.17929995059967,"type":"wca_rock3"}
{"pos":[541.2559814453125,-631.0260009765625,185.5399932861328],"rotationMatrix":[0.3977720737457275,0.9133423566818237,-0.08708086609840393,-0.9110229015350342,0.3819433450698853,-0.15542371571064,-0.1086951047182083,0.141155868768692,0.9840022325515747],"scale":0.9052000045776367,"type":"wca_rock3"}
{"pos":[532.5009765625,-644.7659912109375,186.2579956054688],"rotationMatrix":[-0.9043711423873901,-0.4267468154430389,0,0.4267468154430389,-0.9043711423873901,0,0,0,1],"scale":0.9771999716758728,"type":"wca_rock3"}
{"pos":[523.0869750976563,-664.3480224609375,187.8699951171875],"rotationMatrix":[-0.8833522796630859,-0.4687096774578094,0,0.4687096774578094,-0.8833522796630859,0,0,0,1],"scale":0.8086000084877014,"type":"wca_rock3"}
{"pos":[503.9150085449219,-686.6199951171875,186.3840026855469],"rotationMatrix":[-0.759688138961792,0.6502875685691833,0,-0.6502875685691833,-0.759688138961792,0,0,0,1],"scale":0.9994000196456909,"type":"wca_rock3"}
{"pos":[504.2070007324219,-691.2949829101563,189.1320037841797],"rotationMatrix":[0.9989874362945557,0.04499002173542976,0,-0.04499002173542976,0.9989874362945557,0,0,0,1],"scale":1.316200017929077,"type":"wca_rock3"}
{"pos":[611.7520141601563,-998.5689697265625,153.7149963378906],"rotationMatrix":[-0.9824386835098267,0.1865857243537903,0,-0.1865857243537903,-0.9824386835098267,0,0,0,1],"scale":0.9003000259399414,"type":"wca_rock3"}
{"pos":[386.6610107421875,-304.4070129394531,150.8190002441406],"rotationMatrix":[0.8058109283447266,-0.5921729207038879,0,0.5921729207038879,0.8058109283447266,0,0,0,1],"scale":1.077100038528442,"type":"wca_rock3"}
{"pos":[394.3340148925781,-310.8580017089844,150.7940063476563],"rotationMatrix":[-0.9964017868041992,-0.08475540578365326,0,0.08475540578365326,-0.9964017868041992,0,0,0,1],"scale":0.8648999929428101,"type":"wca_rock3"}
{"pos":[488.2879943847656,-707.9039916992188,190.6049957275391],"rotationMatrix":[0.9495221376419067,-0.1565300226211548,0.2718566954135895,0.1929068863391876,0.9747426509857178,-0.1125330924987793,-0.2473755031824112,0.1592956930398941,0.955735445022583],"scale":1.221500039100647,"type":"wca_rock3"}
{"pos":[480.5889892578125,-710.3319702148438,187.4779968261719],"rotationMatrix":[-0.01588261127471924,-0.9998738765716553,0,0.9998738765716553,-0.01588261127471924,0,0,0,1],"scale":1.348600029945374,"type":"wca_rock3"}
{"pos":[477.7250061035156,-717.3480224609375,190.8289947509766],"rotationMatrix":[0.4535694122314453,-0.8912209272384644,0,0.8912209272384644,0.4535694122314453,0,0,0,1],"scale":1.239699959754944,"type":"wca_rock3"}
{"pos":[477.4540100097656,-712.8709716796875,187.8480072021484],"rotationMatrix":[0.2847919464111328,-0.9585893750190735,0,0.9585893750190735,0.2847919464111328,0,0,0,1],"scale":0.8973000049591064,"type":"wca_rock3"}
{"pos":[465.3309936523438,-721.4110107421875,188.5290069580078],"rotationMatrix":[0.5521636009216309,-0.8337357640266418,0,0.8337357640266418,0.5521636009216309,0,0,0,1],"scale":0.9666000008583069,"type":"wca_rock3"}
{"pos":[464.9450073242188,-721.9130249023438,188.6600036621094],"rotationMatrix":[0.4923710823059082,0.8703854084014893,0,-0.8703854084014893,0.4923710823059082,0,0,0,1],"scale":1.295799970626831,"type":"wca_rock3"}
{"pos":[464.7439880371094,-720.1199951171875,188.031005859375],"rotationMatrix":[0.5154783725738525,0.8569025993347168,0,-0.8569025993347168,0.5154783725738525,0,0,0,1],"scale":1.382300019264221,"type":"wca_rock3"}
{"pos":[449.9320068359375,-728.9329833984375,188.7169952392578],"rotationMatrix":[0.977992057800293,0.2086421251296997,0,-0.2086421251296997,0.977992057800293,0,0,0,1],"scale":1.580000042915344,"type":"wca_rock3"}
{"pos":[476.0150146484375,-692.5250244140625,186.4019927978516],"rotationMatrix":[0.8664588928222656,0.4992484152317047,0,-0.4992484152317047,0.8664588928222656,0,0,0,1],"scale":1.020900011062622,"type":"wca_rock3"}
{"pos":[431.5339965820313,-720.7020263671875,190.1900024414063],"rotationMatrix":[0.4546144008636475,0.8906883597373962,0,-0.8906883597373962,0.4546144008636475,0,0,0,1],"scale":0.8863000273704529,"type":"wca_rock3"}
{"pos":[419.8269958496094,-735.510986328125,191.3780059814453],"rotationMatrix":[0.9968318939208984,-0.07953725755214691,0,0.07953725755214691,0.9968318939208984,0,0,0,1],"scale":1.012199997901917,"type":"wca_rock3"}
{"pos":[425.6709899902344,-705.469970703125,163.9369964599609],"rotationMatrix":[-0.8682444095611572,0.4961367249488831,0,-0.4961367249488831,-0.8682444095611572,0,0,0,1],"scale":1.173400044441223,"type":"wca_rock3"}
{"pos":[407.5929870605469,-890.5570068359375,147.9019927978516],"rotationMatrix":[-0.6656774282455444,-0.7462396025657654,0,0.7462396025657654,-0.6656774282455444,0,0,0,1],"scale":1.208999991416931,"type":"wca_rock3"}
{"pos":[466.7799987792969,-893.4459838867188,150.6739959716797],"rotationMatrix":[0.3019107580184937,-0.9533361792564392,0,0.9533361792564392,0.3019107580184937,0,0,0,1],"scale":1.177299976348877,"type":"wca_rock3"}
{"pos":[216.3769989013672,-734.968994140625,143.1809997558594],"rotationMatrix":[0.4326745271682739,-0.9015501737594604,0,0.9015501737594604,0.4326745271682739,0,0,0,1],"scale":1.061499953269958,"type":"wca_rock3"}
{"pos":[202.3489990234375,-747.5570068359375,143.0059967041016],"rotationMatrix":[0.9757119417190552,-0.2190575450658798,0,0.2190575450658798,0.9757119417190552,0,0,0,1],"scale":1.194000005722046,"type":"wca_rock3"}
{"pos":[199.7429962158203,-724.8049926757813,142.6300048828125],"rotationMatrix":[0.7958395481109619,0.6055075526237488,0,-0.6055075526237488,0.7958395481109619,0,0,0,1],"scale":1.152400016784668,"type":"wca_rock3"}
{"pos":[186.656005859375,-740.427001953125,142.6569976806641],"rotationMatrix":[0.7666188478469849,-0.6421024203300476,0,0.6421024203300476,0.7666188478469849,0,0,0,1],"scale":1.185700058937073,"type":"wca_rock3"}
{"pos":[614.5440063476563,-1000.22998046875,154.1580047607422],"rotationMatrix":[-0.9685248136520386,0.2489170283079147,0,-0.2489170283079147,-0.9685248136520386,0,0,0,1],"scale":1.248299956321716,"type":"wca_rock3"}
{"pos":[1007.809997558594,198.8379974365234,153.4490051269531],"rotationMatrix":[0.7776888608932495,0.6286493539810181,0,-0.6286493539810181,0.7776888608932495,0,0,0,1],"scale":1.127900004386902,"type":"wca_rock3"}
{"pos":[1008.169982910156,186.6430053710938,153.0870056152344],"rotationMatrix":[-0.9262919425964355,0.3768066167831421,0,-0.3768066167831421,-0.9262919425964355,0,0,0,1],"scale":1.586599946022034,"type":"wca_rock3"}
{"pos":[1017.97998046875,122.1220016479492,154.5859985351563],"rotationMatrix":[-0.9274698495864868,-0.3738979399204254,0,0.3738979399204254,-0.9274698495864868,0,0,0,1],"scale":1.147500038146973,"type":"wca_rock3"}
{"pos":[1011.890014648438,103.5640029907227,154.5700073242188],"rotationMatrix":[0.5324554443359375,-0.8464580178260803,0,0.8464580178260803,0.5324554443359375,0,0,0,1],"scale":1.251099944114685,"type":"wca_rock3"}
{"pos":[1000.710021972656,18.82029914855957,151.5449981689453],"rotationMatrix":[0.2735054492950439,-0.9618704319000244,0,0.9618704319000244,0.2735054492950439,0,0,0,1],"scale":1.158800005912781,"type":"wca_rock3"}
{"pos":[956.2589721679688,505.7980041503906,143.7239990234375],"rotationMatrix":[-0.9282550811767578,-0.3719442188739777,0,0.3719442188739777,-0.9282550811767578,0,0,0,1],"scale":1.307100057601929,"type":"wca_rock3"}
{"pos":[953.8359985351563,501.0639953613281,143.9199981689453],"rotationMatrix":[-0.8489644527435303,-0.5284499526023865,0,0.5284499526023865,-0.8489644527435303,0,0,0,1],"scale":1.345800042152405,"type":"wca_rock3"}
{"pos":[963.791015625,574.781005859375,145.2729949951172],"rotationMatrix":[0.9996567964553833,-0.02619712427258492,0,0.02619712427258492,0.9996567964553833,0,0,0,1],"scale":1.479699969291687,"type":"wca_rock3"}
{"pos":[948.6099853515625,485.2219848632813,144.5370025634766],"rotationMatrix":[0.9000060558319092,0.4358773827552795,0,-0.4358773827552795,0.9000060558319092,0,0,0,1],"scale":1.392899990081787,"type":"wca_rock3"}
{"pos":[955.0430297851563,488.9419860839844,144.4539947509766],"rotationMatrix":[-0.685080885887146,0.7284669876098633,0,-0.7284669876098633,-0.685080885887146,0,0,0,1],"scale":1.003399968147278,"type":"wca_rock3"}
{"pos":[974.9169921875,403.4110107421875,151.4550018310547],"rotationMatrix":[-0.548799991607666,0.8359537124633789,0,-0.8359537124633789,-0.548799991607666,0,0,0,1],"scale":0.9901000261306763,"type":"wca_rock3"}
{"pos":[983.0540161132813,345.7829895019531,151.5529937744141],"rotationMatrix":[0.5491299629211426,0.8357369899749756,0,-0.8357369899749756,0.5491299629211426,0,0,0,1],"scale":1.236299991607666,"type":"wca_rock3"}
{"pos":[984.801025390625,339.9800109863281,151.6199951171875],"rotationMatrix":[-0.5963271856307983,0.8027414679527283,0,-0.8027414679527283,-0.5963271856307983,0,0,0,1],"scale":1.068600058555603,"type":"wca_rock3"}
{"pos":[971.1939697265625,72.76200103759766,150.4830017089844],"rotationMatrix":[-0.6814111471176147,-0.7319008708000183,0,0.7319008708000183,-0.6814111471176147,0,0,0,1],"scale":1.435999989509583,"type":"wca_rock3"}
{"pos":[996.4710083007813,15.96230030059814,149.1049957275391],"rotationMatrix":[0.1184735298156738,-0.9929572343826294,0,0.9929572343826294,0.1184735298156738,0,0,0,1],"scale":1.195000052452087,"type":"wca_rock3"}
{"pos":[996.3170166015625,21.47960090637207,148.9230041503906],"rotationMatrix":[-0.5158886909484863,-0.8566555976867676,0,0.8566555976867676,-0.5158886909484863,0,0,0,1],"scale":0.8690000176429749,"type":"wca_rock3"}
{"pos":[121.1529998779297,585.2639770507813,81.64730072021484],"rotationMatrix":[-0.1127336025238037,-0.9936252236366272,0,0.9936252236366272,-0.1127336025238037,0,0,0,1],"scale":1.046300053596497,"type":"wca_rock3"}
{"pos":[110.7750015258789,567.5189819335938,92.19619750976563],"rotationMatrix":[0.9974937438964844,0.07075472176074982,0,-0.07075472176074982,0.9974937438964844,0,0,0,1],"scale":1.27590000629425,"type":"wca_rock3"}
{"pos":[115.4469985961914,570.4619750976563,92.13400268554688],"rotationMatrix":[-0.1997005939483643,-0.9798569679260254,0,0.9798569679260254,-0.1997005939483643,0,0,0,1],"scale":0.9531000256538391,"type":"wca_rock3"}
{"pos":[79.6636962890625,534.010009765625,101.3190002441406],"rotationMatrix":[-0.6634880304336548,0.7481868863105774,0,-0.7481868863105774,-0.6634880304336548,0,0,0,1],"scale":1.22950005531311,"type":"wca_rock3"}
{"pos":[33.58549880981445,528.1539916992188,74.51779937744141],"rotationMatrix":[-0.5463370084762573,0.8375654220581055,0,-0.8375654220581055,-0.5463370084762573,0,0,0,1],"scale":1.534199953079224,"type":"wca_rock3"}
{"pos":[27.37210083007813,522.5910034179688,74.87989807128906],"rotationMatrix":[0.6912591457366943,-0.7226069569587708,0,0.7226069569587708,0.6912591457366943,0,0,0,1],"scale":0.8626999855041504,"type":"wca_rock3"}
{"pos":[14.38059997558594,511.8919982910156,74.36799621582031],"rotationMatrix":[0.5695935487747192,0.8219265341758728,0,-0.8219265341758728,0.5695935487747192,0,0,0,1],"scale":1.089300036430359,"type":"wca_rock3"}
{"pos":[11.67310047149658,507.4360046386719,74.94329833984375],"rotationMatrix":[-0.5431731939315796,-0.8396206498146057,0,0.8396206498146057,-0.5431731939315796,0,0,0,1],"scale":1.107300043106079,"type":"wca_rock3"}
{"pos":[36.33890151977539,529.7760009765625,74.54119873046875],"rotationMatrix":[0.1205967664718628,-0.9927015900611877,0,0.9927015900611877,0.1205967664718628,0,0,0,1],"scale":1.051800012588501,"type":"wca_rock3"}
{"pos":[32.16999816894531,525.2689819335938,75.04340362548828],"rotationMatrix":[0.1432595252990723,-0.9896851778030396,0,0.9896851778030396,0.1432595252990723,0,0,0,1],"scale":0.8822000026702881,"type":"wca_rock3"}
{"pos":[28.68880081176758,506.5870056152344,87.34860229492188],"rotationMatrix":[-0.9980003833770752,0.06320787221193314,0,-0.06320787221193314,-0.9980003833770752,0,0,0,1],"scale":1.283499956130981,"type":"wca_rock3"}
{"pos":[0.1689999997615814,482.0859985351563,86.81870269775391],"rotationMatrix":[-0.9590122699737549,-0.2833645343780518,0,0.2833645343780518,-0.9590122699737549,0,0,0,1],"scale":0.8959000110626221,"type":"wca_rock3"}
{"pos":[10.90250015258789,477.7579956054688,101.6259994506836],"rotationMatrix":[0.2284696102142334,0.9735510349273682,0,-0.9735510349273682,0.2284696102142334,0,0,0,1],"scale":1.471500039100647,"type":"wca_rock3"}
{"pos":[21.50329971313477,486.718994140625,101.2850036621094],"rotationMatrix":[-0.4757621288299561,0.8795740008354187,0,-0.8795740008354187,-0.4757621288299561,0,0,0,1],"scale":0.9524000287055969,"type":"wca_rock3"}
{"pos":[845.5652465820313,-960.9369506835938,171.4810943603516],"rotationMatrix":[-0.006221234798431396,0.999980628490448,0,-0.999980628490448,-0.006221234798431396,0,0,0,1],"scale":0.8792998194694519,"type":"wca_rock3"}
{"pos":[819.5623779296875,-982.0358276367188,175.5138854980469],"rotationMatrix":[-0.8675993084907532,0.4972639679908752,0,-0.4972639679908752,-0.8675993084907532,0,0,0,1],"scale":1.140925168991089,"type":"wca_rock3"}
{"pos":[798.047607421875,-929.5682983398438,170.9557952880859],"rotationMatrix":[0.9808597564697266,-0.1947155296802521,0,0.1947155296802521,0.9808597564697266,0,0,0,1],"scale":1.007142066955566,"type":"wca_rock3"}
{"pos":[85.67641448974609,-986.5111083984375,126.5885391235352],"rotationMatrix":[-0.40448197722435,0.9145459532737732,0,-0.9145459532737732,-0.40448197722435,0,0,0,1],"scale":0.9890183210372925,"type":"wca_rock3"}
{"pos":[97.48519134521484,-976.02099609375,125.8169097900391],"rotationMatrix":[0.4231860339641571,-0.9060428142547607,0,0.9060428142547607,0.4231860339641571,0,0,0,1],"scale":0.9116141796112061,"type":"wca_rock3"}
{"pos":[-74.51216888427734,-990.0362548828125,132.3877563476563],"rotationMatrix":[0.5471345186233521,0.8370447158813477,0,-0.8370447158813477,0.5471345186233521,0,0,0,1],"scale":1.306211471557617,"type":"wca_rock3"}
{"pos":[6.289816856384277,-999.8665771484375,132.4767761230469],"rotationMatrix":[0.7937877178192139,-0.6081949472427368,0,0.6081949472427368,0.7937877178192139,0,0,0,1],"scale":1.175664782524109,"type":"wca_rock3"}
{"pos":[-20.29871368408203,-918.9125366210938,124.9876098632813],"rotationMatrix":[-0.9999969601631165,-0.002463966142386198,0,0.002463966142386198,-0.9999969601631165,0,0,0,1],"scale":1.543778777122498,"type":"wca_rock3"}
{"pos":[-5.31883430480957,-952.5160522460938,126.6384201049805],"rotationMatrix":[-0.7262473106384277,-0.6874335408210754,0,0.6874335408210754,-0.7262473106384277,0,0,0,1],"scale":1.158622980117798,"type":"wca_rock3"}
{"pos":[-8.879783630371094,-983.5571899414063,128.8979187011719],"rotationMatrix":[-0.9662246108055115,-0.2577013373374939,0,0.2577013373374939,-0.9662246108055115,0,0,0,1],"scale":1.498639583587646,"type":"wca_rock3"}
{"pos":[-238.2664031982422,-579.6023559570313,111.3374099731445],"rotationMatrix":[-0.7672327160835266,0.6413688063621521,0,-0.6413688063621521,-0.7672327160835266,0,0,0,1],"scale":1.290669560432434,"type":"wca_rock3"}
{"pos":[-245.0806121826172,-568.2383422851563,111.4269561767578],"rotationMatrix":[-0.7744865417480469,-0.6325903534889221,0,0.6325903534889221,-0.7744865417480469,0,0,0,1],"scale":1.537676095962524,"type":"wca_rock3"}
{"pos":[-266.6916198730469,-540.8174438476563,109.7346267700195],"rotationMatrix":[0.647852897644043,-0.7617653608322144,0,0.7617653608322144,0.647852897644043,0,0,0,1],"scale":1.4524165391922,"type":"wca_rock3"}
{"pos":[-270.0558166503906,-537.0509033203125,109.7354278564453],"rotationMatrix":[0.5435492396354675,-0.8393772840499878,0,0.8393772840499878,0.5435492396354675,0,0,0,1],"scale":0.9648140072822571,"type":"wca_rock3"}
{"pos":[-263.4236755371094,-905.6935424804688,134.0065002441406],"rotationMatrix":[0.6461363434791565,-0.7632222771644592,0,0.5949671864509583,0.5036932826042175,0.6263443231582642,-0.4780400991439819,-0.4047040045261383,0.7795463800430298],"scale":1.150875926017761,"type":"wca_rock3"}
{"pos":[-210.8292388916016,-934.2372436523438,133.7010955810547],"rotationMatrix":[-0.6307163238525391,-0.7760134935379028,0,0.7760134935379028,-0.6307163238525391,0,0,0,1],"scale":1.01938259601593,"type":"wca_rock3"}
{"pos":[-187.4169464111328,-948.57373046875,133.7405548095703],"rotationMatrix":[-0.8075679540634155,0.589774489402771,0,-0.589774489402771,-0.8075679540634155,0,0,0,1],"scale":0.9062531590461731,"type":"wca_rock3"}
{"pos":[-171.1305999755859,-955.4435424804688,132.9252777099609],"rotationMatrix":[0.8889696598052979,-0.4579664468765259,0,0.4002553224563599,0.7769452333450317,0.4859535396099091,-0.2225504219532013,-0.4319979846477509,0.8739840388298035],"scale":1.304130673408508,"type":"wca_rock3"}
{"pos":[-199.7417907714844,-944.4567260742188,134.7308959960938],"rotationMatrix":[-0.9825679063796997,0.1859039664268494,0,-0.1859039664268494,-0.9825679063796997,0,0,0,1],"scale":1.358081340789795,"type":"wca_rock3"}
{"pos":[-401.5403747558594,-873.04296875,142.1949615478516],"rotationMatrix":[0.156651183962822,0.9876539707183838,0,-0.9876539707183838,0.156651183962822,0,0,0,1],"scale":1.120574355125427,"type":"wca_rock3"}
{"pos":[-382.1085205078125,-902.1976928710938,137.4642028808594],"rotationMatrix":[0.006369168870151043,-0.9999791979789734,0,0.9999791979789734,0.006369168870151043,0,0,0,1],"scale":1.502853393554688,"type":"wca_rock3"}
{"pos":[-394.9224548339844,-905.8624267578125,138.6629943847656],"rotationMatrix":[0.3574524819850922,-0.9339313507080078,0,0.8130749464035034,0.3111959099769592,0.4920025765895844,-0.4594964683055878,-0.1758674532175064,0.8705938458442688],"scale":1.139779448509216,"type":"wca_rock3"}
{"pos":[-387.8972473144531,-929.7068481445313,140.2114410400391],"rotationMatrix":[0.4779175221920013,0.8784047365188599,0,-0.8784047365188599,0.4779175221920013,0,0,0,1],"scale":0.9122496843338013,"type":"wca_rock3"}
{"pos":[-388.9865112304688,-926.304443359375,139.907470703125],"rotationMatrix":[0.835394561290741,-0.5496507883071899,0,0.5496507883071899,0.835394561290741,0,0,0,1],"scale":0.8778411746025085,"type":"wca_rock3"}
{"pos":[-382.4832763671875,-861.8290405273438,137.0637817382813],"rotationMatrix":[0.5807616710662842,0.8140738606452942,0,-0.8140738606452942,0.5807616710662842,0,0,0,1],"scale":1.053534507751465,"type":"wca_rock3"}
{"pos":[-397.0626220703125,-893.635009765625,138.0000762939453],"rotationMatrix":[-0.125645786523819,0.9920751452445984,0,-0.9920751452445984,-0.125645786523819,0,0,0,1],"scale":0.8915023803710938,"type":"wca_rock3"}
{"pos":[-341.3833312988281,-806.5380249023438,137.1909790039063],"rotationMatrix":[0.9964496493339539,0.08419103175401688,0,-0.08419103175401688,0.9964496493339539,0,0,0,1],"scale":1.01271915435791,"type":"wca_rock3"}
{"pos":[-335.2449951171875,-801.00439453125,137.0329895019531],"rotationMatrix":[-0.8501031994819641,0.5266161561012268,0,-0.5266161561012268,-0.8501031994819641,0,0,0,1],"scale":0.8071420192718506,"type":"wca_rock3"}
{"pos":[-389.5030212402344,-815.6652221679688,138.1119232177734],"rotationMatrix":[0.9400795698165894,0.3409550487995148,0,-0.3409550487995148,0.9400795698165894,0,0,0,1],"scale":0.8655413389205933,"type":"wca_rock3"}
{"pos":[-405.9215087890625,-805.1508178710938,141.1839752197266],"rotationMatrix":[-0.6783481240272522,0.7347407937049866,0,-0.7347407937049866,-0.6783481240272522,0,0,0,1],"scale":1.550976276397705,"type":"wca_rock3"}
{"pos":[-58.95132064819336,-910.2109375,131.7736663818359],"rotationMatrix":[-0.2344498187303543,-0.97212815284729,0,0.97212815284729,-0.2344498187303543,0,0,0,1],"scale":1.290172457695007,"type":"wca_rock3"}
{"pos":[-380.4645080566406,-787.6416625976563,139.6493225097656],"rotationMatrix":[0.8145995736122131,-0.5800237655639648,0,0.5800237655639648,0.8145995736122131,0,0,0,1],"scale":1.511076211929321,"type":"wca_rock3"}
{"pos":[-383.8811950683594,-785.33935546875,139.8429718017578],"rotationMatrix":[0.9443631768226624,0.3289045989513397,0,-0.3289045989513397,0.9443631768226624,0,0,0,1],"scale":1.084849238395691,"type":"wca_rock3"}
{"pos":[-394.4498596191406,-775.7499389648438,140.4515075683594],"rotationMatrix":[0.6959136128425598,-0.7181255221366882,0,0.7181255221366882,0.6959136128425598,0,0,0,1],"scale":1.044075489044189,"type":"wca_rock3"}
{"pos":[-400.4349365234375,-770.6778564453125,140.7230072021484],"rotationMatrix":[-0.7812392711639404,0.6242319941520691,0,-0.5782644152641296,-0.7237100005149841,0.376635879278183,0.2351081073284149,0.2942426800727844,0.9263615608215332],"scale":1.534389734268188,"type":"wca_rock3"}
{"pos":[-419.6288146972656,-784.8333740234375,139.4871520996094],"rotationMatrix":[-0.7710608839988708,0.6367614269256592,0,-0.6367614269256592,-0.7710608839988708,0,0,0,1],"scale":0.8649622201919556,"type":"wca_rock3"}
{"pos":[-453.0719299316406,-764.2615966796875,141.1263427734375],"rotationMatrix":[0.7298097014427185,-0.6836500763893127,0,0.6836500763893127,0.7298097014427185,0,0,0,1],"scale":1.069882392883301,"type":"wca_rock3"}
{"pos":[-800.1151733398438,-847.9935913085938,120.9000015258789],"rotationMatrix":[-0.9989786744117737,-0.04518431052565575,0,0.04518431052565575,-0.9989786744117737,0,0,0,1],"scale":1.400840520858765,"type":"wca_rock3"}
{"pos":[-872.0958862304688,-893.160888671875,128.5936737060547],"rotationMatrix":[-0.1263965964317322,0.9919800758361816,0,-0.8801912665367126,-0.112152636051178,0.4611784517765045,0.457479864358902,0.05829139798879623,0.8873071670532227],"scale":1.09754753112793,"type":"wca_rock3"}
{"pos":[-874.9818725585938,-916.843505859375,131.1561889648438],"rotationMatrix":[-0.8139283061027527,-0.5809653401374817,0,0.5809653401374817,-0.8139283061027527,0,0,0,1],"scale":1.548156261444092,"type":"wca_rock3"}
{"pos":[-973.5674438476563,-965.2078857421875,137.0263061523438],"rotationMatrix":[0.8699361681938171,-0.4931643605232239,0,0.4931643605232239,0.8699361681938171,0,0,0,1],"scale":1.070522785186768,"type":"wca_rock3"}
{"pos":[-833.1080932617188,-935.5447387695313,152.9640350341797],"rotationMatrix":[0.9801262021064758,-0.1983750462532043,0,0.1983750462532043,0.9801262021064758,0,0,0,1],"scale":0.9422157406806946,"type":"wca_rock3"}
{"pos":[-823.6442260742188,-946.3523559570313,153.1040344238281],"rotationMatrix":[-0.7683118581771851,-0.6400758028030396,0,0.6400758028030396,-0.7683118581771851,0,0,0,1],"scale":1.251436829566956,"type":"wca_rock3"}
{"pos":[-799.8140869140625,-932.3654174804688,156.7029266357422],"rotationMatrix":[0.8758507370948792,0.4825820922851563,0,-0.4263902604579926,0.7738667130470276,0.4683177769184113,0.2260017693042755,-0.4101764261722565,0.8835600018501282],"scale":1.215140104293823,"type":"wca_rock3"}
{"pos":[-717.7750244140625,-925.3001708984375,164.1413421630859],"rotationMatrix":[-0.8856980800628662,0.4642612338066101,0,-0.4642612338066101,-0.8856980800628662,0,0,0,1],"scale":1.039708614349365,"type":"wca_rock3"}
{"pos":[-691.2872924804688,-938.2257690429688,164.3898773193359],"rotationMatrix":[-0.9108868837356567,0.4126560986042023,0,-0.4126560986042023,-0.9108868837356567,0,0,0,1],"scale":1.254231929779053,"type":"wca_rock3"}
{"pos":[-674.2247314453125,-945.867919921875,164.8472747802734],"rotationMatrix":[-0.9146183133125305,0.4043185710906982,0,-0.4043185710906982,-0.9146183133125305,0,0,0,1],"scale":0.9528694748878479,"type":"wca_rock3"}
{"pos":[-682.1906127929688,-958.1963500976563,165.7394561767578],"rotationMatrix":[-0.8060112595558167,0.5918999314308167,0,-0.584412157535553,-0.7958148121833801,0.1585589647293091,0.09385104477405548,0.127800315618515,0.9873495101928711],"scale":1.175963640213013,"type":"wca_rock3"}
{"pos":[-312.1261291503906,-772.4551391601563,137.0519409179688],"rotationMatrix":[0.540253221988678,0.8415025472640991,0,-0.8415025472640991,0.540253221988678,0,0,0,1],"scale":0.9177501201629639,"type":"wca_rock3"}
{"pos":[-308.9529724121094,-768.3223266601563,136.9365386962891],"rotationMatrix":[-0.6391777396202087,-0.7685648798942566,-0.02755988389253616,0.7153266668319702,-0.6072977185249329,0.3456835150718689,-0.2824173271656036,0.2012388408184052,0.9379462599754333],"scale":1.28885293006897,"type":"wca_rock3"}
{"pos":[-337.5569152832031,-800.834716796875,138.6309204101563],"rotationMatrix":[0.6187390089035034,-0.7855966091156006,0,0.7855966091156006,0.6187390089035034,0,0,0,1],"scale":0.9252842664718628,"type":"wca_rock3"}
{"pos":[-387.51123046875,-865.8386840820313,138.3379058837891],"rotationMatrix":[-0.1093829646706581,0.6030341982841492,0.7901806831359863,-0.9839444160461426,-0.1784753203392029,0,0.1410277336835861,-0.7774936556816101,0.6128743886947632],"scale":1.028849482536316,"type":"wca_rock3"}
{"pos":[-447.7513122558594,-736.7128295898438,142.6406402587891],"rotationMatrix":[0.2860307991504669,0.9582204222679138,0,-0.9582204222679138,0.2860307991504669,0,0,0,1],"scale":1.357212781906128,"type":"wca_rock3"}
{"pos":[-445.9035949707031,-737.6519775390625,142.5877075195313],"rotationMatrix":[-0.9999704957008362,0.007681620307266712,0,-0.007681620307266712,-0.9999704957008362,0,0,0,1],"scale":0.9514967203140259,"type":"wca_rock3"}
{"pos":[-494.7292175292969,-719.7545776367188,141.7100524902344],"rotationMatrix":[0.98541259765625,-0.1701833605766296,0,0.1701833605766296,0.98541259765625,0,0,0,1],"scale":0.8796820044517517,"type":"wca_rock3"}
{"pos":[-521.7903442382813,-716.8960571289063,140.6482391357422],"rotationMatrix":[-0.991478443145752,0.1279410719871521,-0.02453316561877728,-0.1302219778299332,-0.9681435823440552,0.2138689458370209,0.003610995830968022,0.2152411937713623,0.9765539765357971],"scale":1.505093097686768,"type":"wca_rock3"}
{"pos":[-511.1682739257813,-717.5310668945313,141.2928924560547],"rotationMatrix":[-0.986700177192688,0.1501898169517517,-0.06217259168624878,-0.161121279001236,-0.9542574286460876,0.2518587708473206,-0.02150204218924046,0.2585265040397644,0.9657648801803589],"scale":0.891316294670105,"type":"wca_rock3"}
{"pos":[-894.9567260742188,-810.9949340820313,113.6980895996094],"rotationMatrix":[-0.6740133762359619,-0.7387190461158752,0,0.7387190461158752,-0.6740133762359619,0,0,0,1],"scale":1.385138273239136,"type":"wca_rock3"}
{"pos":[-927.2514038085938,-839.9418334960938,120.8910217285156],"rotationMatrix":[-0.1808815896511078,0.9835050702095032,0,-0.9835050702095032,-0.1808815896511078,0,0,0,1],"scale":0.9068572521209717,"type":"wca_rock3"}
{"pos":[-883.938232421875,-928.4446411132813,132.3983154296875],"rotationMatrix":[-0.9523444771766663,-0.305024653673172,0,0.305024653673172,-0.9523444771766663,0,0,0,1],"scale":1.428993463516235,"type":"wca_rock3"}
{"pos":[-856.1743774414063,-754.0909423828125,112.9865112304688],"rotationMatrix":[0.7019545435905457,0.7110664844512939,-0.04053953662514687,-0.6253880858421326,0.642610490322113,0.4426515400409698,0.340805858373642,-0.2853683829307556,0.8957766890525818],"scale":0.9889925718307495,"type":"wca_rock3"}
{"pos":[-713.0903930664063,-585.6520385742188,104.1527099609375],"rotationMatrix":[-0.996405303478241,0.08471417427062988,0,-0.08471417427062988,-0.996405303478241,0,0,0,1],"scale":0.9944676160812378,"type":"wca_rock3"}
{"pos":[-393.9073181152344,-648.2593383789063,129.1684722900391],"rotationMatrix":[-0.5825030207633972,0.8128283023834229,0,-0.7986308932304382,-0.5723285675048828,-0.1860865503549576,-0.1512564271688461,-0.1083959862589836,0.9825333952903748],"scale":1.541856408119202,"type":"wca_rock3"}
{"pos":[-369.761474609375,-670.1510620117188,130.0976409912109],"rotationMatrix":[0.8746271729469299,-0.4847961664199829,0,0.4281193017959595,0.772375762462616,0.4692017138004303,-0.2274671345949173,-0.4103765487670898,0.8830913901329041],"scale":1.040295839309692,"type":"wca_rock3"}
{"pos":[-317.4963989257813,-779.9315185546875,136.7560577392578],"rotationMatrix":[-0.5958009362220764,-0.803132176399231,0,0.6998539566993713,-0.5191845297813416,0.4905625581741333,-0.3939865529537201,0.2922777533531189,0.8714056611061096],"scale":1.075583100318909,"type":"wca_rock3"}
{"pos":[78.42494201660156,-987.8536987304688,126.9861831665039],"rotationMatrix":[0.9957094788551331,-0.06626816093921661,0.06458622217178345,0.01546747144311666,0.807330846786499,0.5898957252502441,-0.09123370796442032,-0.5863654613494873,0.8048918843269348],"scale":0.945881724357605,"type":"wca_rock3"}
{"pos":[43.8413200378418,-865.353515625,124.706901550293],"rotationMatrix":[0.9067599177360535,0.4216465055942535,0,-0.4216465055942535,0.9067599177360535,0,0,0,1],"scale":0.9771271347999573,"type":"wca_rock3"}
{"pos":[6.72635555267334,-859.8311157226563,123.3431854248047],"rotationMatrix":[0.7477514147758484,-0.6639787554740906,0,0.6639787554740906,0.7477514147758484,0,0,0,1],"scale":0.9298664331436157,"type":"wca_rock3"}
{"pos":[-6.070887565612793,-850.6437377929688,123.4715957641602],"rotationMatrix":[-0.7378165721893311,0.6750015020370483,0,-0.5974288582801819,-0.6530249118804932,0.4654431939125061,0.3141748905181885,0.3434116840362549,0.8850776553153992],"scale":1.050518989562988,"type":"wca_rock3"}
{"pos":[-29.60981178283691,-832.2369384765625,121.8485260009766],"rotationMatrix":[0.6150901913642883,-0.7884564399719238,0,0.7751153707504272,0.6046827435493469,-0.1831790655851364,0.1444285959005356,0.1126715987920761,0.9830794930458069],"scale":1.356357097625732,"type":"wca_rock3"}
{"pos":[-16.27949333190918,-844.415283203125,122.1906814575195],"rotationMatrix":[-0.941958487033844,-0.3357294201850891,0,0.3357294201850891,-0.941958487033844,0,0,0,1],"scale":0.8475802540779114,"type":"wca_rock3"}
{"pos":[-105.7934494018555,-747.2839965820313,119.0519332885742],"rotationMatrix":[0.4785196781158447,-0.8780768513679504,0,0.8780768513679504,0.4785196781158447,0,0,0,1],"scale":1.511573314666748,"type":"wca_rock3"}
{"pos":[-115.12548828125,-736.1072998046875,118.4232711791992],"rotationMatrix":[0.2739832401275635,-0.9617343544960022,0,0.9617343544960022,0.2739832401275635,0,0,0,1],"scale":1.063345432281494,"type":"wca_rock3"}
{"pos":[-209.8500671386719,-615.5382080078125,113.810661315918],"rotationMatrix":[0.7446810007095337,-0.6674205660820007,0,0.6674205660820007,0.7446810007095337,0,0,0,1],"scale":0.8316729068756104,"type":"wca_rock3"}
{"pos":[-270.2466735839844,-535.7647094726563,110.2387924194336],"rotationMatrix":[-0.8317951560020447,-0.3092365860939026,-0.460966020822525,0.3484680354595184,-0.9373206496238708,0,-0.4320729374885559,-0.1606319099664688,0.8874175548553467],"scale":0.925885796546936,"type":"wca_rock3"}
{"pos":[-292.2201538085938,-504.974365234375,107.5839691162109],"rotationMatrix":[-0.3647416532039642,0.9311085939407349,0,-0.8333956003189087,-0.3264647126197815,0.445950835943222,0.4152286648750305,0.1626568734645844,0.8950572609901428],"scale":1.537062048912048,"type":"wca_rock3"}
{"pos":[-299.1521606445313,-490.5686645507813,108.301025390625],"rotationMatrix":[0.4880862236022949,-0.8727954626083374,0,0.8727954626083374,0.4880862236022949,0,0,0,1],"scale":0.8004048466682434,"type":"wca_rock3"}
{"pos":[-309.4924926757813,-474.4405212402344,106.612419128418],"rotationMatrix":[-0.4516739547252655,0.8921828269958496,0,-0.7824419736862183,-0.3961168229579926,0.480495423078537,0.4286898970603943,0.2170272767543793,0.8769972324371338],"scale":0.9149881601333618,"type":"wca_rock3"}
{"pos":[-314.1156921386719,-464.5957946777344,106.5956192016602],"rotationMatrix":[-0.4175481796264648,0.9056867957115173,-0.07338016480207443,-0.8727554678916931,-0.3772665560245514,0.3097858130931854,0.2528850138187408,0.1933934092521667,0.9479706883430481],"scale":0.9943822622299194,"type":"wca_rock3"}
