{"pos":[-730.7839965820313,-317.635009765625,102.5899963378906],"rotationMatrix":[-0.7417244911193848,-0.6707046627998352,0,0.6707046627998352,-0.7417244911193848,0,0,0,1],"scale":0.8371999859809875,"type":"wca_rock6"}
{"pos":[-682.4639892578125,-267.6690063476563,102.8840026855469],"rotationMatrix":[-0.485398530960083,-0.8742930293083191,0,0.8742930293083191,-0.485398530960083,0,0,0,1],"scale":1.351099967956543,"type":"wca_rock6"}
{"pos":[-530.7789916992188,-642.8389892578125,163.7489929199219],"rotationMatrix":[0.7050880193710327,0.7091197967529297,0,-0.7091197967529297,0.7050880193710327,0,0,0,1],"scale":0.7228000164031982,"type":"wca_rock6"}
{"pos":[-518.6420288085938,-657.2979736328125,161.39599609375],"rotationMatrix":[-0.5881184339523315,0.8087748289108276,0,-0.8087748289108276,-0.5881184339523315,0,0,0,1],"scale":0.8952000141143799,"type":"wca_rock6"}
{"pos":[-523.56298828125,-652.7150268554688,163.0859985351563],"rotationMatrix":[0.941791296005249,0.336198091506958,0,-0.336198091506958,0.941791296005249,0,0,0,1],"scale":1.453500032424927,"type":"wca_rock6"}
{"pos":[-521.7919921875,-662.0709838867188,163.2740020751953],"rotationMatrix":[0.9402803182601929,0.3404011130332947,0,-0.3404011130332947,0.9402803182601929,0,0,0,1],"scale":0.9567000269889832,"type":"wca_rock6"}
{"pos":[-594.6799926757813,-759.0750122070313,133.8910064697266],"rotationMatrix":[0.8711711168289185,-0.4909795224666595,0,0.4909795224666595,0.8711711168289185,0,0,0,1],"scale":1.074699997901917,"type":"wca_rock6"}
{"pos":[-699.3499755859375,-840.2260131835938,140.781005859375],"rotationMatrix":[-0.9980003833770752,0.06320787221193314,0,-0.06320787221193314,-0.9980003833770752,0,0,0,1],"scale":1.064200043678284,"type":"wca_rock6"}
{"pos":[-735.9119873046875,-814.2979736328125,125.3820037841797],"rotationMatrix":[0.8383469581604004,0.5451370477676392,0,-0.5451370477676392,0.8383469581604004,0,0,0,1],"scale":1.458699941635132,"type":"wca_rock6"}
{"pos":[-742.7990112304688,-817.7269897460938,125.3109970092773],"rotationMatrix":[0.9819879531860352,-0.1889435350894928,0,0.1889435350894928,0.9819879531860352,0,0,0,1],"scale":0.9003999829292297,"type":"wca_rock6"}
{"pos":[-719.3909912109375,-804.593017578125,126.911003112793],"rotationMatrix":[-0.3109042644500732,-0.9504412412643433,0,0.9504412412643433,-0.3109042644500732,0,0,0,1],"scale":0.9103999733924866,"type":"wca_rock6"}
{"pos":[-782.114013671875,-826.6900024414063,121.4769973754883],"rotationMatrix":[-0.125,-0.9921567440032959,0,0.9921567440032959,-0.125,0,0,0,1],"scale":1.30050003528595,"type":"wca_rock6"}
{"pos":[-776.72998046875,-825.2410278320313,123.0960006713867],"rotationMatrix":[0.8745996952056885,-0.4848457276821136,0,0.4848457276821136,0.8745996952056885,0,0,0,1],"scale":1.003299951553345,"type":"wca_rock6"}
{"pos":[-17.9911994934082,479.2829895019531,74.4197998046875],"rotationMatrix":[0.08388352394104004,0.9964755773544312,0,-0.9964755773544312,0.08388352394104004,0,0,0,1],"scale":1.110200047492981,"type":"wca_rock6"}
{"pos":[-24.59149932861328,473.0950012207031,74.46720123291016],"rotationMatrix":[0.8317999839782715,0.555075466632843,0,-0.555075466632843,0.8317999839782715,0,0,0,1],"scale":0.8191999793052673,"type":"wca_rock6"}
{"pos":[-68.84390258789063,451.6539916992188,74.61299896240234],"rotationMatrix":[0.941791296005249,-0.336198091506958,0,0.336198091506958,0.941791296005249,0,0,0,1],"scale":1.401600003242493,"type":"wca_rock6"}
{"pos":[-86.10109710693359,450.2359924316406,74.45290374755859],"rotationMatrix":[0.5487500429153442,-0.8359864950180054,0,0.8359864950180054,0.5487500429153442,0,0,0,1],"scale":0.9287999868392944,"type":"wca_rock6"}
{"pos":[-82.20099639892578,450.1589965820313,74.42479705810547],"rotationMatrix":[-0.5902578830718994,-0.8072147369384766,0,0.8072147369384766,-0.5902578830718994,0,0,0,1],"scale":1.06470000743866,"type":"wca_rock6"}
{"pos":[958.0809936523438,-28.94989967346191,148.9100036621094],"rotationMatrix":[0.8946595191955566,0.4467486441135406,0,-0.4467486441135406,0.8946595191955566,0,0,0,1],"scale":1.198099970817566,"type":"wca_rock6"}
{"pos":[961.3679809570313,-26.5275993347168,148.9900054931641],"rotationMatrix":[0.7652504444122314,0.6437326669692993,0,-0.6437326669692993,0.7652504444122314,0,0,0,1],"scale":0.8815000057220459,"type":"wca_rock6"}
{"pos":[999.7969970703125,-243.8320007324219,152.6060028076172],"rotationMatrix":[-0.9788562059402466,0.2045495808124542,0,-0.2045495808124542,-0.9788562059402466,0,0,0,1],"scale":1.061900019645691,"type":"wca_rock6"}
{"pos":[935.1079711914063,-254.0339965820313,151.9329986572266],"rotationMatrix":[0.6497154235839844,0.7601775527000427,0,-0.7601775527000427,0.6497154235839844,0,0,0,1],"scale":1.220299959182739,"type":"wca_rock6"}
{"pos":[606.4500122070313,-420.7300109863281,150.1609954833984],"rotationMatrix":[0.7742080688476563,-0.6329311728477478,0,0.6329311728477478,0.7742080688476563,0,0,0,1],"scale":1.43529999256134,"type":"wca_rock6"}
{"pos":[851.9840087890625,-678.218994140625,169.9669952392578],"rotationMatrix":[0.6748595237731934,0.7379462122917175,0,-0.7379462122917175,0.6748595237731934,0,0,0,1],"scale":0.8937000036239624,"type":"wca_rock6"}
{"pos":[844.6510009765625,-671.2670288085938,170.8249969482422],"rotationMatrix":[0.1086205244064331,-0.9940832853317261,0,0.9940832853317261,0.1086205244064331,0,0,0,1],"scale":0.9460999965667725,"type":"wca_rock6"}
{"pos":[743.4949951171875,-530.8679809570313,174.9700012207031],"rotationMatrix":[-0.9836335182189941,-0.1801807433366776,0,0.1801807433366776,-0.9836335182189941,0,0,0,1],"scale":1.293099999427795,"type":"wca_rock6"}
{"pos":[738.5650024414063,-560.77197265625,175.1069946289063],"rotationMatrix":[-0.9948034286499023,0.1018142327666283,0,-0.1018142327666283,-0.9948034286499023,0,0,0,1],"scale":1.527999997138977,"type":"wca_rock6"}
{"pos":[737.2349853515625,-554.5239868164063,175.7140045166016],"rotationMatrix":[-0.2944403886795044,-0.9556698203086853,0,0.9556698203086853,-0.2944403886795044,0,0,0,1],"scale":1.556300044059753,"type":"wca_rock6"}
{"pos":[735.1370239257813,-534.1079711914063,176.0399932861328],"rotationMatrix":[0.6641279458999634,-0.7476189136505127,0,0.7476189136505127,0.6641279458999634,0,0,0,1],"scale":1.569900035858154,"type":"wca_rock6"}
{"pos":[727.7150268554688,-588.2440185546875,183.0749969482422],"rotationMatrix":[0.9444888830184937,0.3285433650016785,0,-0.3285433650016785,0.9444888830184937,0,0,0,1],"scale":0.8641999959945679,"type":"wca_rock6"}
{"pos":[709.1729736328125,-608.7119750976563,188.2799987792969],"rotationMatrix":[-0.7179164886474609,-0.6961292624473572,0,0.6961292624473572,-0.7179164886474609,0,0,0,1],"scale":1.174800038337708,"type":"wca_rock6"}
{"pos":[709.8740234375,-604.1339721679688,187.1239929199219],"rotationMatrix":[0.2249875068664551,0.9743616580963135,0,-0.9743616580963135,0.2249875068664551,0,0,0,1],"scale":1.133000016212463,"type":"wca_rock6"}
{"pos":[712.666015625,-600.5479736328125,185.8679962158203],"rotationMatrix":[-0.6102945804595947,-0.7921745777130127,0,0.7921745777130127,-0.6102945804595947,0,0,0,1],"scale":0.8306000232696533,"type":"wca_rock6"}
{"pos":[720.6129760742188,-635.1179809570313,191.1490020751953],"rotationMatrix":[-0.5899012088775635,0.8074754476547241,0,-0.8074754476547241,-0.5899012088775635,0,0,0,1],"scale":1.018900036811829,"type":"wca_rock6"}
{"pos":[745.5750122070313,-669.447998046875,194.8320007324219],"rotationMatrix":[0.9193587303161621,-0.3934202790260315,0,0.3934202790260315,0.9193587303161621,0,0,0,1],"scale":1.131399989128113,"type":"wca_rock6"}
{"pos":[700.7449951171875,-709.198974609375,197.8110046386719],"rotationMatrix":[0.8611354827880859,0.5083755254745483,0,-0.5083755254745483,0.8611354827880859,0,0,0,1],"scale":1.113700032234192,"type":"wca_rock6"}
{"pos":[748.3209838867188,-694.0130004882813,196.3939971923828],"rotationMatrix":[-0.9980003833770752,-0.06320787221193314,0,0.06320787221193314,-0.9980003833770752,0,0,0,1],"scale":1.346799969673157,"type":"wca_rock6"}
{"pos":[687.0650024414063,-707.051025390625,198.2270050048828],"rotationMatrix":[-0.3438161611557007,-0.9390369653701782,0,0.9390369653701782,-0.3438161611557007,0,0,0,1],"scale":1.316100001335144,"type":"wca_rock6"}
{"pos":[679.239990234375,-704.60400390625,198.7969970703125],"rotationMatrix":[-0.9912096261978149,-0.1323007047176361,0,0.1323007047176361,-0.9912096261978149,0,0,0,1],"scale":1.044299960136414,"type":"wca_rock6"}
{"pos":[684.3109741210938,-707.0079956054688,198.2230072021484],"rotationMatrix":[0.8066823482513428,-0.5909852981567383,0,0.5909852981567383,0.8066823482513428,0,0,0,1],"scale":1.420600056648254,"type":"wca_rock6"}
{"pos":[529.1430053710938,-586.7979736328125,177.9589996337891],"rotationMatrix":[0.5548095703125,-0.831977367401123,0,0.831977367401123,0.5548095703125,0,0,0,1],"scale":1.390400052070618,"type":"wca_rock6"}
{"pos":[528.2509765625,-601.6530151367188,181.0370025634766],"rotationMatrix":[-0.9995999336242676,0.02828378789126873,0,-0.02828378789126873,-0.9995999336242676,0,0,0,1],"scale":1.173499941825867,"type":"wca_rock6"}
{"pos":[549.4089965820313,-609.031982421875,182.3070068359375],"rotationMatrix":[0.0236365795135498,0.9997206330299377,0,-0.9997206330299377,0.0236365795135498,0,0,0,1],"scale":0.9398999810218811,"type":"wca_rock6"}
{"pos":[552.5560302734375,-607.3939819335938,183.1920013427734],"rotationMatrix":[-0.9114034175872803,0.4115140438079834,0,-0.4115140438079834,-0.9114034175872803,0,0,0,1],"scale":1.110999941825867,"type":"wca_rock6"}
{"pos":[511.2099914550781,-586.0469970703125,177.6320037841797],"rotationMatrix":[-0.897351861000061,0.4413157999515533,0,-0.4413157999515533,-0.897351861000061,0,0,0,1],"scale":1.24370002746582,"type":"wca_rock6"}
{"pos":[517.7919921875,-632.3939819335938,182.9369964599609],"rotationMatrix":[0.9008094072341919,0.43421471118927,0,-0.43421471118927,0.9008094072341919,0,0,0,1],"scale":1.192600011825562,"type":"wca_rock6"}
{"pos":[511.7210083007813,-640.5120239257813,183.1690063476563],"rotationMatrix":[-0.2989495992660522,0.9542688727378845,0,-0.9542688727378845,-0.2989495992660522,0,0,0,1],"scale":0.8482000231742859,"type":"wca_rock6"}
{"pos":[523.8699951171875,-668.3380126953125,189.2089996337891],"rotationMatrix":[0.7537384033203125,-0.6571745872497559,0,0.6571745872497559,0.7537384033203125,0,0,0,1],"scale":1.564499974250793,"type":"wca_rock6"}
{"pos":[515.3909912109375,-676.7990112304688,188.4109954833984],"rotationMatrix":[-0.9924072027206421,-0.1229957044124603,0,0.1229957044124603,-0.9924072027206421,0,0,0,1],"scale":1.240200042724609,"type":"wca_rock6"}
{"pos":[512.489013671875,-683.2210083007813,189.3739929199219],"rotationMatrix":[-0.2519948482513428,0.9677285552024841,0,-0.9677285552024841,-0.2519948482513428,0,0,0,1],"scale":0.9032999873161316,"type":"wca_rock6"}
{"pos":[596.2479858398438,-997.7830200195313,153.1529998779297],"rotationMatrix":[-0.1346204280853271,-0.9908972382545471,0,0.9908972382545471,-0.1346204280853271,0,0,0,1],"scale":1.427500009536743,"type":"wca_rock6"}
{"pos":[587.1270141601563,-994.0419921875,152.6150054931641],"rotationMatrix":[0.9567819833755493,0.2908061742782593,0,-0.2908061742782593,0.9567819833755493,0,0,0,1],"scale":1.27049994468689,"type":"wca_rock6"}
{"pos":[347.8429870605469,-338.9330139160156,148.0720062255859],"rotationMatrix":[-0.9720978736877441,0.234575629234314,0,-0.234575629234314,-0.9720978736877441,0,0,0,1],"scale":0.964900016784668,"type":"wca_rock6"}
{"pos":[481.7300109863281,-613.27099609375,176.0050048828125],"rotationMatrix":[0.9021410942077637,0.4314411282539368,0,-0.4314411282539368,0.9021410942077637,0,0,0,1],"scale":1.138800024986267,"type":"wca_rock6"}
{"pos":[491.6369934082031,-699.906005859375,187.0469970703125],"rotationMatrix":[-0.2504130601882935,-0.968139111995697,0,0.968139111995697,-0.2504130601882935,0,0,0,1],"scale":1.317100048065186,"type":"wca_rock6"}
{"pos":[491.4559936523438,-703.031982421875,189.7250061035156],"rotationMatrix":[0.9680460691452026,0.2507724165916443,0,-0.2507724165916443,0.9680460691452026,0,0,0,1],"scale":0.9743999838829041,"type":"wca_rock6"}
{"pos":[492.989013671875,-702.2930297851563,190.0359954833984],"rotationMatrix":[-0.7097703218460083,-0.7044331431388855,0,0.7044331431388855,-0.7097703218460083,0,0,0,1],"scale":1.346400022506714,"type":"wca_rock6"}
{"pos":[490.4739990234375,-710.1220092773438,192.2039947509766],"rotationMatrix":[0.1866773366928101,-0.9824212789535522,0,0.9824212789535522,0.1866773366928101,0,0,0,1],"scale":0.944599986076355,"type":"wca_rock6"}
{"pos":[448.0180053710938,-730.4929809570313,188.9320068359375],"rotationMatrix":[-0.8993004560470581,-0.4373313188552856,0,0.4373313188552856,-0.8993004560470581,0,0,0,1],"scale":1.066200017929077,"type":"wca_rock6"}
{"pos":[449.2510070800781,-733.6229858398438,191.5749969482422],"rotationMatrix":[-0.6572922468185425,0.7536357641220093,0,-0.7536357641220093,-0.6572922468185425,0,0,0,1],"scale":1.142500042915344,"type":"wca_rock6"}
{"pos":[471.8840026855469,-697.0989990234375,187.7239990234375],"rotationMatrix":[0.9462080001831055,-0.3235589861869812,0,0.3235589861869812,0.9462080001831055,0,0,0,1],"scale":0.9649999737739563,"type":"wca_rock6"}
{"pos":[468.6929931640625,-698.4000244140625,187.1080017089844],"rotationMatrix":[-0.5124082565307617,0.8587419986724854,0,-0.8587419986724854,-0.5124082565307617,0,0,0,1],"scale":0.9718999862670898,"type":"wca_rock6"}
{"pos":[422.1730041503906,-708.4710083007813,163.4889984130859],"rotationMatrix":[0.9843709468841553,-0.1761074662208557,0,0.1761074662208557,0.9843709468841553,0,0,0,1],"scale":1.384899973869324,"type":"wca_rock6"}
{"pos":[467.9710083007813,-892.31298828125,150.8500061035156],"rotationMatrix":[0.8154110908508301,-0.5788823366165161,0,0.5788823366165161,0.8154110908508301,0,0,0,1],"scale":0.8324000239372253,"type":"wca_rock6"}
{"pos":[186.6130065917969,-806.0689697265625,142.8470001220703],"rotationMatrix":[0.9991757869720459,-0.04059244692325592,0,0.04059244692325592,0.9991757869720459,0,0,0,1],"scale":1.550400018692017,"type":"wca_rock6"}
{"pos":[1006.72998046875,257.93798828125,154.0110015869141],"rotationMatrix":[0.2592120170593262,-0.9658204317092896,0,0.9658204317092896,0.2592120170593262,0,0,0,1],"scale":1.361899971961975,"type":"wca_rock6"}
{"pos":[1008.859985351563,245.2089996337891,155.6809997558594],"rotationMatrix":[-0.2055940628051758,0.9786373376846313,0,-0.9786373376846313,-0.2055940628051758,0,0,0,1],"scale":1.584100008010864,"type":"wca_rock6"}
{"pos":[1004.989990234375,198.2019958496094,153.2480010986328],"rotationMatrix":[-0.966937780380249,-0.2550124228000641,0,0.2550124228000641,-0.966937780380249,0,0,0,1],"scale":1.138599991798401,"type":"wca_rock6"}
{"pos":[1011.570007324219,185.5950012207031,154.52099609375],"rotationMatrix":[-0.9550552368164063,0.2964279055595398,0,-0.2964279055595398,-0.9550552368164063,0,0,0,1],"scale":0.8956999778747559,"type":"wca_rock6"}
{"pos":[1012.530029296875,127.5230026245117,153.0240020751953],"rotationMatrix":[-0.5746026039123535,-0.8184325695037842,0,0.8184325695037842,-0.5746026039123535,0,0,0,1],"scale":1.169100046157837,"type":"wca_rock6"}
{"pos":[1012.510009765625,131.9620056152344,153.3849945068359],"rotationMatrix":[0.7561187744140625,-0.6544343829154968,0,0.6544343829154968,0.7561187744140625,0,0,0,1],"scale":1.404399991035461,"type":"wca_rock6"}
{"pos":[1011.890014648438,130.1300048828125,152.9129943847656],"rotationMatrix":[0.4903538227081299,-0.8715234398841858,0,0.8715234398841858,0.4903538227081299,0,0,0,1],"scale":1.006500005722046,"type":"wca_rock6"}
{"pos":[1010.299987792969,90.74220275878906,153.9600067138672],"rotationMatrix":[-0.5519697666168213,0.833864152431488,0,-0.833864152431488,-0.5519697666168213,0,0,0,1],"scale":1.179200053215027,"type":"wca_rock6"}
{"pos":[947.6129760742188,484.6260070800781,144.5899963378906],"rotationMatrix":[-0.9988002777099609,-0.04896943271160126,0,0.04896943271160126,-0.9988002777099609,0,0,0,1],"scale":0.9743999838829041,"type":"wca_rock6"}
{"pos":[963.9949951171875,431.5849914550781,148.802001953125],"rotationMatrix":[0.1016639471054077,-0.9948188066482544,0,0.9948188066482544,0.1016639471054077,0,0,0,1],"scale":0.9700000286102295,"type":"wca_rock6"}
{"pos":[963.6510009765625,425.3919982910156,148.0890045166016],"rotationMatrix":[-0.8981313705444336,0.439727246761322,0,-0.439727246761322,-0.8981313705444336,0,0,0,1],"scale":1.046700000762939,"type":"wca_rock6"}
{"pos":[964.0180053710938,422.2479858398438,148.2259979248047],"rotationMatrix":[-0.8566645383834839,-0.515873908996582,0,0.515873908996582,-0.8566645383834839,0,0,0,1],"scale":1.335100054740906,"type":"wca_rock6"}
{"pos":[966.4039916992188,421.3059997558594,149.7929992675781],"rotationMatrix":[-0.8118464946746826,-0.5838709473609924,0,0.5838709473609924,-0.8118464946746826,0,0,0,1],"scale":1.223700046539307,"type":"wca_rock6"}
{"pos":[960.7369995117188,5.242300033569336,150.7749938964844],"rotationMatrix":[-0.7634420394897461,0.6458763480186462,0,-0.6458763480186462,-0.7634420394897461,0,0,0,1],"scale":0.8539000153541565,"type":"wca_rock6"}
{"pos":[122.8759994506836,572.4920043945313,92.24320220947266],"rotationMatrix":[0.3380599021911621,0.9411246180534363,0,-0.9411246180534363,0.3380599021911621,0,0,0,1],"scale":1.364400029182434,"type":"wca_rock6"}
{"pos":[78.41960144042969,533.458984375,101.1380004882813],"rotationMatrix":[-0.8620641231536865,-0.5067992210388184,0,0.5067992210388184,-0.8620641231536865,0,0,0,1],"scale":1.529999971389771,"type":"wca_rock6"}
{"pos":[17.90220069885254,513.4970092773438,74.50440216064453],"rotationMatrix":[0.8410648107528687,-0.5409343838691711,0,0.5409343838691711,0.8410648107528687,0,0,0,1],"scale":1.049499988555908,"type":"wca_rock6"}
{"pos":[51.28659820556641,540.4920043945313,75.77670288085938],"rotationMatrix":[-0.127100944519043,-0.9918897747993469,0,0.9918897747993469,-0.127100944519043,0,0,0,1],"scale":0.90420001745224,"type":"wca_rock6"}
{"pos":[36.21419906616211,528.322998046875,75.029296875],"rotationMatrix":[-0.007064223289489746,0.9999750256538391,0,-0.9999750256538391,-0.007064223289489746,0,0,0,1],"scale":1.397799968719482,"type":"wca_rock6"}
{"pos":[30.70610046386719,510.7460021972656,87.13960266113281],"rotationMatrix":[-0.1500377655029297,-0.9886802434921265,0,0.9886802434921265,-0.1500377655029297,0,0,0,1],"scale":0.8464999794960022,"type":"wca_rock6"}
{"pos":[29.02309989929199,508.3840026855469,87.24469757080078],"rotationMatrix":[0.7936611175537109,-0.6083601117134094,0,0.6083601117134094,0.7936611175537109,0,0,0,1],"scale":0.9174000024795532,"type":"wca_rock6"}
{"pos":[4.054599761962891,472.7279968261719,100.4929962158203],"rotationMatrix":[-0.4422813653945923,0.896876335144043,0,-0.896876335144043,-0.4422813653945923,0,0,0,1],"scale":1.175699949264526,"type":"wca_rock6"}
{"pos":[816.8203735351563,-982.3922729492188,177.1322479248047],"rotationMatrix":[-0.7678382396697998,0.6406437754631042,0,-0.6406437754631042,-0.7678382396697998,0,0,0,1],"scale":0.8498677015304565,"type":"wca_rock6"}
{"pos":[514.0775756835938,151.4151916503906,142.1207885742188],"rotationMatrix":[0.7795205116271973,0.6263766884803772,0,-0.6263766884803772,0.7795205116271973,0,0,0,1],"scale":1.373547315597534,"type":"wca_rock6"}
{"pos":[513.2249755859375,151.8534393310547,141.5340118408203],"rotationMatrix":[-0.9921739101409912,-0.1248636543750763,0,0.1248636543750763,-0.9921739101409912,0,0,0,1],"scale":0.9574307799339294,"type":"wca_rock6"}
{"pos":[93.79361724853516,-988.2244262695313,127.4329528808594],"rotationMatrix":[0.9500238299369812,0.1366701573133469,0.2806705832481384,0.06103084981441498,0.8004128336906433,-0.5963340401649475,-0.306153416633606,0.5836610198020935,0.7520703077316284],"scale":1.138152837753296,"type":"wca_rock6"}
{"pos":[51.92028427124023,-993.272705078125,129.9974670410156],"rotationMatrix":[-0.09937829524278641,0.9950497150421143,0,-0.9950497150421143,-0.09937829524278641,0,0,0,1],"scale":1.185409307479858,"type":"wca_rock6"}
{"pos":[42.77514266967773,-990.3531494140625,127.1225357055664],"rotationMatrix":[-0.4274117350578308,-0.9040570855140686,0,0.9040570855140686,-0.4274117350578308,0,0,0,1],"scale":1.18889844417572,"type":"wca_rock6"}
{"pos":[30.55205345153809,-991.2686767578125,127.5107650756836],"rotationMatrix":[-0.1275824308395386,0.9918279647827148,0,-0.9918279647827148,-0.1275824308395386,0,0,0,1],"scale":1.217825293540955,"type":"wca_rock6"}
{"pos":[64.73258972167969,-977.4176025390625,127.1281051635742],"rotationMatrix":[0.8578523397445679,-0.5138962864875793,0,0.5138962864875793,0.8578523397445679,0,0,0,1],"scale":0.982679009437561,"type":"wca_rock6"}
{"pos":[95.47115325927734,-976.3732299804688,125.3849334716797],"rotationMatrix":[-0.7349269390106201,0.3375779390335083,0.5881527066230774,-0.4726018905639648,-0.8769509792327881,-0.08720313757658005,0.4863430559635162,-0.342050164937973,0.8040348887443542],"scale":1.423953056335449,"type":"wca_rock6"}
{"pos":[19.10269546508789,-982.655029296875,128.3374938964844],"rotationMatrix":[-0.1816713809967041,0.7016647458076477,0.6889573931694031,-0.9680778980255127,-0.2506495714187622,0,0.1726868152618408,-0.6669642329216003,0.7248022556304932],"scale":0.9238507747650146,"type":"wca_rock6"}
{"pos":[-18.15099143981934,-999.0145263671875,129.1519927978516],"rotationMatrix":[0.9991440773010254,0.04136604070663452,0,-0.03344718366861343,0.8078742623329163,-0.588404655456543,-0.02433997020125389,0.5879009962081909,0.8085662722587585],"scale":1.290633320808411,"type":"wca_rock6"}
{"pos":[-14.79659652709961,-988.2544555664063,129.3426055908203],"rotationMatrix":[-0.9423806071281433,-0.3345426917076111,0,0.3345426917076111,-0.9423806071281433,0,0,0,1],"scale":0.9260951280593872,"type":"wca_rock6"}
{"pos":[19.00224876403809,-980.651611328125,129.6468200683594],"rotationMatrix":[-0.0540655292570591,-0.9310702681541443,-0.3608117401599884,0.9585661888122559,0.05281776189804077,-0.2799311280250549,0.2796927988529205,-0.3609964549541473,0.8896368741989136],"scale":1.534514546394348,"type":"wca_rock6"}
{"pos":[-10.8570613861084,-997.8340454101563,129.0515289306641],"rotationMatrix":[-0.583069920539856,0.812421977519989,0,-0.812421977519989,-0.583069920539856,0,0,0,1],"scale":1.046023488044739,"type":"wca_rock6"}
{"pos":[23.54396629333496,-982.4141235351563,128.0205993652344],"rotationMatrix":[-0.1440653204917908,-0.9895681738853455,0,0.9895681738853455,-0.1440653204917908,0,0,0,1],"scale":1.20478892326355,"type":"wca_rock6"}
{"pos":[25.11881446838379,-982.090576171875,127.8231811523438],"rotationMatrix":[0.6370629072189331,-0.7708117961883545,0,0.7708117961883545,0.6370629072189331,0,0,0,1],"scale":1.148138046264648,"type":"wca_rock6"}
{"pos":[-34.77437591552734,-903.1422119140625,125.1668472290039],"rotationMatrix":[0.8485921621322632,-0.5290476083755493,0,0.5290476083755493,0.8485921621322632,0,0,0,1],"scale":1.412874460220337,"type":"wca_rock6"}
{"pos":[-55.06293487548828,-971.5142211914063,129.2198181152344],"rotationMatrix":[-0.06673219799995422,-0.9708448052406311,0.23023322224617,0.9976460933685303,-0.06857441365718842,0,0.01578810811042786,0.2296912670135498,0.9731355905532837],"scale":1.432495474815369,"type":"wca_rock6"}
{"pos":[6.594146728515625,-962.9609985351563,128.2403564453125],"rotationMatrix":[0.9762325286865234,-0.2167258858680725,0,0.2167258858680725,0.9762325286865234,0,0,0,1],"scale":1.421010494232178,"type":"wca_rock6"}
{"pos":[181.1465148925781,-995.2958374023438,127.662712097168],"rotationMatrix":[-0.4262561500072479,0.9046025276184082,0,-0.9046025276184082,-0.4262561500072479,0,0,0,1],"scale":0.8434006571769714,"type":"wca_rock6"}
{"pos":[151.4671020507813,-992.6144409179688,127.2670135498047],"rotationMatrix":[-0.1561651229858398,0.9877309799194336,0,-0.9877309799194336,-0.1561651229858398,0,0,0,1],"scale":1.331579685211182,"type":"wca_rock6"}
{"pos":[2.618926286697388,-984.2388916015625,130.4936065673828],"rotationMatrix":[0.693120539188385,-0.7088733315467834,-0.1307015120983124,0.7184629440307617,0.664743185043335,0.2047628164291382,-0.05826788023114204,-0.2358294725418091,0.9700465798377991],"scale":0.8640460968017578,"type":"wca_rock6"}
{"pos":[-187.1165771484375,-646.0291748046875,114.1587600708008],"rotationMatrix":[-0.4477528035640717,0.8941574096679688,0,-0.8941574096679688,-0.4477528035640717,0,0,0,1],"scale":0.8598747849464417,"type":"wca_rock6"}
{"pos":[-172.2454833984375,-664.2589111328125,115.0616912841797],"rotationMatrix":[-0.6145589351654053,-0.7888709902763367,0,0.7888709902763367,-0.6145589351654053,0,0,0,1],"scale":1.325418829917908,"type":"wca_rock6"}
{"pos":[-247.8972473144531,-566.9072265625,110.8580093383789],"rotationMatrix":[0.09777393192052841,-0.9952086210250854,0,0.9952086210250854,0.09777393192052841,0,0,0,1],"scale":1.40645956993103,"type":"wca_rock6"}
{"pos":[98.90901184082031,-976.7400512695313,125.2560577392578],"rotationMatrix":[-0.9731655120849609,-0.02735353820025921,0.2284750491380692,-0.1127893924713135,-0.8087477087974548,-0.5772395133972168,0.200568214058876,-0.5875191688537598,0.7839599847793579],"scale":1.560553550720215,"type":"wca_rock6"}
{"pos":[-248.3414764404297,-914.2435302734375,133.5270538330078],"rotationMatrix":[0.8810436725616455,-0.4730349779129028,0,0.4730349779129028,0.8810436725616455,0,0,0,1],"scale":1.086820721626282,"type":"wca_rock6"}
{"pos":[-254.9787445068359,-910.3033447265625,134.2834167480469],"rotationMatrix":[0.9138612151145935,0.4060267508029938,0,-0.4060267508029938,0.9138612151145935,0,0,0,1],"scale":1.078681945800781,"type":"wca_rock6"}
{"pos":[-206.8002624511719,-938.273681640625,132.9563751220703],"rotationMatrix":[0.02274938113987446,0.9997411966323853,0,-0.9997411966323853,0.02274938113987446,0,0,0,1],"scale":1.503553867340088,"type":"wca_rock6"}
{"pos":[-213.8848724365234,-936.7293701171875,135.0909271240234],"rotationMatrix":[0.09777437895536423,0.9294050931930542,-0.3558741509914398,-0.9945119023323059,0.1046236753463745,0,0.03723286464810371,0.353921115398407,0.9345338344573975],"scale":0.9451420307159424,"type":"wca_rock6"}
{"pos":[-192.2801361083984,-946.2110595703125,133.6186065673828],"rotationMatrix":[-0.02051260136067867,0.9997903108596802,0,-0.9997903108596802,-0.02051260136067867,0,0,0,1],"scale":1.1689612865448,"type":"wca_rock6"}
{"pos":[-188.76171875,-948.2108154296875,133.4716033935547],"rotationMatrix":[0.1654286235570908,0.9467673301696777,-0.2761609554290771,-0.9531213045120239,0.08154240995645523,-0.2913947105407715,-0.2533641457557678,0.3114198744297028,0.9158734083175659],"scale":1.245017170906067,"type":"wca_rock6"}
{"pos":[-224.7335052490234,-931.9539184570313,135.9581604003906],"rotationMatrix":[0.5392740368843079,0.8421303033828735,0,-0.8421303033828735,0.5392740368843079,0,0,0,1],"scale":0.9072892069816589,"type":"wca_rock6"}
{"pos":[-382.9364013671875,-893.4122924804688,137.1188507080078],"rotationMatrix":[0.5370375514030457,0.09485854208469391,-0.8382076621055603,-0.1739403754472733,0.9847560524940491,0,0.8254300951957703,0.1457981318235397,0.5453513264656067],"scale":1.389509677886963,"type":"wca_rock6"}
{"pos":[-395.1982421875,-903.8897705078125,138.4008941650391],"rotationMatrix":[0.8351527452468872,0.5500180721282959,0,-0.5500180721282959,0.8351527452468872,0,0,0,1],"scale":1.173845887184143,"type":"wca_rock6"}
{"pos":[-389.4076538085938,-944.8448486328125,143.8733825683594],"rotationMatrix":[-0.8760443925857544,0.4822304248809814,0,-0.4822304248809814,-0.8760443925857544,0,0,0,1],"scale":1.563641786575317,"type":"wca_rock6"}
{"pos":[-388.2231750488281,-945.6812133789063,143.3705902099609],"rotationMatrix":[0.3705397844314575,-0.9288166165351868,0,0.9288166165351868,0.3705397844314575,0,0,0,1],"scale":0.8373717069625854,"type":"wca_rock6"}
{"pos":[-386.6675415039063,-948.8139038085938,142.2192840576172],"rotationMatrix":[0.2052156925201416,0.9787168502807617,0,-0.9787168502807617,0.2052156925201416,0,0,0,1],"scale":0.9632234573364258,"type":"wca_rock6"}
{"pos":[-380.2798461914063,-898.057373046875,139.6186218261719],"rotationMatrix":[-0.4445751905441284,-0.8957412838935852,0,0.8431240916252136,-0.4184601902961731,0.3376868963241577,-0.3024801313877106,0.1501272618770599,0.9412583112716675],"scale":1.518321752548218,"type":"wca_rock6"}
{"pos":[-381.4678039550781,-900.943603515625,138.8463439941406],"rotationMatrix":[-0.7818135619163513,0.6235122680664063,0,-0.6235122680664063,-0.7818135619163513,0,0,0,1],"scale":0.837128758430481,"type":"wca_rock6"}
{"pos":[-337.2472229003906,-802.8919677734375,137.0186614990234],"rotationMatrix":[0.9410752654075623,0.3381972014904022,0,-0.3381972014904022,0.9410752654075623,0,0,0,1],"scale":1.161837339401245,"type":"wca_rock6"}
{"pos":[-410.8905334472656,-799.633056640625,140.9709320068359],"rotationMatrix":[0.5116780400276184,-0.85917729139328,0,0.85917729139328,0.5116780400276184,0,0,0,1],"scale":1.257240533828735,"type":"wca_rock6"}
{"pos":[-58.28392791748047,-908.2415161132813,131.9663543701172],"rotationMatrix":[-0.8234596848487854,-0.5673753023147583,0,0.5673753023147583,-0.8234596848487854,0,0,0,1],"scale":0.801761269569397,"type":"wca_rock6"}
{"pos":[-385.327880859375,-783.4684448242188,139.923095703125],"rotationMatrix":[0.08872302621603012,-0.9960563182830811,0,0.9960563182830811,0.08872302621603012,0,0,0,1],"scale":1.392859697341919,"type":"wca_rock6"}
{"pos":[-401.808349609375,-768.6676635742188,141.1385803222656],"rotationMatrix":[-0.2952211797237396,-0.9554288983345032,0,0.9554288983345032,-0.2952211797237396,0,0,0,1],"scale":1.155925273895264,"type":"wca_rock6"}
{"pos":[-401.9333190917969,-765.749755859375,143.9643707275391],"rotationMatrix":[-0.005640385672450066,-0.950941264629364,-0.3093201816082001,0.9999824166297913,-0.00593126704916358,0,-0.001834660652093589,-0.3093147873878479,0.9509577751159668],"scale":1.386045098304749,"type":"wca_rock6"}
{"pos":[-422.7586975097656,-782.103271484375,138.9391174316406],"rotationMatrix":[0.1447726339101791,0.9061630368232727,0.3973783552646637,-0.9874770641326904,0.157763659954071,0,-0.06269188225269318,-0.3924020826816559,0.9176548719406128],"scale":1.470362901687622,"type":"wca_rock6"}
{"pos":[-739.8314819335938,-842.2255859375,126.9696884155273],"rotationMatrix":[0.6755480766296387,0.7373159527778625,0,-0.7373159527778625,0.6755480766296387,0,0,0,1],"scale":0.800055980682373,"type":"wca_rock6"}
{"pos":[-874.5660400390625,-887.5595092773438,127.3086776733398],"rotationMatrix":[-0.9999343156814575,0.01146014127880335,0,-0.01146014127880335,-0.9999343156814575,0,0,0,1],"scale":1.580007791519165,"type":"wca_rock6"}
{"pos":[-902.0321044921875,-938.3771362304688,133.3514709472656],"rotationMatrix":[-0.9234712719917297,0.3836683034896851,0,-0.3836683034896851,-0.9234712719917297,0,0,0,1],"scale":1.216634154319763,"type":"wca_rock6"}
{"pos":[-959.6683349609375,-952.0232543945313,134.7136993408203],"rotationMatrix":[-0.8698973059654236,-0.4932329654693604,0,0.4932329654693604,-0.8698973059654236,0,0,0,1],"scale":1.325706362724304,"type":"wca_rock6"}
{"pos":[-974.9672241210938,-962.1219482421875,136.9330749511719],"rotationMatrix":[-0.9983155131340027,-0.05801890045404434,0,0.05801890045404434,-0.9983155131340027,0,0,0,1],"scale":1.598020792007446,"type":"wca_rock6"}
{"pos":[-970.40673828125,-971.632080078125,136.6354064941406],"rotationMatrix":[-0.2953253388404846,0.9553967714309692,0,-0.9553967714309692,-0.2953253388404846,0,0,0,1],"scale":1.287324905395508,"type":"wca_rock6"}
{"pos":[-940.2434692382813,-986.5221557617188,138.8549957275391],"rotationMatrix":[-0.4207126498222351,0.8940723538398743,-0.1537383794784546,-0.9048291444778442,-0.425774484872818,0,-0.06545790284872055,0.1391069144010544,0.9881114959716797],"scale":1.586756467819214,"type":"wca_rock6"}
{"pos":[-906.9146118164063,-982.6509399414063,141.3217010498047],"rotationMatrix":[-0.9171054363250732,0.3986450433731079,0,-0.3986450433731079,-0.9171054363250732,0,0,0,1],"scale":1.281983613967896,"type":"wca_rock6"}
{"pos":[-900.4166259765625,-980.3755493164063,142.2694244384766],"rotationMatrix":[-0.574079692363739,0.8187994360923767,0,-0.8187994360923767,-0.574079692363739,0,0,0,1],"scale":1.106623649597168,"type":"wca_rock6"}
{"pos":[-865.4561157226563,-969.6151733398438,146.4537353515625],"rotationMatrix":[-0.9204115867614746,0.3909512162208557,0,-0.3909512162208557,-0.9204115867614746,0,0,0,1],"scale":1.360580563545227,"type":"wca_rock6"}
{"pos":[-866.9085083007813,-970.567138671875,146.5556488037109],"rotationMatrix":[-0.9310269951820374,-0.3649502992630005,0,0.3649502992630005,-0.9310269951820374,0,0,0,1],"scale":0.9654393196105957,"type":"wca_rock6"}
{"pos":[-725.2723388671875,-920.7315673828125,163.8220367431641],"rotationMatrix":[0.5574295520782471,-0.830224335193634,0,0.830224335193634,0.5574295520782471,0,0,0,1],"scale":1.048875331878662,"type":"wca_rock6"}
{"pos":[-704.3436889648438,-946.4224243164063,164.5819549560547],"rotationMatrix":[-0.003931634128093719,0.9999924302101135,0,-0.9999924302101135,-0.003931634128093719,0,0,0,1],"scale":1.155776023864746,"type":"wca_rock6"}
{"pos":[-607.722900390625,-942.1229248046875,163.4800720214844],"rotationMatrix":[0.2988426983356476,0.9543024301528931,0,-0.9543024301528931,0.2988426983356476,0,0,0,1],"scale":0.921861469745636,"type":"wca_rock6"}
{"pos":[-609.3745727539063,-943.4361572265625,162.9891967773438],"rotationMatrix":[-0.8330510258674622,0.553196132183075,0,-0.553196132183075,-0.8330510258674622,0,0,0,1],"scale":1.36683976650238,"type":"wca_rock6"}
{"pos":[-629.6016845703125,-750.3464965820313,134.4021606445313],"rotationMatrix":[0.5047155618667603,-0.8632857203483582,0,0.8632857203483582,0.5047155618667603,0,0,0,1],"scale":1.083649635314941,"type":"wca_rock6"}
{"pos":[-325.6979370117188,-788.9144897460938,136.3330841064453],"rotationMatrix":[0.9059873223304749,0.3973515033721924,0.1459436416625977,-0.4217511415481567,0.8768356442451477,0.2308366745710373,-0.03624531626701355,-0.2706868648529053,0.9619850516319275],"scale":1.528532981872559,"type":"wca_rock6"}
{"pos":[-311.1145629882813,-771.6336059570313,137.0283508300781],"rotationMatrix":[0.8944275975227356,-0.4472127258777618,0,0.4472127258777618,0.8944275975227356,0,0,0,1],"scale":0.8767626881599426,"type":"wca_rock6"}
{"pos":[-309.9324951171875,-770.023193359375,136.8835296630859],"rotationMatrix":[0.9984450340270996,-0.0557449646294117,0,0.0557449646294117,0.9984450340270996,0,0,0,1],"scale":1.072616100311279,"type":"wca_rock6"}
{"pos":[-458.8400268554688,-731.4335327148438,142.3796997070313],"rotationMatrix":[0.9605461359024048,-0.278120756149292,0,0.278120756149292,0.9605461359024048,0,0,0,1],"scale":1.094493627548218,"type":"wca_rock6"}
{"pos":[-485.5885925292969,-722.1389770507813,141.8284301757813],"rotationMatrix":[0.8566604256629944,-0.5158807039260864,0,0.5158807039260864,0.8566604256629944,0,0,0,1],"scale":0.9643416404724121,"type":"wca_rock6"}
{"pos":[-557.83447265625,-721.6809692382813,139.1185913085938],"rotationMatrix":[-0.1638980954885483,0.986477255821228,0,-0.986477255821228,-0.1638980954885483,0,0,0,1],"scale":0.8021094799041748,"type":"wca_rock6"}
{"pos":[-565.50927734375,-723.1085205078125,138.2081298828125],"rotationMatrix":[-0.1374897211790085,-0.990503191947937,0,0.990503191947937,-0.1374897211790085,0,0,0,1],"scale":1.178694128990173,"type":"wca_rock6"}
{"pos":[-695.844970703125,-817.8064575195313,128.4053955078125],"rotationMatrix":[-0.9526306390762329,0.2368683815002441,0.1907560229301453,-0.2412992566823959,-0.9704505205154419,0,0.1851193010807037,-0.04602928459644318,0.9816374778747559],"scale":1.211015462875366,"type":"wca_rock6"}
{"pos":[-926.838134765625,-853.7012329101563,122.1182861328125],"rotationMatrix":[-0.1118583679199219,0.9937241673469543,0,-0.9937241673469543,-0.1118583679199219,0,0,0,1],"scale":1.404949307441711,"type":"wca_rock6"}
{"pos":[-921.1046142578125,-835.0828247070313,118.5727844238281],"rotationMatrix":[0.631963849067688,-0.620302677154541,0.4645928740501404,0.7744185328483582,0.5286162495613098,-0.3476210832595825,-0.02996108680963516,0.5794733166694641,0.8144404888153076],"scale":1.356318235397339,"type":"wca_rock6"}
{"pos":[-845.4646606445313,-738.5269165039063,111.5456314086914],"rotationMatrix":[0.3742331862449646,0.9273346066474915,0,-0.9273346066474915,0.3742331862449646,0,0,0,1],"scale":0.8938000202178955,"type":"wca_rock6"}
{"pos":[-805.3703002929688,-690.1890258789063,108.8866424560547],"rotationMatrix":[-0.9999690651893616,0.007859595119953156,0,-0.007859595119953156,-0.9999690651893616,0,0,0,1],"scale":0.9365032315254211,"type":"wca_rock6"}
{"pos":[-808.1107788085938,-693.7452392578125,109.1598587036133],"rotationMatrix":[-0.9278169274330139,-0.3730358183383942,0,0.3730358183383942,-0.9278169274330139,0,0,0,1],"scale":1.352111101150513,"type":"wca_rock6"}
{"pos":[-765.4520263671875,-644.2587890625,105.7480697631836],"rotationMatrix":[-0.940942645072937,0.3385660648345947,0,-0.3385660648345947,-0.940942645072937,0,0,0,1],"scale":0.9506517052650452,"type":"wca_rock6"}
{"pos":[-423.4787902832031,-644.8068237304688,131.9380493164063],"rotationMatrix":[-0.04420313239097595,0.9990224242210388,0,-0.9772040843963623,-0.04323774948716164,0.2078513503074646,0.2076481580734253,0.009187678806483746,0.9781603217124939],"scale":1.473889112472534,"type":"wca_rock6"}
{"pos":[-387.9398803710938,-654.0298461914063,129.7331085205078],"rotationMatrix":[-0.6367541551589966,0.7710669040679932,0,-0.7710669040679932,-0.6367541551589966,0,0,0,1],"scale":1.223623871803284,"type":"wca_rock6"}
{"pos":[-365.9139099121094,-675.383544921875,131.0164947509766],"rotationMatrix":[0.2452757060527802,0.9694532752037048,0,-0.9694532752037048,0.2452757060527802,0,0,0,1],"scale":0.9633511900901794,"type":"wca_rock6"}
{"pos":[39.91352844238281,-867.8273315429688,123.1373291015625],"rotationMatrix":[0.9668390154838562,0.05646776035428047,0.2490640878677368,-0.05830512940883636,0.9982984066009521,0,-0.2486402541399002,-0.01452171243727207,0.968487024307251],"scale":1.407413363456726,"type":"wca_rock6"}
{"pos":[33.72883605957031,-869.4446411132813,123.0920181274414],"rotationMatrix":[-0.995600163936615,-0.09371411800384521,0,0.06265327334403992,-0.6656157970428467,0.7436605095863342,-0.06969145685434341,0.7403883934020996,0.6685575842857361],"scale":1.031300783157349,"type":"wca_rock6"}
{"pos":[14.36472129821777,-864.91162109375,123.1946258544922],"rotationMatrix":[-0.9759914875030518,0.2178085744380951,0,-0.2178085744380951,-0.9759914875030518,0,0,0,1],"scale":0.9737308025360107,"type":"wca_rock6"}
{"pos":[-20.29416656494141,-840.547119140625,122.2721176147461],"rotationMatrix":[0.9990476369857788,-0.04363277927041054,0,0.04363277927041054,0.9990476369857788,0,0,0,1],"scale":1.405683279037476,"type":"wca_rock6"}
{"pos":[-41.3272819519043,-822.1405639648438,121.7924270629883],"rotationMatrix":[-0.5458522439002991,0.8378814458847046,0,-0.8378814458847046,-0.5458522439002991,0,0,0,1],"scale":0.9779640436172485,"type":"wca_rock6"}
{"pos":[-80.56124114990234,-777.6847534179688,119.9220581054688],"rotationMatrix":[-0.1036455035209656,-0.99461430311203,0,0.99461430311203,-0.1036455035209656,0,0,0,1],"scale":1.543146848678589,"type":"wca_rock6"}
{"pos":[-83.12153625488281,-774.302978515625,120.7551422119141],"rotationMatrix":[0.9482804536819458,-0.3174336552619934,0,0.3174336552619934,0.9482804536819458,0,0,0,1],"scale":0.9428533315658569,"type":"wca_rock6"}
{"pos":[-125.6146011352539,-724.14501953125,117.757194519043],"rotationMatrix":[0.1252154856920242,0.2804470658302307,-0.9516668319702148,-0.9131186604499817,0.4076939225196838,0,0.387988805770874,0.8689848184585571,0.3071309924125671],"scale":1.053327322006226,"type":"wca_rock6"}
{"pos":[-128.6127624511719,-720.21484375,117.3168258666992],"rotationMatrix":[-0.001011168584227562,-0.9999992847442627,0,0.9999992847442627,-0.001011168584227562,0,0,0,1],"scale":1.050207376480103,"type":"wca_rock6"}
