{"name":"Freesound_T019_or_City_Freeway_13","class":"SFXSpace","persistentId":"827ca9c6-504f-4bd8-b190-c6be84febe2d","__parent":"Amb_2D","position":[-824.2548828125,175.908447265625,94.88705444335938],"cloneOrigin":"Freesound_T019_or_City_Freeway_12","rotationMatrix":[0.7026242613792419,0.7115613222122192,1.200533006340265e-10,-0.7115613222122192,0.7026239037513733,-0.0006905337213538587,-0.0004913572920486331,0.0004851856792811304,0.9999997615814209],"scale":[252.7059478759766,457.3427734375,249.3880462646484],"soundAmbience":"Freesound_T019_WC"}
{"name":"QP06_660_01","class":"SFXSpace","persistentId":"f30da3b3-7534-42f2-90ed-e7650004b354","__parent":"Amb_2D","position":[-334.6167907714844,-619.5286865234375,32.69464874267578],"cloneOrigin":"Freesound_T019_or_City_Freeway_13","rotationMatrix":[0.6862397789955139,0.7273762822151184,-4.720277502201498e-10,-0.7273758053779602,0.6862395405769348,-0.0006905323243699968,-0.0005022760597057641,0.0004738715069834143,0.9999997615814209],"scale":[70.09940338134766,161.6357574462891,249.3880462646484],"soundAmbience":"QP06_660_WC"}
{"name":"QP06_660_02","class":"SFXSpace","persistentId":"b951923a-a58d-449c-9b93-3b4b1291d882","__parent":"Amb_2D","position":[-232.1543426513672,-721.7734375,31.3289909362793],"cloneOrigin":"QP06_660_1","rotationMatrix":[0.7622473835945129,0.6472866535186768,-6.011759978719056e-10,-0.6472861170768738,0.7622470259666443,-0.0006905316258780658,-0.0004469711275305599,0.0005263570928946137,0.9999997615814209],"scale":[70.09940338134766,161.6357574462891,249.3880462646484],"soundAmbience":"QP06_660_WC"}
{"name":"QP06_660_03","class":"SFXSpace","persistentId":"ecd4b42e-d419-4333-bc7c-3b77bc47759f","__parent":"Amb_2D","position":[-197.6708221435547,-786.607666015625,32.0218620300293],"cloneOrigin":"QP06_660_2","rotationMatrix":[0.7080959677696228,0.7061169147491455,-6.2118488131091e-10,-0.7061164975166321,0.7080954313278198,-0.0006905316258780658,-0.0004875952727161348,0.0004889637930318713,0.9999997615814209],"scale":[102.0525512695313,56.08592224121094,249.3880462646484],"soundAmbience":"QP06_660_WC"}
{"name":"QP06_660_04","class":"SFXSpace","persistentId":"3dc42077-ed0f-4585-a1d0-db1e1575d4e9","__parent":"Amb_2D","position":[-184.0065155029297,-819.3140258789063,30.34830856323242],"cloneOrigin":"QP06_660_3","rotationMatrix":[0.7080959677696228,0.7061169147491455,-6.2118488131091e-10,-0.7061164975166321,0.7080954313278198,-0.0006905316258780658,-0.0004875952727161348,0.0004889637930318713,0.9999997615814209],"scale":[104.2203598022461,18.7596378326416,249.3880462646484],"soundAmbience":"QP06_660_WC"}
{"name":"QP06_660_05","class":"SFXSpace","persistentId":"c13b589b-5c34-436f-97cd-495815d2b6a2","__parent":"Amb_2D","position":[-257.5235290527344,-824.3275146484375,47.51444625854492],"cloneOrigin":"QP06_660_4","rotationMatrix":[0.9420855641365051,-0.3353728353977203,-1.337866706307977e-09,0.3353731632232666,0.9420854449272156,-0.0006905304617248476,0.0002315867168363184,0.0006505394703708589,0.9999997615814209],"scale":[104.2203598022461,45.53984069824219,249.3880462646484],"soundAmbience":"QP06_660_WC"}
{"name":"QP06_660_06","class":"SFXSpace","persistentId":"57c0ddc1-fa55-44d0-90f1-7e978bcb2a0c","__parent":"Amb_2D","position":[-260.15625,-775.2037353515625,49.43131637573242],"cloneOrigin":"QP06_660_5","rotationMatrix":[0.6250751614570618,0.7805652022361755,-1.164153218269348e-10,-0.7805646061897278,0.6250749826431274,-0.0006905319169163704,-0.0005390047444961965,0.0004316351551096886,0.9999997615814209],"scale":[74.32093048095703,57.72992324829102,249.3880462646484],"soundAmbience":"QP06_660_WC"}
{"name":"QP06_660_07","class":"SFXSpace","persistentId":"559637b3-73d4-462c-bdb5-1eedfe1cca30","__parent":"Amb_2D","position":[-275.9146423339844,-760.63916015625,49.1661491394043],"cloneOrigin":"QP06_660_6","rotationMatrix":[0.3836975693702698,0.9234594702720642,-7.73070496506989e-11,-0.9234588742256165,0.3836973309516907,-0.0006905322661623359,-0.000637678022030741,0.0002649561793077737,0.9999997615814209],"scale":[62.21864318847656,26.17656898498535,249.3880462646484],"soundAmbience":"QP06_660_WC"}
{"name":"QP06_660_08","class":"SFXSpace","persistentId":"72c6013b-9a01-43fd-8e62-8d58ccd4d7ab","__parent":"Amb_2D","position":[-276.7127990722656,-738.958740234375,45.6240348815918],"cloneOrigin":"QP06_660_7","rotationMatrix":[-0.09591605514287949,0.9953899383544922,-5.19321474712342e-10,-0.9953890442848206,-0.0959165096282959,-0.0006905327318236232,-0.0006873486563563347,-6.623244553338736e-05,0.9999997615814209],"scale":[41.14913940429688,26.17656898498535,249.3880462646484],"soundAmbience":"QP06_660_WC"}
{"name":"QP06_660_09","class":"SFXSpace","persistentId":"337b10dc-2ab0-4283-8f8d-d4ff0c3a6588","__parent":"Amb_2D","position":[-288.2616271972656,-719.8057250976563,44.8502311706543],"cloneOrigin":"QP06_660_8","rotationMatrix":[-0.5318747162818909,0.8468239307403564,-1.245098246727139e-09,-0.8468232750892639,-0.5318753123283386,-0.0006905318005010486,-0.0005847586435265839,-0.0003672752354759723,0.9999997615814209],"scale":[41.14913940429688,20.6696891784668,249.3880462646484],"soundAmbience":"QP06_660_WC"}
{"name":"QP06_660_10","class":"SFXSpace","persistentId":"32758267-a2d3-4baa-9c37-eb3e44a90113","__parent":"Amb_2D","position":[-326.4147033691406,-672.8396606445313,41.27192306518555],"cloneOrigin":"QP06_660_9","rotationMatrix":[-0.7361266016960144,0.6768447160720825,-1.628791324037593e-09,-0.6768442392349243,-0.7361273169517517,-0.000690532149747014,-0.0004673832154367119,-0.0005083177238702774,0.9999997615814209],"scale":[131.8407745361328,25.30414390563965,249.3880462646484],"soundAmbience":"QP06_660_WC"}
{"name":"QP06_660_11","class":"SFXSpace","persistentId":"f3fda25a-4fce-4b5d-bee1-cbf691e79d49","__parent":"Amb_2D","position":[-390.7064514160156,-612.60498046875,40.43166732788086],"cloneOrigin":"QP06_660_10","rotationMatrix":[-0.7361266016960144,0.6768447160720825,-1.628791324037593e-09,-0.6768442392349243,-0.7361273169517517,-0.000690532149747014,-0.0004673832154367119,-0.0005083177238702774,0.9999997615814209],"scale":[52.28197479248047,16.55937004089355,249.3880462646484],"soundAmbience":"QP06_660_WC"}
{"name":"QP06_660_12","class":"SFXSpace","persistentId":"03cdb80b-9fd0-4f25-a405-0edfdfcfa469","__parent":"Amb_2D","position":[-359.4739379882813,-554.84814453125,16.26446151733398],"cloneOrigin":"QP06_660_11","rotationMatrix":[-0.6429458260536194,0.765912652015686,-1.613443600945175e-09,-0.7659120559692383,-0.6429465413093567,-0.0006905320915393531,-0.0005288873217068613,-0.0004439731710590422,0.9999997615814209],"scale":[52.28197479248047,16.55937004089355,249.3880462646484],"soundAmbience":"QP06_660_WC"}
{"name":"QP06_660_13","class":"SFXSpace","persistentId":"c9746d34-0e31-4859-ac66-11adefd4268d","__parent":"Amb_2D","position":[-416.7329406738281,-584.94580078125,18.09597396850586],"cloneOrigin":"QP06_660_12","rotationMatrix":[-0.5600183010101318,0.828481137752533,-1.684384187683463e-09,-0.8284805417060852,-0.5600188970565796,-0.0006905319751240313,-0.0005720931221731007,-0.0003867090854328126,0.9999997615814209],"scale":[31.72382926940918,16.55937004089355,249.3880462646484],"soundAmbience":"QP06_660_WC"}
{"name":"QP06_660_14","class":"SFXSpace","persistentId":"ced84436-3292-49b2-9728-b9de8a7f6b4d","__parent":"Amb_2D","position":[-380.4588012695313,-522.2498168945313,14.11675643920898],"cloneOrigin":"QP06_660_13","rotationMatrix":[-0.4095060527324677,0.9123082756996155,-1.749413058860227e-09,-0.9123076200485229,-0.4095065593719482,-0.0006905318587087095,-0.0006299783708527684,-0.0002827753487508744,0.9999997615814209],"scale":[37.22119140625,16.55937004089355,249.3880462646484],"soundAmbience":"QP06_660_WC"}
{"name":"QP06_660_15","class":"SFXSpace","persistentId":"eb99f0d7-cbef-4486-95da-35a9646f25f5","__parent":"Amb_2D","position":[-438.7347412109375,-564.0693359375,17.95115280151367],"cloneOrigin":"QP06_660_14","rotationMatrix":[-0.8060464262962341,0.5918530225753784,-1.785338099580258e-09,-0.5918527245521545,-0.8060471415519714,-0.0006905313930474222,-0.0004086944391019642,-0.000556599348783493,0.9999997615814209],"scale":[37.22119140625,16.80112075805664,249.3880462646484],"soundAmbience":"QP06_660_WC"}
{"name":"QP06_660_16","class":"SFXSpace","persistentId":"55f2aa8d-bae8-4e9c-bd29-3d83962e3fc9","__parent":"Amb_2D","position":[-410.9527893066406,-491.6654968261719,10.39936447143555],"cloneOrigin":"QP06_660_15","rotationMatrix":[-0.8316106796264648,0.5553597211837769,-1.998159859795123e-09,-0.5553594827651978,-0.8316113352775574,-0.0006905313930474222,-0.0003834949166048318,-0.000574252160731703,0.9999997615814209],"scale":[62.39120101928711,16.80112075805664,249.3880462646484],"soundAmbience":"QP06_660_WC"}
{"name":"QP06_660_17","class":"SFXSpace","persistentId":"c47c64c1-24c7-4d6a-815e-86990a551cfb","__parent":"Amb_2D","position":[-472.2167663574219,-548.8401489257813,10.30903244018555],"cloneOrigin":"QP06_660_16","rotationMatrix":[-0.9798544645309448,0.1997119635343552,-1.900389179354534e-09,-0.1997121721506119,-0.9798550605773926,-0.0006905306363478303,-0.0001379093155264854,-0.0006766198202967644,0.9999997615814209],"scale":[45.15603637695313,16.80112075805664,249.3880462646484],"soundAmbience":"QP06_660_WC"}
{"name":"QP06_660_18","class":"SFXSpace","persistentId":"e4525548-b371-4393-9e6f-55422eb252a8","__parent":"Amb_2D","position":[-454.9041748046875,-476.9414978027344,2.663524627685547],"cloneOrigin":"QP06_660_17","rotationMatrix":[-0.9999984502792358,-0.001662668073549867,-1.647094904910773e-09,0.001662240363657475,-0.9999991059303284,-0.0006905304617248476,1.146120666817296e-06,-0.0006905301124788821,0.9999997615814209],"scale":[47.44625091552734,16.80112075805664,249.3880462646484],"soundAmbience":"QP06_660_WC"}
{"name":"QP06_660_19","class":"SFXSpace","persistentId":"dc4434c1-e086-4770-82b2-58c3bfd4e7da","__parent":"Amb_2D","position":[-494.2908325195313,-455.0384521484375,2.661388397216797],"cloneOrigin":"QP06_660_18","rotationMatrix":[-0.44903364777565,0.8935146927833557,-3.266904968768358e-09,-0.8935142755508423,-0.4490342438220978,-0.0006905295886099339,-0.0006170005653984845,-0.0003100690664723516,0.9999997615814209],"scale":[45.15603637695313,16.80112075805664,249.3880462646484],"soundAmbience":"QP06_660_WC"}
{"name":"QP06_660_20","class":"SFXSpace","persistentId":"35871e79-0749-44d4-bdaf-cb8fb52f86af","__parent":"Amb_2D","position":[-524.718505859375,-428.9452514648438,3.651073455810547],"cloneOrigin":"QP06_660_19","rotationMatrix":[-0.9245891571044922,0.3809624314308167,-2.064552973024547e-09,-0.3809625804424286,-0.9245898723602295,-0.0006905288901180029,-0.0002630688832141459,-0.0006384568405337632,0.9999997615814209],"scale":[54.07417297363281,17.13847160339355,249.3880462646484],"soundAmbience":"QP06_660_WC"}
{"name":"QP06_660_21","class":"SFXSpace","persistentId":"24d3ee45-85dc-4d22-9c77-0153c65358df","__parent":"Amb_2D","position":[-595.3108520507813,-419.1708374023438,3.663829803466797],"cloneOrigin":"QP06_660_20","rotationMatrix":[-0.9999913573265076,0.003877126146107912,-9.104041964747012e-10,-0.003877622075378895,-0.9999920129776001,-0.000690529472194612,-2.679751560208388e-06,-0.0006905246991664171,0.9999997615814209],"scale":[98.09671020507813,17.13847160339355,249.3880462646484],"soundAmbience":"QP06_660_WC"}
{"name":"QP06_660_22","class":"SFXSpace","persistentId":"3336eff3-f800-48c1-a30f-6ce1254e161c","__parent":"Amb_2D","position":[-504.0184326171875,-538.402587890625,17.26261520385742],"cloneOrigin":"QP06_660_15","rotationMatrix":[-0.8930902481079102,0.449877917766571,-1.722582965157926e-09,-0.4498777389526367,-0.8930910229682922,-0.0006905319169163704,-0.0003106564399786294,-0.0006167063256725669,0.9999997615814209],"scale":[26.94958686828613,16.80112075805664,249.3880462646484],"soundAmbience":"QP06_660_WC"}
{"name":"QP06_660_23","class":"SFXSpace","persistentId":"aee42236-d715-4469-b088-071ff1d91789","__parent":"Amb_2D","position":[-525.5556640625,-523.4185180664063,12.24441146850586],"cloneOrigin":"QP06_660_22","rotationMatrix":[-0.7681646347045898,0.6402528882026672,-2.04363459488377e-09,-0.6402525901794434,-0.7681654095649719,-0.0006905322661623359,-0.0004421166086103767,-0.0005304408841766417,0.9999997615814209],"scale":[30.35506248474121,16.38928985595703,249.3880462646484],"soundAmbience":"QP06_660_WC"}
{"name":"QP06_660_24","class":"SFXSpace","persistentId":"1e019a21-cfa4-4f85-a9a2-6fb627c27823","__parent":"Amb_2D","position":[-548.7537231445313,-506.2117919921875,11.32543563842773],"cloneOrigin":"QP06_660_23","rotationMatrix":[-0.8579006195068359,0.5138161182403564,-2.158230927307159e-09,-0.5138159990310669,-0.857901394367218,-0.0006905325572006404,-0.0003548084932845086,-0.0005924070719629526,0.9999997615814209],"scale":[30.35506248474121,16.38928985595703,249.3880462646484],"soundAmbience":"QP06_660_WC"}
{"name":"QP06_660_25","class":"SFXSpace","persistentId":"7eeebb03-9b0a-4842-8f84-207947b4a67a","__parent":"Amb_2D","position":[-575.9401245117188,-499.7282409667969,16.76996994018555],"cloneOrigin":"QP06_660_24","rotationMatrix":[-0.9939607977867126,0.1097380518913269,-2.05909600481391e-09,-0.1097384393215179,-0.9939616322517395,-0.0006905329064466059,-7.577981159556657e-05,-0.0006863618618808687,0.9999997615814209],"scale":[35.83510208129883,16.68568229675293,249.3880462646484],"soundAmbience":"QP06_660_WC"}
{"name":"QP06_660_26","class":"SFXSpace","persistentId":"4ed59c16-2bbe-421c-98ab-ed0d909135ed","__parent":"Amb_2D","position":[-632.3177490234375,-485.5866394042969,6.902782440185547],"cloneOrigin":"QP06_660_25","rotationMatrix":[-0.9964599013328552,-0.0840737372636795,-2.03453964786604e-09,0.08407309651374817,-0.9964607357978821,-0.0006905331392772496,5.80535051994957e-05,-0.0006880880682729185,0.9999997615814209],"scale":[77.19024658203125,56.38549041748047,249.3880462646484],"soundAmbience":"QP06_660_WC"}
{"name":"QP06_660_27","class":"SFXSpace","persistentId":"86b32190-2a47-4f5f-88a4-0bf4fbc0f222","__parent":"Amb_2D","position":[-706.2753295898438,-503.6441345214844,6.901805877685547],"cloneOrigin":"QP06_660_26","rotationMatrix":[-0.8654593229293823,-0.5009815096855164,-1.883563527371734e-09,0.5009805560112,-0.8654595017433167,-0.0006905331392772496,0.0003459421568550169,-0.0005976276588626206,0.9999997615814209],"scale":[97.47783660888672,64.66051483154297,249.3880462646484],"soundAmbience":"QP06_660_WC"}
{"name":"QP06_660_28","class":"SFXSpace","persistentId":"b88cc9db-adee-4f0e-a527-b6f5b9e59f98","__parent":"Amb_2D","position":[-746.2724609375,-490.3776245117188,6.436946868896484],"cloneOrigin":"QP06_660_27","rotationMatrix":[-0.7607911229133606,-0.648999035358429,-2.306478563696146e-09,0.6489980816841125,-0.760791003704071,-0.0006905331392772496,0.0004481525684241205,-0.0005253505078144372,0.9999997615814209],"scale":[55.80880737304688,67.03355407714844,249.3880462646484],"soundAmbience":"QP06_660_WC"}
{"name":"QP06_660_29","class":"SFXSpace","persistentId":"e7c93efd-ba54-4083-8ac0-7929bfbd2cda","__parent":"Amb_2D","position":[-711.786376953125,-457.4580383300781,6.447200775146484],"cloneOrigin":"QP06_660_28","rotationMatrix":[-0.8522762656211853,-0.523094654083252,-1.770786184351891e-09,0.5230937004089355,-0.8522762060165405,-0.0006905332556925714,0.0003612115397118032,-0.0005885235732421279,0.9999997615814209],"scale":[55.80880737304688,53.62428665161133,249.3880462646484],"soundAmbience":"QP06_660_WC"}
{"name":"QP06_660_30","class":"SFXSpace","persistentId":"9cff4cc7-683e-4e6a-a460-7535fccaa5ee","__parent":"Amb_2D","position":[-665.666748046875,-433.6333618164063,9.505947113037109],"cloneOrigin":"QP06_660_29","rotationMatrix":[-0.9140867590904236,-0.4055221080780029,-1.379703462589532e-09,0.4055211544036865,-0.9140868186950684,-0.0006905333139002323,0.0002800240181386471,-0.0006312055047601461,0.9999997615814209],"scale":[55.80880737304688,53.62428665161133,249.3880462646484],"soundAmbience":"QP06_660_WC"}
{"name":"QP06_660_31","class":"SFXSpace","persistentId":"6b2c6c67-dcfe-4b4b-9fa6-b39aa4836867","__parent":"Amb_2D","position":[-601.3742065429688,-457.6149597167969,9.988399505615234],"cloneOrigin":"QP06_660_30","rotationMatrix":[-0.9918761849403381,0.1272136867046356,2.53749021794647e-10,-0.1272143572568893,-0.9918767809867859,-0.0006905326154083014,-8.784599776845425e-05,-0.0006849212804809213,0.9999997615814209],"scale":[117.9467163085938,73.37783050537109,249.3880462646484],"soundAmbience":"QP06_660_WC"}
{"name":"QP06_660_32","class":"SFXSpace","persistentId":"11b64e04-d02e-4473-a6ad-5660f28a72e8","__parent":"Amb_2D","position":[-515.974609375,-485.3731994628906,7.048732757568359],"cloneOrigin":"QP06_660_31","rotationMatrix":[-0.7646766901016235,0.6444154381752014,4.702087608166039e-10,-0.644415557384491,-0.7646775245666504,-0.0006905319751240313,-0.0004449897387530655,-0.0005280327168293297,0.9999997615814209],"scale":[117.9467163085938,73.37783050537109,249.3880462646484],"soundAmbience":"QP06_660_WC"}
{"name":"QP06_660_33","class":"SFXSpace","persistentId":"52516a66-75a3-435e-b1b8-6ad816309875","__parent":"Amb_2D","position":[-428.7644348144531,-533.69287109375,7.048549652099609],"cloneOrigin":"QP06_660_32","rotationMatrix":[-0.8141046166419983,0.5807196497917175,5.363745003705844e-10,-0.5807198286056519,-0.8141053915023804,-0.0006905320333316922,-0.0004010057309642434,-0.0005621642339974642,0.9999997615814209],"scale":[101.9972763061523,73.37783050537109,249.3880462646484],"soundAmbience":"QP06_660_WC"}
{"name":"Felix_024_01","class":"SFXSpace","persistentId":"ecf529a1-e6ea-4618-b534-c62bbd00f23c","__parent":"Amb_2D","position":[611.9935913085938,-642.0142211914063,103.9296264648438],"cloneOrigin":"QP08_843_WC_5","rotationMatrix":[0.1672845929861069,-0.9859083890914917,-1.230546331498772e-09,0.985908031463623,0.1672848612070084,-0.0006905312184244394,0.000680801342241466,0.0001155152567662299,0.9999997615814209],"scale":[236.5874176025391,448.9366149902344,319.8874206542969],"soundAmbience":"Felix_024_WC"}
{"name":"Felix_024_02","class":"SFXSpace","persistentId":"256056fd-22e2-4b89-bdff-97a26e5f9aa6","__parent":"Amb_2D","position":[-501.6284790039063,-653.3055419921875,48.05580139160156],"cloneOrigin":"Felix_024_1","rotationMatrix":[-0.01956514269113541,-0.9998085498809814,-1.299667928833514e-09,0.999808132648468,-0.01956484466791153,-0.0006905317422933877,0.0006903998437337577,-1.351043829345144e-05,0.9999997615814209],"scale":[79.08171081542969,131.2513427734375,300.5694580078125],"soundAmbience":"Felix_024_WC"}
{"name":"Felix_024_03","class":"SFXSpace","persistentId":"1ba9a996-236c-4500-a8c8-f63c2b5e08f0","__parent":"Amb_2D","position":[-602.0418701171875,-651.8515625,66.60410308837891],"cloneOrigin":"Felix_024_2","rotationMatrix":[-0.01956514269113541,-0.9998085498809814,-1.299667928833514e-09,0.999808132648468,-0.01956484466791153,-0.0006905317422933877,0.0006903998437337577,-1.351043829345144e-05,0.9999997615814209],"scale":[110.1051330566406,99.01019287109375,300.5694580078125],"soundAmbience":"Felix_024_WC"}
{"name":"Felix_024_04","class":"SFXSpace","persistentId":"326578ba-2b1e-46ea-9b45-346fb10a592a","__parent":"Amb_2D","position":[-721.630126953125,-720.7459716796875,87.34122467041016],"cloneOrigin":"Felix_024_3","rotationMatrix":[-0.8513286113739014,-0.5246334075927734,-2.319211489520967e-10,0.5246328711509705,-0.8513286113739014,-0.0006905320333316922,0.000362276186933741,-0.0005878686206415296,0.9999997615814209],"scale":[230.061279296875,78.19181060791016,300.5694580078125],"soundAmbience":"Felix_024_WC"}
{"name":"Empty_Space","class":"SFXSpace","persistentId":"05efb5a5-e579-4459-b590-c8dbd537d587","__parent":"Amb_2D","position":[465.8913269042969,-157.0129089355469,55.85005187988281],"cloneOrigin":"Freesound_Insect_Chorus_66","rotationMatrix":[0.001231244299560785,-0.9999994039535522,-3.657987690530717e-09,0.9999985098838806,0.00123070552945137,-0.0006905327318236232,0.0006905322661623359,8.479455573251471e-07,0.9999998211860657],"scale":[260.4087524414063,283.3700561523438,293.6184387207031]}
{"name":"Freesound_Insect_Chorus_01","class":"SFXSpace","persistentId":"a3525842-8b00-450a-b092-7f5c0f751f3f","__parent":"Amb_2D","position":[679.8593139648438,-837.6815185546875,69.40193939208984],"cloneOrigin":"Freesound_Insect_Chorus_01","rotationMatrix":[-0.1685896366834641,0.9856865406036377,-5.384208634495735e-10,-0.9856861233711243,-0.16858971118927,-0.0006905332556925714,-0.0006806493038311601,-0.0001164154964499176,0.9999997615814209],"scale":[182.0976257324219,791.8497924804688,249.3880462646484],"soundAmbience":"Freesound_Insects_WC"}
{"name":"Freesound_Insect_Chorus_02","class":"SFXSpace","persistentId":"dca158b9-c7a4-49b9-a5ed-799ec11bfd3c","__parent":"Amb_2D","position":[662.5577392578125,-926.0745239257813,64.59505462646484],"cloneOrigin":"Freesound_Insect_Chorus_1","rotationMatrix":[-0.3218863308429718,0.9467784762382507,-5.463789420900866e-10,-0.9467779994010925,-0.3218863606452942,-0.0006905330810695887,-0.0006537819281220436,-0.0002222718467237428,0.9999997615814209],"scale":[71.50555419921875,263.4981994628906,249.3880462646484],"soundAmbience":"Freesound_Insects_WC"}
{"name":"Freesound_Insect_Chorus_03","class":"SFXSpace","persistentId":"e1601a6b-d23e-4f04-b132-0faa58a3ee1c","__parent":"Amb_2D","position":[806.5184936523438,-901.6171875,69.97679901123047],"cloneOrigin":"Freesound_Insect_Chorus_2","rotationMatrix":[0.08604598045349121,0.9962912797927856,-4.429239197634161e-10,-0.9962908625602722,0.08604592829942703,-0.0006905325572006404,-0.0006879714201204479,5.941884955973364e-05,0.9999997615814209],"scale":[48.30921173095703,128.0645294189453,249.3880462646484],"soundAmbience":"Freesound_Insects_WC"}
{"name":"Freesound_Insect_Chorus_04","class":"SFXSpace","persistentId":"7c0ec171-c1ee-46c5-b67a-bb6300565430","__parent":"Amb_2D","position":[946.5560302734375,-885.0401000976563,69.97557830810547],"cloneOrigin":"Freesound_Insect_Chorus_3","rotationMatrix":[0.3134399950504303,0.9496082067489624,-4.101821104995906e-10,-0.9496077299118042,0.3134399652481079,-0.0006905324989929795,-0.000655735086183995,0.0002164417528547347,0.9999997615814209],"scale":[74.83999633789063,192.4808349609375,249.3880462646484],"soundAmbience":"Freesound_Insects_WC"}
{"name":"Freesound_Insect_Chorus_05","class":"SFXSpace","persistentId":"acd7f540-109c-4cbd-9967-b1e147c93c2f","__parent":"Amb_2D","position":[987.1719970703125,-987.7319946289063,69.97063446044922],"cloneOrigin":"Freesound_Insect_Chorus_4","rotationMatrix":[0.9493367075920105,-0.3142589926719666,-2.119122655130923e-09,0.3142582476139069,0.9493371248245239,-0.0006905301124788821,0.0002170072839362547,0.0006555467844009399,0.9999997615814209],"scale":[107.7273712158203,117.1064834594727,249.3880462646484],"soundAmbience":"Freesound_Insects_WC"}
{"name":"Freesound_Insect_Chorus_06","class":"SFXSpace","persistentId":"28232f90-47a5-464b-84dc-656bc64b1437","__parent":"Amb_2D","position":[936.57763671875,-574.21728515625,105.0550231933594],"cloneOrigin":"Freesound_Insect_Chorus_5","rotationMatrix":[0.9863308668136597,0.1647714972496033,-9.990799298975617e-10,-0.1647716760635376,0.986331582069397,-0.0006905299960635602,-0.0001137784129241481,0.0006810933700762689,0.9999997615814209],"scale":[215.7179870605469,265.4558715820313,249.3880462646484],"soundAmbience":"Freesound_Insects_WC"}
{"name":"Freesound_Insect_Chorus_07","class":"SFXSpace","persistentId":"cad493d7-3dd9-4605-8cba-42f9be10640a","__parent":"Amb_2D","position":[686.556640625,-401.147705078125,101.9173278808594],"cloneOrigin":"Freesound_Insect_Chorus_6","rotationMatrix":[0.9863308668136597,0.1647714972496033,-9.990799298975617e-10,-0.1647716760635376,0.986331582069397,-0.0006905299960635602,-0.0001137784129241481,0.0006810933700762689,0.9999997615814209],"scale":[728.1719970703125,217.9863586425781,249.3880462646484],"soundAmbience":"Freesound_Insects_WC"}
{"name":"Freesound_Insect_Chorus_08","class":"SFXSpace","persistentId":"e59cc4c5-1991-463c-869c-efa49d28b70d","__parent":"Amb_2D","position":[914.427734375,39.36197662353516,78.10537719726563],"cloneOrigin":"Freesound_Insect_Chorus_7","rotationMatrix":[0.001231244299560785,-0.9999994039535522,-3.657987690530717e-09,0.9999985098838806,0.00123070552945137,-0.0006905327318236232,0.0006905322661623359,8.479455573251471e-07,0.9999998211860657],"scale":[728.1719970703125,617.577392578125,293.6184387207031],"soundAmbience":"Freesound_Insects_WC"}
{"name":"Freesound_Insect_Chorus_09","class":"SFXSpace","persistentId":"a7c568c7-4bac-4de4-b55b-df218571a8a8","__parent":"Amb_2D","position":[735.9722900390625,688.658935546875,78.10018920898438],"cloneOrigin":"Freesound_Insect_Chorus_8","rotationMatrix":[0.02258710935711861,-0.9997448325157166,-3.66799213225022e-09,0.9997438788414001,0.02258660271763802,-0.0006905326736159623,0.000690356595441699,1.559489464852959e-05,0.9999998211860657],"scale":[645.357421875,617.577392578125,324.9566040039063],"soundAmbience":"Freesound_Insects_WC"}
{"name":"Freesound_Insect_Chorus_10","class":"SFXSpace","persistentId":"2a4dcc97-e9ec-4e59-a37e-c530d80ae992","__parent":"Amb_2D","position":[360.1874389648438,720.4244995117188,112.4143981933594],"cloneOrigin":"Freesound_Insect_Chorus_9","rotationMatrix":[-0.7883115410804749,-0.6152763962745667,-2.751676220213994e-09,0.6152760982513428,-0.7883122563362122,-0.0006905354675836861,0.0004248670593369752,-0.0005443565314635634,0.9999998211860657],"scale":[254.0802154541016,224.3050842285156,324.9566040039063],"soundAmbience":"Freesound_Insects_WC"}
{"name":"Freesound_Insect_Chorus_11","class":"SFXSpace","persistentId":"d8af5a67-3ffb-4e47-950e-11850e63d1fc","__parent":"Amb_2D","position":[307.2533264160156,884.2904052734375,131.3503112792969],"cloneOrigin":"Freesound_Insect_Chorus_10","rotationMatrix":[-0.9813976883888245,-0.191986545920372,-1.598891685716808e-09,0.1919868290424347,-0.9813984036445618,-0.000690535525791347,0.0001325712801190093,-0.0006776878144592047,0.9999998211860657],"scale":[301.8197937011719,125.9990310668945,324.9566040039063],"soundAmbience":"Freesound_Insects_WC"}
{"name":"Freesound_Insect_Chorus_12","class":"SFXSpace","persistentId":"05e267df-fa34-43ee-9d83-78199f22862a","__parent":"Amb_2D","position":[239.521484375,780.554443359375,124.1676330566406],"cloneOrigin":"Freesound_Insect_Chorus_11","rotationMatrix":[-0.9835616946220398,-0.1805732101202011,-1.596163201611489e-09,0.180573508143425,-0.9835624098777771,-0.0006905355839990079,0.0001246899773832411,-0.0006791821215301752,0.9999998211860657],"scale":[134.3007202148438,82.05450439453125,324.9566040039063],"soundAmbience":"Freesound_Insects_WC"}
{"name":"Freesound_Insect_Chorus_13","class":"SFXSpace","persistentId":"fb4e2d08-de3a-4389-8a43-81bf651d83a6","__parent":"Amb_2D","position":[-864.4515380859375,-657.2501220703125,83.96727752685547],"cloneOrigin":"Freesound_Insect_Chorus_01","rotationMatrix":[0.7195378541946411,0.6944538354873657,-4.31100488640368e-10,-0.6944533586502075,0.7195376753807068,-0.0006905323825776577,-0.0004795423592440784,0.00049686519196257,0.9999997615814209],"scale":[350.5385131835938,153.91455078125,249.3880462646484],"soundAmbience":"Freesound_Insects_WC"}
{"name":"Freesound_Insect_Chorus_14","class":"SFXSpace","persistentId":"179b9c26-3b21-442d-9892-79a0286d7aa8","__parent":"Amb_2D","position":[-1050.319091796875,-688.1730346679688,82.43444061279297],"cloneOrigin":"Freesound_Insect_Chorus_13","rotationMatrix":[0.7195378541946411,0.6944538354873657,-4.31100488640368e-10,-0.6944533586502075,0.7195376753807068,-0.0006905323825776577,-0.0004795423592440784,0.00049686519196257,0.9999997615814209],"scale":[107.0541839599609,92.53844451904297,249.3880462646484],"soundAmbience":"Freesound_Insects_WC"}
{"name":"Freesound_Insect_Chorus_15","class":"SFXSpace","persistentId":"9f29e54f-09c4-4a26-9a66-060360739fc9","__parent":"Amb_2D","position":[-777.8114013671875,-666.8021850585938,83.97307586669922],"cloneOrigin":"Freesound_Insect_Chorus_13","rotationMatrix":[0.8487436771392822,0.5288055539131165,-4.970388545189053e-10,-0.5288050174713135,0.8487435579299927,-0.0006905317422933877,-0.0003651564184110612,0.0005860853707417846,0.9999997615814209],"scale":[289.4934997558594,80.69393157958984,249.3880462646484],"soundAmbience":"Freesound_Insects_WC"}
{"name":"Freesound_Insect_Chorus_16","class":"SFXSpace","persistentId":"b3fc819d-2d78-46de-8e5d-59bed79ee2fd","__parent":"Amb_2D","position":[-675.1754150390625,-567.2735595703125,82.09774017333984],"cloneOrigin":"Freesound_Insect_Chorus_15","rotationMatrix":[0.8626460433006287,0.50580894947052,-4.715730028692633e-10,-0.505808413028717,0.8626460433006287,-0.0006905314512550831,-0.0003492763789836317,0.0005956851528026164,0.9999997615814209],"scale":[81.30514526367188,78.53622436523438,249.3880462646484],"soundAmbience":"Freesound_Insects_WC"}
{"name":"Freesound_Insect_Chorus_17","class":"SFXSpace","persistentId":"0a072667-adcc-44d2-a260-beb0e9876981","__parent":"Amb_2D","position":[-613.9098510742188,-550.447021484375,51.12913513183594],"cloneOrigin":"Freesound_Insect_Chorus_16","rotationMatrix":[0.9960617423057556,0.08866307139396667,-1.000898919301108e-09,-0.08866271376609802,0.9960618615150452,-0.0006905304035171866,-6.122342892922461e-05,0.0006878118147142231,0.9999997615814209],"scale":[81.30514526367188,78.53622436523438,249.3880462646484],"soundAmbience":"Freesound_Insects_WC"}
{"name":"Freesound_Insect_Chorus_18","class":"SFXSpace","persistentId":"ef620e80-3f2c-432b-b590-d0d84380830c","__parent":"Amb_2D","position":[-598.7827758789063,-587.4645385742188,51.35975646972656],"cloneOrigin":"Freesound_Insect_Chorus_17","rotationMatrix":[0.9996324777603149,-0.02710522711277008,-1.121406967286021e-09,0.02710551954805851,0.9996325969696045,-0.0006905305199325085,1.871817039500456e-05,0.0006902774912305176,0.9999997615814209],"scale":[120.2863540649414,20.41446113586426,249.3880462646484],"soundAmbience":"Freesound_Insects_WC"}
{"name":"Freesound_Insect_Chorus_19","class":"SFXSpace","persistentId":"520f0750-0362-4b15-9d88-33e311fef46e","__parent":"Amb_2D","position":[-566.17041015625,-520.4706420898438,46.46009826660156],"cloneOrigin":"Freesound_Insect_Chorus_18","rotationMatrix":[0.9936439394950867,-0.1125683635473251,-1.245098246727139e-09,0.1125686094164848,0.9936440587043762,-0.0006905304035171866,7.773317338433117e-05,0.0006861421279609203,0.9999997615814209],"scale":[27.87162590026855,20.41446113586426,249.3880462646484],"soundAmbience":"Freesound_Insects_WC"}
{"name":"Freesound_Insect_Chorus_20","class":"SFXSpace","persistentId":"c34869b0-ddaf-4543-8aed-4f27efb35638","__parent":"Amb_2D","position":[-534.947265625,-543.9778442382813,18.00265502929688],"cloneOrigin":"Freesound_Insect_Chorus_19","rotationMatrix":[0.7760618925094604,-0.6306565999984741,-1.812622940633446e-09,0.6306565999984741,0.77606201171875,-0.0006905305781401694,0.0004354889970272779,0.0005358941853046417,0.9999997615814209],"scale":[63.72249603271484,27.16398620605469,249.3880462646484],"soundAmbience":"Freesound_Insects_WC"}
{"name":"Freesound_Insect_Chorus_21","class":"SFXSpace","persistentId":"c7e0d3d1-c9f8-475c-b292-1b7e93390c0b","__parent":"Amb_2D","position":[-551.4058227539063,-569.351318359375,19.8770751953125],"cloneOrigin":"Freesound_Insect_Chorus_20","rotationMatrix":[0.7760618925094604,-0.6306565999984741,-1.812622940633446e-09,0.6306565999984741,0.77606201171875,-0.0006905305781401694,0.0004354889970272779,0.0005358941853046417,0.9999997615814209],"scale":[98.93572235107422,50.45174407958984,290.0479736328125],"soundAmbience":"Freesound_Insects_WC"}
{"name":"Freesound_Insect_Chorus_22","class":"SFXSpace","persistentId":"b84a4854-2c5f-43a3-a344-5db5d8634eeb","__parent":"Amb_2D","position":[-541.5026245117188,-606.218994140625,19.88067626953125],"cloneOrigin":"Freesound_Insect_Chorus_21","rotationMatrix":[0.9999956488609314,-0.002929115435108542,-1.506123226135969e-09,0.002929342910647392,0.9999956488609314,-0.0006905307527631521,2.023613888013642e-06,0.0006905279587954283,0.9999997615814209],"scale":[21.73964500427246,16.5301513671875,309.2001342773438],"soundAmbience":"Freesound_Insects_WC"}
{"name":"Freesound_Insect_Chorus_23","class":"SFXSpace","persistentId":"de098599-58ff-4f57-8c18-81dc427a4e23","__parent":"Amb_2D","position":[-510.0639953613281,-567.3161010742188,18.95257568359375],"cloneOrigin":"Freesound_Insect_Chorus_21","rotationMatrix":[0.8854265213012695,-0.4647790491580963,-1.666194293648005e-09,0.4647790491580963,0.8854266405105591,-0.0006905305781401694,0.0003209453716408461,0.0006114140851423144,0.9999997615814209],"scale":[31.22867774963379,39.68861770629883,290.0479736328125],"soundAmbience":"Freesound_Insects_WC"}
{"name":"Freesound_Insect_Chorus_24","class":"SFXSpace","persistentId":"f49de35b-7fe0-486c-8b04-57177e9003bb","__parent":"Amb_2D","position":[-478.5323791503906,-581.7976684570313,22.73287963867188],"cloneOrigin":"Freesound_Insect_Chorus_23","rotationMatrix":[0.9773472547531128,-0.211639866232872,-1.508851710241288e-09,0.2116399854421616,0.9773473739624023,-0.0006905309273861349,0.0001461451174691319,0.0006748890154995024,0.9999997615814209],"scale":[38.18164443969727,49.91495132446289,290.0479736328125],"soundAmbience":"Freesound_Insects_WC"}
{"name":"Freesound_Insect_Chorus_25","class":"SFXSpace","persistentId":"86064ddd-4b2b-4c4c-9d23-195de954ab22","__parent":"Amb_2D","position":[-494.7178039550781,-597.0902099609375,23.90975952148438],"cloneOrigin":"Freesound_Insect_Chorus_24","rotationMatrix":[0.9999819993972778,-0.005949889309704304,-1.293301465921104e-09,0.005950130987912416,0.9999821186065674,-0.0006905309273861349,4.109691872145049e-06,0.0006905190530233085,0.9999997615814209],"scale":[65.30123901367188,35.64064407348633,290.0479736328125],"soundAmbience":"Freesound_Insects_WC"}
{"name":"Freesound_Insect_Chorus_26","class":"SFXSpace","persistentId":"92aa4505-c903-41f2-af32-b2561842b801","__parent":"Amb_2D","position":[-452.2705688476563,-586.9171142578125,24.65798950195313],"cloneOrigin":"Freesound_Insect_Chorus_25","rotationMatrix":[0.7954044342041016,-0.6060780882835388,-1.793523551896214e-09,0.6060781478881836,0.7954045534133911,-0.0006905304035171866,0.0004185169818811119,0.0005492512136697769,0.9999997615814209],"scale":[32.42606735229492,35.64064407348633,290.0479736328125],"soundAmbience":"Freesound_Insects_WC"}
{"name":"Freesound_Insect_Chorus_27","class":"SFXSpace","persistentId":"9e832672-48b0-4eaa-9192-4fb448b08a9b","__parent":"Amb_2D","position":[-445.4060363769531,-607.2884521484375,24.71449279785156],"cloneOrigin":"Freesound_Insect_Chorus_26","rotationMatrix":[-0.02063936553895473,-0.9997867345809937,-2.661181497387588e-09,0.9997864365577698,-0.02063903212547302,-0.0006905317422933877,0.0006903843022882938,-1.425335358362645e-05,0.9999997615814209],"scale":[18.69751739501953,35.64064407348633,290.0479736328125],"soundAmbience":"Freesound_Insects_WC"}
{"name":"Freesound_Insect_Chorus_28","class":"SFXSpace","persistentId":"888a2995-260a-4d05-b28b-e4365c768ea0","__parent":"Amb_2D","position":[-427.0360107421875,-600.9495239257813,22.29360961914063],"cloneOrigin":"Freesound_Insect_Chorus_27","rotationMatrix":[-0.8242139220237732,-0.5662778615951538,-1.783519110176712e-09,0.5662777423858643,-0.8242135643959045,-0.0006905337213538587,0.0003910320810973644,-0.0005691471742466092,0.9999997615814209],"scale":[18.54631423950195,35.64064407348633,290.0479736328125],"soundAmbience":"Freesound_Insects_WC"}
{"name":"Freesound_Insect_Chorus_29","class":"SFXSpace","persistentId":"ea6ce82d-ec5c-4e20-85e9-1301bdfc0581","__parent":"Amb_2D","position":[-405.3678894042969,-623.156494140625,22.295166015625],"cloneOrigin":"Freesound_Insect_Chorus_28","rotationMatrix":[-0.6677056550979614,-0.7444248199462891,-2.029992174357176e-09,0.7444247603416443,-0.6677052974700928,-0.0006905332556925714,0.000514048442710191,-0.0004610731266438961,0.9999997615814209],"scale":[18.54631423950195,53.218017578125,290.0479736328125],"soundAmbience":"Freesound_Insects_WC"}
{"name":"Freesound_Insect_Chorus_30","class":"SFXSpace","persistentId":"480745b5-898b-4f96-851f-c3a4a51ae65f","__parent":"Amb_2D","position":[-412.6215209960938,-751.6573486328125,48.43548965454102],"cloneOrigin":"Freesound_Insect_Chorus_29","rotationMatrix":[-0.6787459254264832,-0.7343727350234985,-2.111391950165853e-09,0.7343726754188538,-0.6787455677986145,-0.0006905336631461978,0.0005071072373539209,-0.0004686969332396984,0.9999997615814209],"scale":[206.8821868896484,111.4415512084961,290.0479736328125],"soundAmbience":"Freesound_Insects_WC"}
{"name":"Freesound_Insect_Chorus_31","class":"SFXSpace","persistentId":"d012abd4-91a9-4598-b6a8-1971de758b54","__parent":"Amb_2D","position":[-317.4387512207031,-737.308349609375,47.10470962524414],"cloneOrigin":"Freesound_Insect_Chorus_30","rotationMatrix":[-0.8525193333625793,-0.5226956605911255,-1.459284248994663e-09,0.5226956009864807,-0.8525188565254211,-0.0006905343034304678,0.0003609373816289008,-0.0005886928411200643,0.9999997615814209],"scale":[48.14052963256836,28.02105712890625,290.0479736328125],"soundAmbience":"Freesound_Insects_WC"}
{"name":"Freesound_Insect_Chorus_32","class":"SFXSpace","persistentId":"c616859d-ddfe-4735-982f-ce169b0cd72b","__parent":"Amb_2D","position":[-296.2820129394531,-749.5824584960938,47.64796829223633],"cloneOrigin":"Freesound_Insect_Chorus_31","rotationMatrix":[-0.9952001571655273,-0.09785738587379456,-5.156834959052503e-10,0.09785735607147217,-0.9951997399330139,-0.0006905345944687724,6.757280061719939e-05,-0.0006872187950648367,0.9999997615814209],"scale":[14.90593528747559,24.74563407897949,290.0479736328125],"soundAmbience":"Freesound_Insects_WC"}
{"name":"Freesound_Insect_Chorus_33","class":"SFXSpace","persistentId":"e1b17aa2-6e9e-4dfb-bb14-725b2bca805b","__parent":"Amb_2D","position":[-304.8129272460938,-772.08154296875,48.82136917114258],"cloneOrigin":"Freesound_Insect_Chorus_32","rotationMatrix":[-0.7941834926605225,0.6076778173446655,5.011315806768835e-10,-0.6076778769493103,-0.7941831350326538,-0.0006905343616381288,-0.0004196226364001632,-0.0005484095891006291,0.9999997615814209],"scale":[15.94008255004883,35.9637565612793,226.7932891845703],"soundAmbience":"Freesound_Insects_WC"}
{"name":"Freesound_Insect_Chorus_34","class":"SFXSpace","persistentId":"67269f63-685c-4522-865d-ad68a2f81bbb","__parent":"Amb_2D","position":[-320.5071105957031,-804.8740844726563,53.80974197387695],"cloneOrigin":"Freesound_Insect_Chorus_33","rotationMatrix":[-0.9435542821884155,0.3312180042266846,1.2732925824821e-11,-0.3312179148197174,-0.9435538053512573,-0.0006905350019223988,-0.0002287178649567068,-0.0006515553104691207,0.9999997615814209],"scale":[27.97787284851074,45.50211334228516,226.7932891845703],"soundAmbience":"Freesound_Insects_WC"}
{"name":"Freesound_Insect_Chorus_35","class":"SFXSpace","persistentId":"3f353009-bb82-43fc-8e20-c6c8f5020fc8","__parent":"Amb_2D","position":[-368.2892150878906,-807.1507568359375,60.95973587036133],"cloneOrigin":"Freesound_Insect_Chorus_34","rotationMatrix":[-0.8040197491645813,0.5946023464202881,6.075424607843161e-10,-0.5946022868156433,-0.8040192723274231,-0.0006905345944687724,-0.0004105934640392661,-0.0005552020156756043,0.9999997615814209],"scale":[58.43984603881836,189.1097564697266,246.3128662109375],"soundAmbience":"Freesound_Insects_WC"}
{"name":"Freesound_Insect_Chorus_36","class":"SFXSpace","persistentId":"e5b0a154-c37b-4a0e-8341-0d3ac625a01c","__parent":"Amb_2D","position":[-468.1492614746094,-847.0767822265625,63.71023178100586],"cloneOrigin":"Freesound_Insect_Chorus_35","rotationMatrix":[-0.6131736636161804,-0.7899488806724548,-2.460183168295771e-09,0.7899487018585205,-0.6131733059883118,-0.0006905348272994161,0.0005454851198010147,-0.0004234177467878908,0.9999997615814209],"scale":[27.79721260070801,189.1097564697266,246.3128662109375],"soundAmbience":"Freesound_Insects_WC"}
